"","DU0098","DU0099","TT0040","TT0041","TT0046","TT0047","TT0044","TT0045","KL0014","DU0091","TT0048","DU0093","DU0094","DU0095","DU0096","DU0097","DU0010","DU0011","DU0012","DU0013","DU0014","DU0015","DU0016","DU0017","DU0018","DU0019","KL0006","KL0005","KL0004","DU0087","DU0085","DU0084","DU0083","DU0082","DU0081","DU0080","DU0088","TT0050","KL0009","KL0008","TT0055","TT0054","TT0057","TT0056","KL0003","KL0002","KL0001","CH0050","CH0051","CH0052","CH0053","TT0042","DU0009","DU0008","DU0007","DU0006","DU0005","DU0004","DU0003","DU0002","DU0001","CH0010","CH0012","CH0013","DU0090","CH0049","CH0043","CH0041","CH0040","CH0047","CH0046","TT0062","CH0044","DU0100","DU0078","TT0049","DU0072","DU0073","DU0070","DU0071","DU0076","DU0077","DU0074","DU0075","KL0012","DU0038","SG0009","SG0001","SG0002","SG0003","SG0004","SG0006","SG0007","DU0069","DU0068","DU0039","CH0038","CH0039","CH0036","CH0037","CH0034","CH0035","DU0065","CH0033","DU0067","CH0031","TT0034","CH0024","CH0027","SG0017","TT0043","SG0012","SG0010","SG0018","DU0054","DU0055","DU0056","DU0057","DU0050","DU0051","DU0052","DU0053","DU0028","DU0058","DU0059","CH0028","TT0008","TT0009","TT0006","TT0007","TT0004","TT0005","CH0021","CH0020","CH0023","TT0001","TT0058","DU0043","DU0042","DU0041","DU0040","DU0047","DU0046","DU0045","DU0044","DU0049","DU0048","CH0019","TT0019","TT0018","TT0015","TT0014","TT0017","TT0016","CH0014","CH0015","CH0016","TT0012","DU0061","DU0060","DU0063","KL0010","CH0002","TT0059","DU0062","SG0013","DU0064","TT0061","CH0006","CH0005","CH0004","CH0003","CH0030","CH0001","DU0066","DU0036","DU0037","DU0034","DU0035","DU0032","DU0033","DU0030","DU0031","TT0020","TT0021","TT0022","TT0023","TT0024","TT0025","TT0026","TT0027","TT0063","TT0028","TT0029","TT0037","TT0036","TT0035","DU0079","TT0033","TT0032","TT0030","TT0039","TT0038","DU0025","DU0024","DU0027","DU0026","DU0021","DU0020","DU0023","DU0022","DU0029","TT0053","TT0052","AL0003","AL0002","AL0004"
"DU0098",0.5,0.00202560919688844,0.0011791115462798,0.004363431403184,0.000985396116953918,0.00188414494581246,0.00102497123089043,0.00104236519483338,0.00108098569048422,0.00236468747236832,0.00105104245707548,0.00236763712411414,0.00349794366991049,0.00541687570128551,0.00345223830796244,0.00142219472580739,0.00232720517664203,0.00134007179466537,0.0011223852563017,0.00099861017315105,0.00229704971050295,0.00103997749602611,0.00177115085918332,0.00113565079974955,0.00418251487582066,0.00114718298961083,0.00103322573385116,0.0011044913046587,0.00416553363021237,0.00209667618533444,0.0025731097815301,0.00210258044891912,0.00260279232846134,0.00257787436002129,0.00362169850178705,0.00243470856815653,0.00128217391356672,0.00185957693824704,0.0010852280608187,0.0011059780672737,0.00115568652165229,0.00216086718943953,0.00120368303744898,0.00107534703607309,0.00189059085142959,0.00201480597616174,0.00115799806261742,0.0010411203430214,0.00214589815501973,0.00233548074430249,0.00369792033051643,0.00200447449064132,0.00233234746970676,0.00133439861967436,0.00219085234773362,0.008340141135613,0.00546916393615606,0.0049121659932098,0.00486480314893085,0.00191619791737056,0.00531828977750497,0.00101043159148649,0.00101965059662752,0.000901877650098433,0.00455857937179516,0.0010713387816813,0.00202058058140549,0.00229653088595362,0.00187314276788053,0.00109175796648448,0.00120304773691464,0.00223009271450009,0.00101783845511135,0.00191224189852362,0.00220781464671791,0.00224293347309688,0.00238559486614359,0.00108077601153754,0.00261861434776049,0.00233229913010305,0.0036563152192335,0.00224487409797835,0.00322816282478043,0.00239741586422729,0.00100075552772005,0.00204883107546029,0.00140677467983798,0.00426627579518071,0.00450758043993161,0.00184253521751019,0.00116449773617999,0.000933231660769075,0.00128469063059433,0.00138751556001759,0.00372280964699933,0.00202388069070915,0.00205661722351272,0.00221156797205459,0.0010475438284329,0.000986256025616981,0.00103117169677245,0.00471695532675321,0.00340088793239999,0.000997416592108264,0.00240042036416272,0.00101477456683421,0.00109259859092866,0.00114955157947879,0.00113850186662907,0.00465407793319987,0.00105770826012415,0.0012902378784641,0.00105438697450386,0.00425433407691728,0.00217901509502264,0.00359063396298657,0.005904820510282,0.00328156527929469,0.00451229885847749,0.00324048717683076,0.00416544319570929,0.00130359711121341,0.00317046597895901,0.00613832922700872,0.00110799517701049,0.00120783773482988,0.00116990139074672,0.00104972067871535,0.00404214111121806,0.00358466953035227,0.0012313153844729,0.00100120876095009,0.00317753402895885,0.00101430689392992,0.00315952844456855,0.00323823083939462,0.000982210443112926,0.00121433327984797,0.00126226926736225,0.0044181392789993,0.00115468697102774,0.00291934501586956,0.00320827831312174,0.0030489627115557,0.00116230283201227,0.00443647105796369,0.000908035844371485,0.00105001815237153,0.00331162107443644,0.00281576681202211,0.00207443914998186,0.00112122373579769,0.00337131915818211,0.00107721474195724,0.00106646259540763,0.00323815609692441,0.00120872694267743,0.00111203158847979,0.0036574533667378,0.00486728957779704,0.00269690102679783,0.00127167826266355,0.00123412964879343,0.00118129515101464,0.00257110065224811,0.00387351824953003,0.00330751664234026,0.00332697645229154,0.00109647867711493,0.00336626863734852,0.000999129626792081,0.00106457354010673,0.0012052496040335,0.00304218046016549,0.00147018969272196,0.00661430808807261,0.00472553841178198,0.00104785122551681,0.00316370517660711,0.00118436900531413,0.00120844935329384,0.00421799513895371,0.00234482216001221,0.00544388464339267,0.00153028028806064,0.00116410821022132,0.00182317781742312,0.000945321631013572,0.000884594271057554,0.00393658537991083,0.00124519201139015,0.00305968468783766,0.00114681402714425,0.00104255039488005,0.00397401229959794,0.00114935948772027,0.000978108762991446,0.00138499041361446,0.00122161597365625,0.0012231302290416,0.00325566042909334,0.00120216140008461,0.00208735027296236,0.00128035420771368,0.00321701187261877,0.00246408983532595,0.0010615278161428,0.00313314648994896,0.00118226268943559,0.00298971566730832,0.00104305309633374,0.00124687162122132,0.0021690019516896,0.00113217979459167,0.00100953410892855,0.00107309765463288,0.00352037085824621
"DU0099",0.00202560919688844,0.5,0.00344003535295383,0.00198263910821765,0.000969480866994671,0.00172624367971719,0.00109064351814314,0.0011515696928164,0.00223723607317598,0.00412427247672866,0.0012542417198539,0.0020732220995751,0.00202414078801877,0.00190634019904534,0.0018614344219951,0.000954168349723914,0.00221611277698572,0.0010610013883558,0.00113512172530068,0.00122286992380033,0.00199683702965625,0.00209566081729828,0.00492358855241986,0.0011972688767405,0.0010534999272659,0.00457769636121171,0.00125246136285887,0.001227525467546,0.00183574276075176,0.00537840478004961,0.00220682780959338,0.0047961901008958,0.00202338837753371,0.00189120708978234,0.00185090244554799,0.0019698362128098,0.00125333870660062,0.00109137695910633,0.00115817248747828,0.0011253174549057,0.00222869394283034,0.00316779134698668,0.0024642308279069,0.00215633036778974,0.00178078847602856,0.00191067839435796,0.00118180549953077,0.00349383595941152,0.00410929097550926,0.00335891208234067,0.00111806404213785,0.00186232416502745,0.00470441061973153,0.00232425609640654,0.00448248424100856,0.0011488489231569,0.0017200125615654,0.00111400844315092,0.00107738596836395,0.00569070600850104,0.00197232823871895,0.00207771360024528,0.00211445645110893,0.00194185328555818,0.00194301987929272,0.00118243441099686,0.00463146907798764,0.0020213577737087,0.00175797237937648,0.00105934066513096,0.00125953191537625,0.00109728470841168,0.00104960906784281,0.00180463768108978,0.00131196976994635,0.00395615740834979,0.00302418391387953,0.00425675252339755,0.0011831132131946,0.00115605463421148,0.00200764481725501,0.00319694704876035,0.0030749500617748,0.00212807354768513,0.00316314073332289,0.00561146303339823,0.00240855508908234,0.00121355457531797,0.00204335096860667,0.00119926537860306,0.00232778756643509,0.00209704004110546,0.00102190345289849,0.00101423288199103,0.00193580151968053,0.00475740738104334,0.00103610409825747,0.00194660224353976,0.00109638373957668,0.00215403936694371,0.00108068666226219,0.00318122618301392,0.00323022874822924,0.000981497217099596,0.00308682172024961,0.00101977882088645,0.00216404858750131,0.001067786089536,0.000994351748190425,0.00125983917809001,0.00338199311075862,0.00257836965299637,0.00108476360346405,0.00194790194751379,0.00203320697216703,0.00192456676337941,0.00184281781988085,0.00182499647922562,0.00299474372196454,0.00415049414551295,0.00293673278259865,0.00119489568345319,0.00398809377720713,0.00279170731029584,0.00233403011840719,0.00102588095728725,0.0024391363418966,0.00203072146013481,0.00280660948197119,0.00117555272440995,0.00110438952697378,0.00101789635486135,0.00290680723530821,0.0010428380911045,0.00284027801934059,0.00392997277591955,0.00483588274071998,0.00112336849752822,0.00504173188460288,0.00127499499595561,0.00408988385216123,0.00370890284460807,0.00286862813586531,0.00715482321873982,0.00592991210404454,0.00290069933939388,0.00206487468976363,0.00106489069946311,0.00301059319855869,0.00256106205522983,0.00120223122394725,0.00116749103954485,0.00299001315465732,0.00402315013058848,0.00203095151837613,0.00273896951624324,0.00098579270543781,0.00121154531464989,0.00129069401915036,0.00126383765486364,0.00121776765800824,0.00108460671670241,0.00112525582476763,0.00229087771673854,0.00109834103926489,0.0012532951743467,0.00381234855166761,0.00282918686850302,0.00111086473481506,0.00294885284201972,0.00440226695485166,0.00125533041992132,0.000989734323346345,0.00273989562320924,0.00132132965027409,0.00277097424652089,0.00112830744634773,0.00307693078559669,0.00397604936942017,0.00125422290766507,0.00544709799360361,0.00227374435932945,0.00132657027120809,0.00279693183271492,0.00121271710992444,0.00594191822027251,0.000994079878555807,0.0021480355098015,0.00115840049570102,0.00284768803309073,0.00123734170479811,0.00376936919429482,0.00117279011894297,0.00232709862449185,0.00210414017765134,0.00229185574978491,0.00451690832113304,0.00111166218846748,0.00219746092581479,0.000987418434728746,0.00297820438751963,0.00212673743516931,0.00114473523598979,0.00125029213929086,0.00397131757187895,0.00107474071633986,0.00472610442042868,0.00379517656403035,0.00476154895095151,0.00276667992627378,0.00417218365437838,0.00125748560047524,0.00122451147245641,0.00114680969967874,0.00103373955800807,0.00108741781749275,0.00316872026327021
"TT0040",0.0011791115462798,0.00344003535295383,0.5,0.00255704808889111,0.00176375005989217,0.00325654324982552,0.00135902767587702,0.00106373922207488,0.0022155484533171,0.000974100801283624,0.0033395685824427,0.000913269614038774,0.000835186416251544,0.00101504357141742,0.000922153425720704,0.000800131723180235,0.00101073878713817,0.00302389945286931,0.00394800460144209,0.0011530534349213,0.00117141515449395,0.00197593127847507,0.00132153989629798,0.00227601227697213,0.00147046479967992,0.00113989053490029,0.00130810150304556,0.00457675111663683,0.00211615650626181,0.00101359135061856,0.000900568358257389,0.00107130601115916,0.000932622864337193,0.000878664755700024,0.00101820046861581,0.000905373005454662,0.0010982173404809,0.00125598986257551,0.00481422807122861,0.00124276290554593,0.00252878691146902,0.00135210473006955,0.00658581906385179,0.00196485059626611,0.00129682681598316,0.00205989206245378,0.00497746290221353,0.00228066949692878,0.00115109141950972,0.00125220223641869,0.0010793796551975,0.001092573549626,0.00244440071942673,0.00367279706902781,0.00614217405608999,0.0052234197669892,0.00126575422467817,0.00289955465503882,0.00119542168987848,0.00114634290168733,0.00128801849705953,0.00227859506212199,0.00223635457415982,0.00137298027148446,0.00101122554357791,0.00470898326424403,0.00106723815652541,0.00388366558408526,0.00126892906826536,0.00123885755388328,0.00120377785911462,0.00145589931652889,0.00113545153496479,0.00133845417202969,0.000912364532064546,0.00474437700560413,0.000852584215196985,0.00103549361066594,0.00460709469561014,0.00105776576125556,0.000872021778042627,0.000891826538804901,0.000894378308614687,0.000996095127162604,0.00329820860992487,0.00224126825979322,0.00640481035400718,0.00423982384799736,0.00223582374088634,0.00128140395377914,0.00365964274737227,0.00130119246366078,0.00215917452651716,0.000681426577100663,0.00100738150767865,0.00117269091458945,0.00213224266607709,0.00109160306830284,0.00113571699623952,0.00339600187295961,0.00119532801129252,0.00226113727329552,0.000846850287450378,0.00359248434048235,0.00199415643745526,0.00115876102634919,0.0058345590014424,0.00107931122462988,0.00349407902777246,0.00284083481994045,0.0056655872259198,0.00118831393016985,0.00561710716869515,0.00333279600593238,0.00110333449014001,0.000852921027264857,0.000978894871898711,0.000834468100509312,0.000754838856919388,0.000855268254341561,0.00276839469221529,0.00098576654091507,0.00309411085252513,0.000854969692541056,0.00086161192323049,0.00376954220992646,0.0052262369263495,0.00211165156639589,0.00341437695996028,0.00138469591043023,0.00119460180875562,0.00478651921884061,0.00103402421678966,0.00124967265167969,0.000915314127495701,0.00210946155824142,0.00121489217049592,0.00778990732757386,0.00551892300155195,0.00524130049692994,0.00499715967230553,0.00192370966497017,0.000960906541566479,0.00209292250841092,0.00582345407576374,0.000751268380255889,0.00232339930899472,0.00117250596125902,0.00108871929025317,0.0031214290425895,0.00107055614124468,0.00428940664873497,0.00102245166311813,0.00150939606100534,0.00218486637680688,0.00106433534479993,0.00113476527107755,0.00337989374212503,0.000971496785724346,0.00141975061965366,0.00414606664265735,0.00352553562764186,0.00323599901486287,0.00650319839023841,0.0050904831964772,0.00118390412537172,0.00074598352275573,0.00103883873800568,0.00117760088519452,0.000837999379251097,0.00123660659106723,0.00150265875438694,0.00125384840566749,0.00138600915579718,0.000882075322073681,0.000997263081677456,0.0045489952185681,0.00334614031541741,0.00204638249997795,0.00440530084498229,0.00557636201765993,0.0054259077441473,0.00134889913168261,0.000939483999380259,0.00521111632250911,0.00252478025181032,0.00144404775770496,0.00133290290290003,0.0023806975691198,0.00100167622469728,0.00553180411192971,0.00202636756530339,0.00119209066658231,0.00431587675442794,0.00222545138006649,0.00573317755527221,0.00135919717284596,0.00150023337107516,0.00286705099445561,0.00120937163583093,0.00398207880542904,0.00441823314722383,0.00746278302913594,0.00140409982763372,0.00434268688034957,0.00113421921944302,0.00114147254445738,0.00193365818470039,0.0054181898605493,0.00102517710474148,0.00111031549500079,0.00472908753713975,0.00131286230413855,0.00403032538311608,0.00324128422462677,0.00348916788650871,0.00111153642085642
"TT0041",0.004363431403184,0.00198263910821765,0.00255704808889111,0.5,0.00167854622721302,0.00441706838095256,0.00252295599189651,0.00137556935969508,0.00123365475678446,0.0019590398106088,0.00224263103122317,0.00198575998576735,0.00209273042441789,0.00192414528347009,0.00196602513914958,0.0011046477367486,0.00205807026820044,0.00122647005344189,0.00119773849946253,0.000995809262059253,0.00216586334263141,0.000994571745550803,0.00459713364985958,0.00404572585048953,0.00110292682095466,0.0010989981566729,0.00449866730329704,0.00148552963733342,0.001212854614768,0.00190370862040141,0.0020686599762275,0.00112867332583482,0.00203066297704504,0.00194729914118818,0.00195186374794651,0.00190073480591681,0.00120944064751516,0.00321468715116559,0.00116167262494238,0.0014767047533858,0.00130271336770532,0.00220895452141393,0.00132542489672894,0.001030272248941,0.00232985340054898,0.00200985231784945,0.00120505599335646,0.00120913055636603,0.0022868789713093,0.00242903475285489,0.00128351722078944,0.00201316605864036,0.00223207915628749,0.00122660551056497,0.00349502665727032,0.00124716154003778,0.0019902652864351,0.0011101820161453,0.00111040648757664,0.00187293963937094,0.00221481463790213,0.00140766909531539,0.00136127967115915,0.00208678191099223,0.00199375513001141,0.00115259673519433,0.00117525254767382,0.00456650386008384,0.00467263753757842,0.00241720274608691,0.00120302792770891,0.00133802244002674,0.00129659457715656,0.0060788439490087,0.000897544865072655,0.00198802515751515,0.00188100699127342,0.000881174138314108,0.00103884513432382,0.00207032475485734,0.00189952887221676,0.00190606897369748,0.00191692544662956,0.00213792209542616,0.00116709860892547,0.00204638343703149,0.00121274027845699,0.00444405899283531,0.00110745805946928,0.00202141782858274,0.0038671900691422,0.00222837040327101,0.00131895301723729,0.000907409697512906,0.00210552961648308,0.00197402545411685,0.00323007117161679,0.00208443905618378,0.00122908378176596,0.00154443374262821,0.00115466916431353,0.00222175393218607,0.00197081026555371,0.00365107195703351,0.00199074205641273,0.001388973452331,0.00149384183285951,0.00114035627862877,0.00249924485648485,0.00116519712036437,0.00141680868818007,0.0010351710009129,0.00453536828105505,0.00432078893412164,0.00202078240147242,0.00192164855475437,0.00196516517389158,0.00272618404044775,0.00307690103754241,0.00297519595423257,0.00312798929879562,0.00107772312634612,0.00337975390371424,0.00285869679726598,0.00108198115742839,0.00351184371179971,0.00146161761374739,0.00120292599734274,0.00738322891039159,0.00336169118760517,0.00224028266452504,0.00249540560530757,0.0031402032247214,0.00133331277118768,0.00301751130245974,0.00581544885853245,0.0010795854413405,0.00259234605726692,0.00211444859408734,0.00121242286940472,0.00121826737387754,0.00290933198267755,0.00313417830488873,0.00295814204379805,0.00108134043435239,0.00304652015297212,0.00115676386491976,0.00131799962053395,0.0032278964178681,0.00565258143716952,0.00455486763455547,0.00447728881473428,0.00320059987096102,0.0013488398969866,0.00121293402164322,0.00303858510692449,0.00450188366893229,0.00225490987361876,0.00310096493137146,0.000983928494177435,0.00113545547068221,0.0023382123089741,0.00828591606567824,0.0023475077182975,0.00107936328616116,0.00130035394445525,0.00281984796506326,0.00309645826364144,0.00139844782345734,0.00306886297368089,0.00117559359563817,0.00240582248894594,0.00134982264513855,0.00791469576220599,0.00114534916842385,0.00292259231782999,0.00136578067740186,0.00150091648002945,0.00309156244655068,0.00114967188872906,0.00109361581086301,0.00105691521313893,0.00109232346547428,0.00297582008244554,0.0022430069239328,0.00105109792249655,0.00429673305234381,0.00117853838965697,0.00155100640687765,0.00386100243086145,0.00459431561906554,0.00314966642800189,0.00140713428780367,0.00123468827049347,0.00117996133592047,0.00118286709908016,0.00111743273578601,0.00123817853509827,0.00129614459026279,0.0014650546144692,0.00535838023638532,0.00159509698274911,0.00364403611961621,0.0022206030165376,0.00334528547965952,0.00108755109512043,0.00110812281095037,0.00306994744811143,0.00108424530299976,0.00295653953182645,0.000910819610577517,0.00119752389924476,0.00550104055779902,0.00237782012769088,0.0053703088415877,0.00255974369088105,0.00326293899915138
"TT0046",0.000985396116953918,0.000969480866994671,0.00176375005989217,0.00167854622721302,0.5,0.00858923441377487,0.00679322703782869,0.00326694887023022,0.00126066664623059,0.000736643291260301,0.00315721394572312,0.000705767672415432,0.000758128435112067,0.000793931087015635,0.000824408533189776,0.000811760190688289,0.000795526885729387,0.000875233153199391,0.0043986612370897,0.000866140825520687,0.000942229385448182,0.000882472272708358,0.00395455673395296,0.00486014621635408,0.00524124883154116,0.000959601898558079,0.00123013259367458,0.00208710251272275,0.00081830946267356,0.000821170560264642,0.0007554954374165,0.000941304358312224,0.000789660860256034,0.000793129846153065,0.000874099898112809,0.000713336371092401,0.00103411437126282,0.00570006419475943,0.00325315475456332,0.00483381334106179,0.00534306247436691,0.00108621853250456,0.00433868059384474,0.000822493724431435,0.0058663381691154,0.000958653337113593,0.00162771902056148,0.00403962973135079,0.00129711311121322,0.00205055136428477,0.00132755084274047,0.00096017823364498,0.00113017509555365,0.00107195771104282,0.00115675649036884,0.00428879170876085,0.00103637504987443,0.00100770314996255,0.0010000547233588,0.000903208367452659,0.00249315012669288,0.00157957698018715,0.00148577984705079,0.0115774613733703,0.000853241096434516,0.00543077007924955,0.00146445348587204,0.00363456212523506,0.00558631987463372,0.00168988942168163,0.00603782432275883,0.0051505834922955,0.001321643333126,0.00248914189484052,0.000635303438234341,0.00113966429682589,0.000694472834901327,0.00114925099117688,0.00359867949811163,0.00107351828035872,0.000726182720620383,0.000695348790289719,0.000706825359496152,0.000882791949408167,0.00282284992021336,0.00104308138639248,0.00419368482870347,0.00159020972673568,0.00432781793755483,0.00145055947271793,0.00142127124354483,0.00627138727227049,0.00125767607216448,0.000608152669238935,0.00096221890517144,0.000970648876137466,0.00227826058281486,0.000918295864760043,0.00165651291942094,0.00265372981189602,0.00569666410929381,0.00089114751114936,0.00071162711397813,0.00533115297353661,0.000727370574076838,0.00150757592985185,0.00674544065097049,0.00448205621233087,0.00331675230296524,0.00094442164919641,0.00314123820778384,0.00135703049313367,0.00917602865328319,0.00333437673073627,0.0010182387285804,0.000744043505963613,0.000850045414941131,0.000755049229420057,0.000632262161147857,0.000788422438825149,0.000899654355579053,0.000934634660461367,0.00189070354782345,0.000723435145356353,0.000804316919295816,0.0064098077828519,0.00136355959106054,0.0019605917300315,0.00349822724065944,0.00128814407656458,0.00620335158880288,0.0145680981587643,0.00179606840098965,0.00652534698151349,0.000778106356846466,0.00199346918164058,0.00102993199470611,0.00338211571677667,0.00162082966540194,0.00410331081893475,0.00327227144773679,0.00103589624735801,0.000894508497266835,0.000873078986376016,0.00118796334722924,0.000644685166796913,0.00239972502521233,0.00263272575951453,0.0009026957714275,0.00270370189052642,0.00111204770795285,0.00823235250969404,0.000833559764950826,0.0100105550838297,0.00496488736025972,0.000963479150645572,0.000914849288860779,0.00107133474234997,0.000918329839903677,0.000821076232472039,0.00239611191311045,0.00312115015693718,0.00577960620338693,0.00171945624357115,0.00148684410042111,0.0010710946130645,0.000617710086501122,0.000871674482315885,0.00144118790323356,0.000776527042668484,0.00163261257840631,0.00159690056417351,0.00143041131323432,0.00364455854679166,0.000896763439240219,0.000781703732816446,0.00193740315792216,0.00329447907216499,0.000958042957958482,0.00119309037525296,0.000970433379730001,0.00091865096500568,0.000980749846160942,0.000762529545996512,0.00118118264352717,0.000942232462066255,0.00536614995595709,0.00197398842514255,0.00550584230000678,0.00261041566742415,0.00629255897198685,0.00287141403094935,0.00185109195829826,0.00105315655881019,0.00149570568514294,0.00337427150997333,0.00113146840581452,0.00532184794475634,0.00500340190543896,0.00110835845937056,0.000832749610941316,0.0064528777698513,0.00425944541762705,0.00119239739352113,0.0010229731447282,0.00411478089950793,0.00100369478189102,0.00085530964757073,0.00138199871887933,0.000849631715667155,0.000717464837940789,0.00110787197736393,0.00511064083112987,0.00119995767012679,0.00462084162012673,0.00398647842254937,0.00084321094631811
"TT0047",0.00188414494581246,0.00172624367971719,0.00325654324982552,0.00441706838095256,0.00858923441377487,0.5,0.00399325625364135,0.00268856135106636,0.0010601288023278,0.00167393385278382,0.00317339278545723,0.00169406935878971,0.00170797640719117,0.00168079870620639,0.00249461532363985,0.000948400974763719,0.00176711050986478,0.000885645864477338,0.00123988786149346,0.0010017742252371,0.00177679646829819,0.000996458559465562,0.00422284552445745,0.00207249792055196,0.00117348502291072,0.00100258709826793,0.00109818877672091,0.00358566541199816,0.000804410244830648,0.00163167626117423,0.00173357573613287,0.000975354692014255,0.00171573651748813,0.00165535309306944,0.00343153524701876,0.00164257636657842,0.00112100478189867,0.00325582624685352,0.00108657155788278,0.00416923887625019,0.00223540657314517,0.00189029799415441,0.00137502728049524,0.0010203431362536,0.00596196144272607,0.00174120305950523,0.00119334916584449,0.00124962662885758,0.00118799830315475,0.00206731282867861,0.00116179729252397,0.00171429569421598,0.00191561251683097,0.00111936299943511,0.00200831144070065,0.00138596190213713,0.00437740624025475,0.00294973470121186,0.00101828905568519,0.00159418807012088,0.00208845203866344,0.00122111027958941,0.00118452485888298,0.00651198760601728,0.00261620532554387,0.00113159310809308,0.00125061610426196,0.00490157861339358,0.00565076847704355,0.00144480184819933,0.00390230077310935,0.00222983549787059,0.00121989641716314,0.00225489135094066,0.00086933436733278,0.00290731681109671,0.00157950770476671,0.00106466595940455,0.0010769644393193,0.00304703325652571,0.00160813269343268,0.00161699241735263,0.00160218156350086,0.00182597033024343,0.00107735932497346,0.00173373133093428,0.00120304832565641,0.00158733691066603,0.00114071256548341,0.00126220860495465,0.00128096566174355,0.00559255169368156,0.00359663180393743,0.000766079628462985,0.00261190370363272,0.0016720964071206,0.00139504680944797,0.00172944272376016,0.00120517070653862,0.00340640214764042,0.00113440852378653,0.00187128600770783,0.00166634889649356,0.00630707584925764,0.00171849655787415,0.00119028188333206,0.00381208484567934,0.00115396753465548,0.00455972827278684,0.00103086821604221,0.00229023161168718,0.0030581831263447,0.00664125067034792,0.0030087587388398,0.00171481514584476,0.00163006839619846,0.00249815465493397,0.00246689157720472,0.00254198104009192,0.00252074860929028,0.00255750429407118,0.000984618240755116,0.00499831400633603,0.00245720519136156,0.000885198497467523,0.00459159778364838,0.0033516088826792,0.00108340512212538,0.00528369671269328,0.00124073836487012,0.00147114183843285,0.00645333125342641,0.00264264393993984,0.00299945082600935,0.00250765592735524,0.00371639669349253,0.00105693066950411,0.00587912246565953,0.00123490829673037,0.00122942860706888,0.00214831552894943,0.00248567643994714,0.00257052702926322,0.00252930240186545,0.0010247789391162,0.00253013022894076,0.00188813059559994,0.00117804059427486,0.00273853501454428,0.00678891352141159,0.00177036064356799,0.00423940986122094,0.00267706858955162,0.00505741933083698,0.00117666415139304,0.00433781439066686,0.000846001272050394,0.00118853178610307,0.00106491217040844,0.000948671284297589,0.00308060174390023,0.00432643149532404,0.00401159736830331,0.00124764820040928,0.00272272822699336,0.00108918922572005,0.00238411479691478,0.00354377281082292,0.0013059261865589,0.00258242657096051,0.00116788255733622,0.00136525905238183,0.00317632940492945,0.00547737078363385,0.000997734703947083,0.00246466540104187,0.00359946187878961,0.00329949184116574,0.00259009814481857,0.00104370161575359,0.00100248145694753,0.00101499002971235,0.000941847157446607,0.00247850346478506,0.00101675395519089,0.00103533297104582,0.00464823811997329,0.00108484211969736,0.00466971727210663,0.00259068358126032,0.00363808455773794,0.00447099910154682,0.00102865413784087,0.00322953822349979,0.00112613543415789,0.00112012800728241,0.00107922767576323,0.00127165636855391,0.00132298898393074,0.000932316098186641,0.00267292739100492,0.00398928157067818,0.00160483013057726,0.00114596464954546,0.00477421324941015,0.00109358847626331,0.000972749036894044,0.00262743323154665,0.00109234711309833,0.00252803415198041,0.000891486790826824,0.00110808030035739,0.00398569685324229,0.00208932798671261,0.00401149274726218,0.00360460694313031,0.00270238330043972
"TT0044",0.00102497123089043,0.00109064351814314,0.00135902767587702,0.00252295599189651,0.00679322703782869,0.00399325625364135,0.5,0.00291804119488943,0.00586344620724588,0.000935992255559261,0.00750228208576004,0.000905234071884888,0.0010017055294081,0.000830460151697569,0.000927519626059031,0.00239540202926706,0.000977578413993504,0.000877945022090245,0.00108601406649989,0.000832068015833544,0.000971184710811267,0.000868749780855577,0.00318398702155702,0.0011798967077069,0.00103629372067608,0.0043158040033781,0.0074943791880407,0.00332486168847299,0.000839842979976515,0.00100748930238386,0.00101584078511745,0.00550920973559076,0.000881914541728993,0.000868380572875127,0.00232382009324568,0.000798928370761444,0.00546200009535608,0.0100102806744888,0.00266195034209532,0.00815436636414629,0.001352354075341,0.00126469097788547,0.00339640211761453,0.000923950111443061,0.00411475303557659,0.000940937019558561,0.00110626679773128,0.00114278515608712,0.00136257660010926,0.00223005710050825,0.00117727811391868,0.00101316788462764,0.00108689786757353,0.00160117340695495,0.00114302292284449,0.00195028854391623,0.00106652858335262,0.00197295244400021,0.00414071526893808,0.00102946970201546,0.00277768942786572,0.00150575888213022,0.0022300391931438,0.00451619288228556,0.000898132462204676,0.0019976478391441,0.0011757311439477,0.00440683318629358,0.00383018550173047,0.00149256489759384,0.00363809598737215,0.00131830966812731,0.00117801511325874,0.00226047812465408,0.000725310814201585,0.00118838787747931,0.000853299757431494,0.00131488910399557,0.00108298748367129,0.00609338085142546,0.000803398692072198,0.000876355552845823,0.000910235768554953,0.000900052758196533,0.00640214856761268,0.00102162704479383,0.00116154953999051,0.00142537280399371,0.000985684810482055,0.006931960857642,0.00588725727378134,0.00748476940046302,0.00486168238481144,0.00120338533378623,0.00093086975278539,0.000983507542553326,0.00144153249189163,0.000993312990423943,0.00102417423796622,0.00137298620711903,0.00192128133502217,0.00112212460967402,0.000890323397725495,0.00359196491274597,0.000906170279456664,0.002158816758167,0.00335521097897221,0.00185736538652673,0.00354684645176264,0.00137967166623108,0.00592287622427862,0.00121426780613242,0.00589582195909629,0.003345409139116,0.001142488039127,0.000846346354470786,0.000925459989346185,0.000897315901072231,0.000771279383275593,0.0018004495879216,0.00102549631488379,0.00421405383047475,0.00288424304022788,0.000714191156078529,0.000960605863045573,0.00320463670278079,0.00360663892632846,0.00507234895564091,0.00280574443917549,0.00202196816304392,0.00310702729561495,0.0044307113432318,0.00322614448270922,0.00311398094182264,0.000795359075683049,0.00115482305074796,0.00439845282987205,0.00153912608414056,0.00198784575132589,0.00112395867125587,0.00197591117900635,0.00166937348581196,0.000909330775697429,0.000953159829343676,0.00110564786927106,0.000803045361444603,0.00184150597108642,0.00262245388372699,0.000872680545967626,0.00126520296346474,0.00205570245181668,0.00436187310041858,0.000856264075757529,0.00359135277518078,0.00190924459620426,0.00104155270956244,0.00155831943642069,0.00481866253619132,0.00566497501606706,0.0011204564129847,0.00283619724735645,0.002950348765973,0.00157058608449984,0.00324979317937592,0.00103365268973054,0.00563334813926992,0.00074756638419754,0.000975109089745462,0.00224955452453104,0.000899651615478568,0.00125333623132636,0.00331519408077272,0.00130688088883598,0.00297160800918809,0.00576086972080296,0.00073571255011517,0.00131568500565585,0.00132065177234499,0.00103324446132211,0.00209088907108562,0.00127165471481468,0.00113982953965922,0.00138695575161016,0.000725595287765328,0.00103203223152443,0.00160610588460954,0.00492880233024279,0.0052947563415719,0.00367105239244718,0.00285674378487418,0.0033584858643055,0.00287155302416679,0.00197444878034124,0.00105368387047627,0.00107644283369887,0.00346069991805607,0.00448727228186849,0.00113101021724665,0.00130444178932905,0.00108375145296607,0.001009952974994,0.00145315179717977,0.00403801023297976,0.00428322289394886,0.00107651889560352,0.000921288071928194,0.00529965231108244,0.000818282561742465,0.00114594882662169,0.00081741096739306,0.000861541669540197,0.00107485191925586,0.008041062757839,0.00289067029788275,0.00432142276694548,0.00402223940814534,0.000910013345509868
"TT0045",0.00104236519483338,0.0011515696928164,0.00106373922207488,0.00137556935969508,0.00326694887023022,0.00268856135106636,0.00291804119488943,0.5,0.00117318123463881,0.00139206841860766,0.00302207689824206,0.00327142338172195,0.00109993149501656,0.00297798185781368,0.000888371068797923,0.000965558726912308,0.00229585048793369,0.00401975998935344,0.00106594461033003,0.00971640906850662,0.00109837098479105,0.00934085256993322,0.0010586891514022,0.00115488071986769,0.00104840282538145,0.0013135805978014,0.00225262360847776,0.00306825266250195,0.00463725490906542,0.0022206936799292,0.00114171941255983,0.00113857411659211,0.00119107803235447,0.000890578809015254,0.000848991613361799,0.0021652785798805,0.00102300232158361,0.00192974820720282,0.00367641721459236,0.00104536782826104,0.00207911942792838,0.00207885409883543,0.00105664178887423,0.013989252074021,0.00106971810552428,0.00116026702227381,0.0011429394262926,0.00115610202426353,0.00139706989541627,0.00314206483306227,0.0021361359481336,0.00115836387493964,0.00103576964790041,0.00110813444863221,0.0011423113564155,0.000848099014603537,0.00077939971367407,0.000824478407831557,0.000974815493349629,0.00117196140912701,0.000922706889768172,0.00139767084297841,0.00329056684519545,0.00103392365962434,0.00102997752020938,0.0037837777638293,0.00119414258090054,0.00291199761038062,0.00109359465675454,0.00323680699466085,0.00211198972245834,0.00108419717933058,0.00126545308172133,0.00331195019860096,0.00990406948724644,0.00095432825918171,0.00128265193229845,0.0021511739973073,0.000890048233590214,0.0010060636817481,0.0012341836245363,0.00230983967266059,0.0030518789436841,0.00112265627996486,0.00278665738161119,0.00107394328870727,0.00100783627903005,0.000974802894870645,0.00103064015606043,0.00243659126183246,0.00111224574214544,0.000999811621754195,0.000882391848124494,0.00103554770729331,0.000841684167137866,0.0011271827796137,0.00134515848604266,0.00113894348861717,0.00118358986847199,0.00211779537681797,0.00373690692026183,0.00306734178644353,0.00130489315402082,0.00116020982091763,0.00139666990534224,0.00127293220893662,0.00332874763107671,0.00343681662109485,0.00283313155640159,0.00120301777117531,0.00205880422336597,0.00093873688645662,0.00101981356937065,0.0010066244099652,0.00445560719825967,0.00106913455497375,0.000811033539502664,0.00096790554946231,0.00107095493314064,0.00102722180997106,0.00207620487258469,0.00129577607592578,0.00375275435198531,0.000786016206822146,0.0263371779986218,0.0010254055429562,0.00116401113226909,0.00380104961170709,0.0027399326147042,0.00122476169819095,0.00127893776779169,0.00104609299811875,0.000990283951207535,0.00382495224459761,0.000957788583663934,0.00180338912750824,0.00212888835343312,0.00093271316239505,0.00111284334377167,0.00103198504378072,0.00107935619569515,0.00330688395429094,0.000997421260878505,0.000961803817069547,0.00110018083605484,0.000786451723672225,0.00212337546841433,0.00411863443929759,0.000958154986728703,0.000904465006121779,0.0292442145415885,0.00177430513880973,0.000929894951229194,0.00114256616286349,0.00389609111669378,0.000868449824554967,0.00896634510435164,0.00301617434933367,0.00104960683334163,0.00103597216136338,0.000984169138477418,0.00263651089469681,0.00280888755132116,0.0011064303880698,0.000802729506413898,0.00103933416940517,0.000942000931218518,0.000886994592082929,0.00320651799924643,0.00102767315626337,0.00215270415890082,0.00119399700711393,0.0011614205850851,0.00300394836307158,0.0011321527438701,0.000857422519220888,0.000815572455506486,0.00113728662358303,0.00297718436922023,0.00447912248474466,0.0011371502408876,0.00106682343188146,0.00115593109500814,0.000862801781633698,0.00116725343976079,0.00127833043950106,0.00338099236299662,0.00453283207629809,0.000912171990996573,0.00367962813748843,0.00108733341269749,0.000993291526805859,0.0188180942443201,0.0107320766244328,0.0019313559156188,0.00389980557605158,0.00191865879794085,0.000970443055350078,0.00110160904841367,0.006620378480767,0.000951469904123288,0.00203873444297504,0.0031822311570694,0.00118571581197345,0.00193984572695418,0.000973610651834323,0.0011325594509503,0.000953939712508259,0.00310368283339738,0.000961919273340038,0.00952834422053945,0.00103896864756835,0.00108669392181358,0.00107214664393429,0.00133816694296634,0.00411372045566925,0.000972509482634066
"KL0014",0.00108098569048422,0.00223723607317598,0.0022155484533171,0.00123365475678446,0.00126066664623059,0.0010601288023278,0.00586344620724588,0.00117318123463881,0.5,0.00101977289279429,0.00706634695159641,0.000922149535067942,0.000995435718757938,0.000890043059674147,0.000912098873370403,0.000853790338468272,0.000982976106482949,0.00246088988693061,0.00209428418976965,0.00115364414626408,0.00139299370903249,0.00196238300042259,0.00109865494612932,0.00125539975784826,0.000960037452975091,0.00298575554793974,0.0101284306430212,0.00293104029686458,0.00321284671212709,0.00108365245453106,0.00107735927675738,0.00713719128206673,0.000979845506432563,0.000903601058656941,0.000913713622125684,0.000844106914202404,0.00700264318945272,0.00734782776189923,0.00211386805711254,0.00552164895713797,0.00133067534513718,0.00463232013355754,0.00245045723713738,0.00116355491993395,0.00308061570001669,0.00428723556576291,0.00414266770431447,0.00213284086602756,0.00127221671087931,0.00142748968307574,0.00407544970544037,0.00321026568294969,0.002331655002883,0.00374834884797066,0.00235132250585382,0.00107255797682036,0.000968589950017122,0.00134955779179209,0.00303488760973333,0.0021128301612394,0.000998824755977974,0.00244684985675398,0.00229107293671125,0.00110720309268228,0.000866851390846402,0.00213570777635703,0.00106327795742997,0.00110755689604703,0.0012293170574755,0.00346164069663136,0.00119757378016298,0.00296102317000908,0.00398525162565601,0.00114240868915594,0.000795445735309197,0.00106102225587611,0.000942492308730044,0.00133911444933865,0.00109809289460258,0.00501051638070931,0.00086445202054861,0.000928623535882347,0.000948893038277646,0.00101955878089963,0.0210971922910508,0.00220361480227687,0.00321298082503087,0.00122227463600842,0.00282390425097382,0.00600404884583961,0.00662740273198724,0.00580481877582508,0.00278970489847922,0.000800639583477416,0.000939938517106353,0.00209165159955581,0.00292228562830927,0.00414690482416745,0.00125741646884783,0.00116035035152853,0.00206789228944485,0.00414165044447226,0.000954868398751541,0.00115038907836226,0.000968580781479436,0.00406820565037194,0.00218456474017236,0.0011198401144029,0.00106358209697359,0.00153121092833021,0.00651983589709495,0.00105753822146074,0.00114154904728691,0.00132408065014734,0.0011858618502135,0.000899199201238766,0.000890063994302116,0.000864741831054476,0.000819076147984913,0.00107043246397991,0.00105470440501156,0.00296860616591982,0.000986686120669576,0.000778066140177894,0.000932652172019001,0.000981962241317277,0.00566062172426933,0.00400564328889919,0.00093251395098741,0.0044280091540472,0.00113464468894469,0.00329201374802919,0.00131546293108532,0.00119914232187154,0.00114527178870477,0.00294993435503264,0.00307640756026189,0.00104095393197213,0.00112816466598514,0.00213507337732848,0.00101490474458743,0.00116009061045339,0.00351235735000481,0.00192838593682716,0.00213435945102036,0.000830262547601573,0.00127891422602277,0.00129020619935208,0.00113167836810443,0.00084337363659992,0.00123328122011893,0.00099368778542093,0.00116212968120167,0.00109884321011586,0.00216585710727883,0.00284076006646309,0.00264846265217937,0.00454497412400189,0.00731237986173558,0.001221512184345,0.00125328445907988,0.00163684890357917,0.000879498837044722,0.00415742073071408,0.000928820967474171,0.00755246547138178,0.000803155873794441,0.00268319892916537,0.00137269215700848,0.00321811577732727,0.00116166383705324,0.00502239559978036,0.00123596323474927,0.000831541008594602,0.00732784892400626,0.000988362816190636,0.00102897018321676,0.00129500818232604,0.00121553278640313,0.0014389647387217,0.00236278417044504,0.001227069601342,0.00366537257825008,0.00108099535523582,0.00209233534406222,0.00169984611713245,0.00121796319308816,0.00519841005612525,0.00103005473180119,0.00107381165601754,0.00129705002771466,0.00390999054514911,0.00406084143971511,0.00105708178314362,0.00114391260127398,0.00144703546483147,0.00405238609088907,0.00108473168864682,0.00506112760180458,0.00464515461340539,0.00222788953976297,0.00123617122854869,0.001252330751472,0.00296983846799659,0.00102111791480718,0.001039315006406,0.00698002304062427,0.00200491192496389,0.00104865249198547,0.00191618183864298,0.000941148049135569,0.00219765034343291,0.00500888044089249,0.00361888626564931,0.00123051730399554,0.00114579916400364,0.00297143333927307
"DU0091",0.00236468747236832,0.00412427247672866,0.000974100801283624,0.0019590398106088,0.000736643291260301,0.00167393385278382,0.000935992255559261,0.00139206841860766,0.00101977289279429,0.5,0.00118536079012298,0.00517717282911381,0.00500903494865793,0.00240558939162989,0.0048284613892285,0.00226666984851321,0.00616010467155389,0.000859623937736578,0.000897978710362989,0.00120621817171488,0.00199933284579687,0.00125780811439797,0.00177938260483741,0.000893856015972872,0.00220584728567606,0.00229194889037614,0.00189073595478391,0.00115068240542435,0.000968246131426318,0.00327211974829053,0.00563052322929399,0.00340006571371708,0.00340910775242847,0.00353125106930964,0.00503701622594731,0.00699124270805412,0.00126426256939231,0.000891520687117435,0.000924349957492576,0.000962266803651771,0.00304561034994821,0.00200937604609164,0.000972045539109384,0.00307747160166748,0.00169511155970371,0.00184115116595362,0.000896098587251095,0.000956136557678343,0.00128179515498769,0.00242018270733431,0.00308498903341263,0.00181986667425685,0.00220578217405253,0.0010035096909629,0.00207175360123958,0.00110549936072697,0.00196691852728331,0.00117172320345597,0.00109132662958326,0.00390030486682745,0.00205173334067563,0.00184748098542381,0.00204454730635726,0.000829929230809756,0.00542211639206479,0.000907645014537591,0.00114861189703206,0.00204789164899854,0.00167685421361347,0.00111517291179738,0.00102733843606382,0.000963742329149916,0.00093467779927876,0.00172922497493307,0.00416020565230939,0.00117947200998566,0.00655730419520715,0.00230135390680472,0.00355586297025479,0.00153242176902046,0.0062885638725385,0.00610455638756522,0.00548437064233497,0.00341075308374028,0.000945616984813797,0.00198078316151144,0.00117014737696143,0.0010983978015436,0.00107063454270764,0.00108989927449436,0.000992994451522047,0.000850316783266305,0.000956531097847087,0.00400078186206297,0.00243888663754647,0.00201846505128996,0.00102245906608099,0.00194514941616264,0.000888765911203031,0.00199752115522626,0.00089940426498775,0.0043597080454957,0.00623602865480388,0.000843496790051156,0.00535730445444556,0.000915123208611516,0.00088506775472073,0.00107961578289232,0.00099083755413428,0.00120483882780452,0.00203808006470449,0.00106402491540635,0.000791732593401531,0.00194117533879863,0.0042992198495185,0.00540034014492494,0.00472369821979339,0.00470491523888686,0.00599243942206649,0.00323576339092409,0.00314575209983057,0.00237516474991006,0.0050444531708413,0.00418589057972978,0.00445456706212764,0.000940166382715597,0.00107240803009449,0.000960947744023131,0.00286157488573223,0.00108569227883515,0.00116991293089237,0.000753817927428301,0.00296187150800362,0.000905971582466868,0.00289597697254442,0.00295960495354162,0.00405180964409362,0.00086192057624034,0.0022659163330345,0.00217134052428903,0.00326562587933035,0.00379786550098238,0.00290954903665453,0.00389516587873568,0.00211923911499995,0.00454273034899532,0.00201358556085372,0.00105436709740715,0.00306357276712344,0.00254724215472016,0.00145115696466695,0.000834734794160388,0.00305612295526556,0.00102239645545332,0.000946323925408881,0.00287430054492441,0.000919001545976401,0.00110019536165773,0.00416193524348975,0.00229847499473956,0.00411420969195906,0.000997565896880137,0.000921080501772961,0.000941516556278377,0.0013546850473855,0.0011781434395287,0.00591969944391174,0.00299150982202125,0.0030493335481248,0.00407041491079166,0.00122987775164752,0.00192602425597403,0.000986552578838063,0.00275456586902284,0.00395696939890466,0.0029558145410481,0.00107921927854093,0.00184584739368155,0.00401624475934265,0.00213616522969482,0.00118961947877059,0.00452181533380676,0.00106745910116752,0.00288687252014903,0.00104833566026107,0.00322523282922152,0.000907700959735311,0.00186534759035875,0.00110465060644409,0.00298937461759094,0.0009094242665942,0.00284361113488902,0.00197514054054957,0.00224217876472085,0.0020091424061522,0.00111137870799514,0.00195959808482799,0.0011469207114473,0.000958487639175499,0.000858777417603265,0.00297076910875154,0.000930394806142007,0.000845990174380454,0.00115423740208646,0.00503287609102747,0.00218527962291748,0.00296086115456131,0.00290962881888587,0.00242015646501673,0.00277650592359121,0.00156742945951634,0.000976975334646726,0.00102807814157533,0.000931992104736947,0.000871684169951113,0.00106988274908239,0.00408439630745608
"TT0048",0.00105104245707548,0.0012542417198539,0.0033395685824427,0.00224263103122317,0.00315721394572312,0.00317339278545723,0.00750228208576004,0.00302207689824206,0.00706634695159641,0.00118536079012298,0.5,0.00118026687773302,0.00100100189560107,0.00104383075038229,0.000940985492036908,0.000847629321875555,0.00330014359337495,0.000890723399384015,0.00107380556107494,0.00100388996326112,0.00117384286161761,0.00101888518862934,0.00118846184940434,0.00114853469656781,0.00100685443343955,0.00489908374037189,0.0064429485704918,0.00916454498494707,0.000870868289604855,0.00115982035485278,0.0010209356447037,0.00476608989369588,0.000980540151936369,0.000893925662468731,0.00103628075024813,0.0020011703410021,0.00474734402272077,0.00792797329926848,0.00114222861337418,0.0055267439488936,0.00439190827635921,0.00537101300794707,0.0024042052317459,0.00200385767095128,0.00221327618029929,0.00110565098589085,0.0032916652193702,0.00108904204978687,0.00128185436527062,0.00395897227462116,0.00319381078668533,0.00331774951219046,0.00114251415701576,0.00183437832308649,0.00132411077465394,0.00110000578391192,0.00117014189618912,0.00153583925807649,0.00472534023522397,0.00111904537001503,0.00102657641396251,0.0022713812324488,0.00233812605637215,0.00126851338682212,0.000972795745061792,0.0011402659174136,0.00112852841317084,0.00395805957935443,0.00132877406723989,0.00238891496516032,0.00131668595522278,0.00136423519123659,0.00313429639625973,0.00116836251723413,0.000853060312413534,0.00122807879383155,0.000964182217947026,0.00332620153801709,0.000985832051066986,0.0056472719907907,0.000935902442332065,0.00205437762187777,0.0019828940491961,0.000995297607856603,0.00509681698674713,0.00110548605070865,0.00115928631956271,0.00138112725988437,0.000980000584697522,0.00600679031749792,0.00612584237660853,0.00489385683569018,0.00645215270328454,0.000788436342380362,0.000950894609817371,0.00105357898716535,0.0013236338245972,0.00220500708057847,0.00102887007493796,0.00229579536118352,0.00112563367174343,0.00259897435394776,0.00100321165870103,0.00138372607373669,0.0021563414159368,0.0012652943897093,0.00368322678059501,0.00113814801133348,0.00320651883012471,0.00161472930179981,0.00600933466596742,0.00123953199912847,0.00337759678792908,0.00140253606022112,0.0023513791046533,0.000902318098952797,0.000951270421705562,0.000903359350555298,0.000836639670693856,0.00102318743353,0.00101670265844555,0.00480274983374029,0.00316159220803523,0.000774514375130203,0.00112093378062971,0.00325436161894335,0.00630353590947267,0.00485943161582578,0.00123560890758601,0.00559574898693048,0.00124869791939195,0.00139146994447041,0.00108216565406331,0.00126537614006991,0.000955597835048366,0.00116573666342151,0.00594929118344069,0.00133857560305151,0.00117773088360915,0.00106761077724708,0.00109622599224259,0.002059374923859,0.00104079308356995,0.00104968228649598,0.00114016014445952,0.000824735527806258,0.00228568833963596,0.00135529214495629,0.000949705388730502,0.00181361312743452,0.00199052388262583,0.00124673755319615,0.000971553872505422,0.00122691309350476,0.00127361965229997,0.00313478289313111,0.00100588856439875,0.00653566843041998,0.00357364949124606,0.00134138536384804,0.00141037361252404,0.00447753731207674,0.00200372833784632,0.00364937337755403,0.000941578233344047,0.00488579872147008,0.000805725992211829,0.00301131257080316,0.00432531718125838,0.00297066101151806,0.00232205813999366,0.00250645965932626,0.00140008689099182,0.00197101333682025,0.00501294135518946,0.00082256889996095,0.00120719322701244,0.00124135018120933,0.00115168792304943,0.00343485350793399,0.00144617849194667,0.00233046088671082,0.00170666119281352,0.000899086720701369,0.00103237465866937,0.0019332415086286,0.00143693043567879,0.00604185128001707,0.00148186154279412,0.00115484888345655,0.00127377212680377,0.00370911159258889,0.00125673680057182,0.00216057100771871,0.00205974728456287,0.00153814942993296,0.00599944875571584,0.00101078803345504,0.00347761426329114,0.000984639152874569,0.00121542826467734,0.00347404896876962,0.00124564757093352,0.00508445122648709,0.00414364400588273,0.000890773153332043,0.00462978999935608,0.000925977730998359,0.00313986834670176,0.000914803646944906,0.00108142123761891,0.00113547117610603,0.00612244208084692,0.00457184173685628,0.00131675219117395,0.00351268791344324,0.00115046713844084
"DU0093",0.00236763712411414,0.0020732220995751,0.000913269614038774,0.00198575998576735,0.000705767672415432,0.00169406935878971,0.000905234071884888,0.00327142338172195,0.000922149535067942,0.00517717282911381,0.00118026687773302,0.5,0.00568658516533805,0.00454670049549746,0.00367633705566203,0.00462023024478178,0.00758652676170229,0.000844824365238523,0.000839582705542676,0.00124314234102001,0.00197824491066114,0.00128866435829473,0.00171591703258804,0.000855376793491271,0.00124794380578836,0.00221539045148326,0.000896729894321648,0.00307962458480866,0.000918347411188891,0.00543684301611685,0.00555823619061594,0.00140921601863465,0.00366051327210117,0.00256851978941343,0.00479769068330133,0.00712720615223267,0.00122779178427196,0.000862914954183699,0.000919867830759541,0.000928797660171181,0.001982433497736,0.00196032124690859,0.000917981409700004,0.00224413875007725,0.00168559184235712,0.00181596556059725,0.000856418807954163,0.000912429522912969,0.001267005621784,0.00357599565410208,0.00309379916112097,0.00179854853228185,0.00333531729374354,0.000991285017794037,0.00202588662210694,0.00105767279278959,0.0019787172753989,0.00121406410560158,0.00104585760017524,0.00193692115740576,0.00206375034473698,0.000914081629894537,0.00198157494139874,0.000775656186065666,0.00505450846685296,0.000888469911696765,0.00114115083428868,0.00206562230003648,0.00166767128129736,0.00310012370419036,0.00102482446484636,0.000957151610742126,0.000913760512076731,0.00179857471931044,0.00391030999458775,0.00117092230328543,0.00514063074710064,0.0013202830575876,0.00150358893123192,0.00373623447425084,0.00513835402015969,0.00736417067850598,0.00701944021677523,0.00364737446187352,0.000880003048505908,0.00191993892895038,0.00118756644318805,0.00109796308626518,0.00101924900951267,0.00107405751292299,0.00091714492654896,0.00082050320594112,0.000978119716754844,0.00491543319049051,0.00363419065388752,0.00194361493327203,0.00102115354487423,0.00192604826287921,0.000880886577664568,0.00193402168214604,0.000901733197319088,0.00330130536549486,0.00520282971458134,0.000842260676896108,0.00769621566371517,0.000899394771985982,0.000837150712213721,0.0011233948145595,0.00101058528640296,0.00223207734540643,0.00102045099234492,0.00200395833873595,0.000759225095955323,0.00195013337134721,0.0044834733511135,0.00507938090271934,0.00360392891147736,0.00498768802844616,0.00615396932638444,0.00330743419890642,0.00416031321164214,0.00469140792343832,0.00320573274607606,0.00327752012030222,0.00557343695276833,0.0009220279917341,0.00102171089440643,0.000972339183493907,0.00291783367498228,0.00114736363614258,0.00230999995848514,0.000725624055800362,0.00300796258723005,0.000922468387948665,0.00291264630190887,0.00300190391648297,0.00208112833607348,0.000844945605293488,0.00119529950419677,0.00108571788609751,0.0010879773382315,0.00381796397636191,0.00293089826102098,0.00299234480458473,0.0010999003205631,0.00583114696807286,0.00110048972578021,0.00190827554259053,0.00307390494976383,0.00257958643036448,0.00165258596548211,0.000806901307742498,0.00309118459449364,0.000959968678415351,0.000960362944739329,0.00291457115430504,0.000880414984542972,0.00210207265056262,0.00438128221855952,0.00143598550766975,0.00388807875955317,0.00102410866336513,0.000936899268973228,0.00089738721830195,0.00353375686036452,0.00109266576124617,0.00558784374206767,0.00304617620579337,0.00310298913740415,0.00327445058453543,0.00210780076639726,0.000945313969119866,0.000994769248788202,0.00280606489833831,0.00400871622656377,0.00296485222913773,0.00109407116680286,0.00090815344934354,0.0040109453429143,0.00319090841547573,0.00114278355398922,0.00234541790320927,0.000999716305958617,0.00290005940046206,0.00202187001591424,0.00220168703981325,0.00092357948076678,0.000987902147896742,0.00179213888889536,0.0040107851981657,0.000873824597464628,0.00287423008645886,0.00118324716750145,0.00141411518603457,0.00193064553391711,0.00204449206665451,0.000959396608871567,0.00114965386495207,0.00089616435747966,0.00083654246165938,0.00299671628934131,0.000868629964313029,0.000859991464451295,0.00232228721935442,0.00411338072083927,0.00119626646745837,0.00109253113975657,0.00293114091139228,0.00335580092874359,0.00279637765180181,0.00331262625784302,0.000963909438653674,0.00101742864529566,0.000902769077729217,0.000885548127206658,0.0020587131173987,0.00315918985093205
"DU0094",0.00349794366991049,0.00202414078801877,0.000835186416251544,0.00209273042441789,0.000758128435112067,0.00170797640719117,0.0010017055294081,0.00109993149501656,0.000995435718757938,0.00500903494865793,0.00100100189560107,0.00568658516533805,0.5,0.00246642983910513,0.00606234159402997,0.00530182375875192,0.00524768270014126,0.000841424820975887,0.000876956467175907,0.0010630920693351,0.00197718299424614,0.00108938204744162,0.00170906297915995,0.000852545800656414,0.00133255198575672,0.00322833181367881,0.000914087661435371,0.000980089085373725,0.000873716483079832,0.00331045679525545,0.0104941781007575,0.00370951708129168,0.00502690929688442,0.00475914368394601,0.00489967131335343,0.0051157389951618,0.00329551071788464,0.000972276449406668,0.000832164611963286,0.00105685362349765,0.000911885829614248,0.00193661544373,0.000894622619732968,0.0011404897743454,0.00173576534168819,0.00186239886837174,0.000838814951797739,0.000846842207418811,0.00220375702355185,0.0021975166783371,0.00100985673228006,0.00180818433836526,0.00341252504945672,0.000979012655562078,0.0020651044147003,0.00112527443216858,0.0020802007282993,0.00123413851325074,0.00106268005145601,0.00189999734979641,0.00212986159040281,0.000804097920481045,0.000893033946692316,0.000746561041200309,0.00513282759387361,0.000826992490646236,0.00297982874673232,0.00208305722822525,0.00167373508201658,0.000956848514225085,0.00207763989927356,0.00105881378358421,0.00084574753006241,0.00178411968828107,0.00531571338970447,0.00116069883422951,0.00605222487410292,0.00121449204070566,0.00257444430798314,0.00404151264395981,0.00514021088133502,0.0051553716762227,0.00591562065023307,0.00386723551288143,0.000871638587454527,0.0019027229563356,0.0012325578421382,0.00102164557674027,0.00104559372431688,0.00115115136490435,0.000972912875365795,0.000819489415470452,0.00102529866653005,0.00605255419231681,0.00600502544943156,0.00194714072297078,0.0028584353290615,0.00189592816182614,0.000842481088746457,0.000808344516151989,0.000846242531316969,0.00207584583622975,0.00527786739398241,0.000787871014956333,0.00546283269224254,0.00080093902755173,0.000801231363045914,0.00118744180173282,0.000969323822258454,0.00322525565566683,0.00105553050526049,0.00228056926651989,0.00075234667679081,0.00199675263445198,0.00221216805086613,0.00612278187605632,0.00388941093460465,0.00707840306905176,0.00718253393191907,0.00427375629227317,0.00537218503265235,0.00471298273457232,0.00305989753921091,0.00518815654496737,0.00241916907048557,0.000975237184220997,0.00102968536007494,0.000955659730098828,0.00384143624007265,0.00217204729708973,0.00434389176043036,0.000718122453869614,0.00303106668658729,0.000880551288043618,0.00294803557476068,0.00304833114480452,0.00103501826922361,0.000807668405779033,0.00114492672536651,0.00109734564946665,0.00105509431133518,0.00285201088334332,0.00292736279814227,0.00296093651525245,0.000986270509708124,0.00789557883567255,0.000955619681323618,0.00258271274133719,0.0031355134771382,0.00261271093421769,0.00231722763967185,0.000813167656886568,0.00313509185750545,0.000953229408814194,0.000916568281752645,0.00295764585463939,0.000770896259269078,0.00106156999043517,0.0069736146829434,0.00145426383279589,0.00380576563967759,0.00106759014200781,0.000892485803556594,0.000815151481233378,0.00377936010651585,0.0012168214554181,0.00571107196931619,0.00309884142282894,0.000929880244658762,0.0033077982024867,0.000912719829264942,0.000823661819093665,0.000960176459973056,0.00280465591019991,0.00432058218813814,0.00300453949564844,0.00104394876370436,0.000853117026468795,0.00306665081637289,0.00103016514408816,0.00102747417631283,0.00124086472948166,0.000915743810688558,0.00290943703330784,0.00203586911673067,0.0010547266258097,0.00167793300443541,0.000929051178152011,0.00179181585217551,0.00396158263277393,0.000867190512577402,0.00289445941127414,0.000935179838783352,0.00112523654164539,0.000906761531596438,0.00089743831002698,0.00088983810079238,0.00333718607138461,0.000888105869563403,0.000736347518976781,0.00300049103692532,0.000883437669573664,0.0008676563328061,0.0022843179856764,0.0030700934785389,0.00127154421665521,0.00113100884298159,0.00299323152249193,0.00114439436552317,0.00285268415025686,0.00137520258318106,0.000940845294503021,0.0030530976175478,0.00088882173005063,0.000857388393915185,0.000988150454784017,0.00316218267823158
"DU0095",0.00541687570128551,0.00190634019904534,0.00101504357141742,0.00192414528347009,0.000793931087015635,0.00168079870620639,0.000830460151697569,0.00297798185781368,0.000890043059674147,0.00240558939162989,0.00104383075038229,0.00454670049549746,0.00246642983910513,0.5,0.00465897674080002,0.00248888402880935,0.00446911590209971,0.00114621587801809,0.000975019843157722,0.00124038609902362,0.00200810131818166,0.00128791764466378,0.00159554151477899,0.000960124428756719,0.0039842624695946,0.00114215410157689,0.000848161602810084,0.00199468881715078,0.00340854574267497,0.0040966843861441,0.0031206485162757,0.00120224556417976,0.00572755177163884,0.00485532845646654,0.00464471269710743,0.00688991680102387,0.00120129084563852,0.00078107999526295,0.00097611295983037,0.000895547222714812,0.00196449406107427,0.00193293886633713,0.00103342560613403,0.00211847423766351,0.00165363219566063,0.00181828567794012,0.000988604292685066,0.000920904389626169,0.00102495914233739,0.00226156709051028,0.00222607279413234,0.00179320064509107,0.00213462986143992,0.00117857583079885,0.00199092676816445,0.00436400191239893,0.00477383859044301,0.00425240357723515,0.00378984395716188,0.00179523128766676,0.00476540915581296,0.000867287683203438,0.000946367768672201,0.000731708209679913,0.00465381797655053,0.000958506008202172,0.00103180882232091,0.00203494525751573,0.00162839751859542,0.00287131104520132,0.00117506779184327,0.00108960937419428,0.00087403793786333,0.00172055304971477,0.00358928255796447,0.00121380342987037,0.00436610926291229,0.00308823783768705,0.00472447900692979,0.00136156750466096,0.00682716142795355,0.00444439547846688,0.00430562515443205,0.00347907061917061,0.000874628915964045,0.00186318233193145,0.00233552654618289,0.00241768944821386,0.00396854389675216,0.000988250155108377,0.00092104420724247,0.000765163711478444,0.00106322946618577,0.00174884993793555,0.00379156526447258,0.00186597190021508,0.000920190906005039,0.00193666495560543,0.000910767873427758,0.000904765904961391,0.000932359396700945,0.0031449538034549,0.00451473345195648,0.000794741803685779,0.00561060207577071,0.000860348605842341,0.000946017969908924,0.00113332370062145,0.000968684820023541,0.00389354890780262,0.000954714053156485,0.00115520794165516,0.000842962651667506,0.00189285642506111,0.00520419393147006,0.0047050169690256,0.00482609297354105,0.00230260100180335,0.00532483342095021,0.00402169451755367,0.00397172840140118,0.00421266014660861,0.0039224647859705,0.00602677754343011,0.00313806115632781,0.00102167421855534,0.00101470661364068,0.000935289399699852,0.00279188011571554,0.00119435574696987,0.00113664966007878,0.000804718476406124,0.00292034374394542,0.000904344475366826,0.00288055756148312,0.00291567241862242,0.00103455643264018,0.000992198621018859,0.0011540348017125,0.00272437102031415,0.00108799307964352,0.00360158262883662,0.00288423372797187,0.00284131100028517,0.00110424992562017,0.00631391211330074,0.000884676955231377,0.000989164795130419,0.00302437087781765,0.00252602194039582,0.00142262847575783,0.000896216724898505,0.00306311117520379,0.000953668224555914,0.000982549574291596,0.00289718716542562,0.00104969245931966,0.00107699821555212,0.00370196547300908,0.00638530679106196,0.00381138519165358,0.0010846498576299,0.000981365755774547,0.000988773848784348,0.00390536694910189,0.00132271854535956,0.00402799871438628,0.00298872685566856,0.00194897011444749,0.00319197716088466,0.00101022008301355,0.000866299017549163,0.00101527439001302,0.00272856306685389,0.0034328628879172,0.00551724202192347,0.00392827256580528,0.000878219477902261,0.00295800797371963,0.00307933171947533,0.001139003998058,0.00390426932575304,0.00129270938013117,0.00305143553303604,0.00229414909470955,0.00116096092458745,0.000830481777044287,0.000896774915543511,0.00075958980697753,0.00295722275481279,0.00100770173861602,0.00279280293430571,0.00115663558323396,0.00213770565176674,0.00346687018317068,0.00109132099077154,0.000875322085777132,0.00130762108732031,0.00102635128410924,0.00106411007932168,0.0029163887066062,0.00102426772639076,0.000927510935598029,0.00123176467070288,0.00302934058023529,0.00351868474829275,0.000955383986369761,0.00287306580196608,0.00314273045354906,0.00273596803301265,0.00311511773419905,0.00111453598250422,0.000916097426302744,0.000966890924022038,0.000813133958190195,0.00188220261116296,0.00315775442701081
"DU0096",0.00345223830796244,0.0018614344219951,0.000922153425720704,0.00196602513914958,0.000824408533189776,0.00249461532363985,0.000927519626059031,0.000888371068797923,0.000912098873370403,0.0048284613892285,0.000940985492036908,0.00367633705566203,0.00606234159402997,0.00465897674080002,0.5,0.00528683442679899,0.00245669454599251,0.000831556750528384,0.000936356573275669,0.00100195655067872,0.00190228310306277,0.00102145227143439,0.0015830493544797,0.000921400412637334,0.00342426830076055,0.00109901187863944,0.000823686027715003,0.000918149654885753,0.000931593046832968,0.00206825291717702,0.00573742387275314,0.00306597083112002,0.00370541283793275,0.00724518097069474,0.00682634737509972,0.00501231697609284,0.00308818850643903,0.00088408897592155,0.000849923179678832,0.000956127054540637,0.00100080627780214,0.00188727020515441,0.000980727422821298,0.00102586059859175,0.00167910391867256,0.0018074281921651,0.000923815156454031,0.000855317381052252,0.00109822897350359,0.00205866556095512,0.000945311214360318,0.00175700742854036,0.00210480877168181,0.000961352064357599,0.00196183625450462,0.00132428971722724,0.00399510106221525,0.00328484269504041,0.00113913822400232,0.00174796950894671,0.00214572361777226,0.000785043417944964,0.000834593960124985,0.000705658191521283,0.00725592334722223,0.00084450943777969,0.00191841924591352,0.00205042436524994,0.00163336215015974,0.000859395714622869,0.00326723512721415,0.00328652201910008,0.000843034403604049,0.00168394230435773,0.00519894566855406,0.00312573641875157,0.00497053070485701,0.00108636320197177,0.00569480155876237,0.00586998970826539,0.00510080413509748,0.00237116532745275,0.00471684889923962,0.00453607875810847,0.000812858328420898,0.00179591270766313,0.00233151745205333,0.00109718839899223,0.00224078642259944,0.00102790303701359,0.000935454089794406,0.000762791252167343,0.0030285985626868,0.00567402039187698,0.00751621153013216,0.00181635237249807,0.00265338352880023,0.00181991766677589,0.000870385624906446,0.000803699311721731,0.000850997992411823,0.00196955340729164,0.00385957848515284,0.000782591441497864,0.00490867743654067,0.000764164368826993,0.000881680072057465,0.00290012780372115,0.00270354038481549,0.00130653990538937,0.000994854500898719,0.00210445854649827,0.000821351779357894,0.00190539688916185,0.00202736485252415,0.00712679672790087,0.00737885670121097,0.00700437969331779,0.00672572495170573,0.00401395185361078,0.00317349646545172,0.00248488819241164,0.00292702124881836,0.00713629842530378,0.00116303126681749,0.00199665193630297,0.00096770219503273,0.000851121560314142,0.00282436522200484,0.00198444759024557,0.00241470267672436,0.000780042460071397,0.00291774130858583,0.000835031576079171,0.00281607535535661,0.00292290770637222,0.000898780730118226,0.00108411032940157,0.00113479713912081,0.00234714211854987,0.00098240763549459,0.00268162025662654,0.00280218911168189,0.00277899389695481,0.000964244488920929,0.00704639507930928,0.000763166280887203,0.000914679362265398,0.00300639621854516,0.00256674897226109,0.00198212577896269,0.000873522931455224,0.00299832920234255,0.000931939363427888,0.000896419347261777,0.00374046716650127,0.000705188995425149,0.00095875120139358,0.00514308520329176,0.00255848017197381,0.00390971674407443,0.00278966203785634,0.000911238243848455,0.000913332759193302,0.0061085198319986,0.00115315059442444,0.00707066389348149,0.0039355731357965,0.000897816918254088,0.00315582364903463,0.00083272541955816,0.000793305483359559,0.00254948316172929,0.0026950548015859,0.00418395132783776,0.00301478846001148,0.00221150859054066,0.000851427026508311,0.00288674423787542,0.00095830341815744,0.000920757967559699,0.00349816541595855,0.000921194578786337,0.00282814987604113,0.00106622085003138,0.000954654355865543,0.000827689140601655,0.000824736049344072,0.000754714864021928,0.0028620183627328,0.000952647717839781,0.00280796195617308,0.000849210360653389,0.00103880209134833,0.00100008935872048,0.000881962037074746,0.000777306741817245,0.00341282002941705,0.000997392001801138,0.000695371048789199,0.00288310661034932,0.000999934598029776,0.000875705906001474,0.00219005327874408,0.00294067816225651,0.00353819137329243,0.000976273572316108,0.00288704005482497,0.0010533578485987,0.00275231364919768,0.00112649460329077,0.000978564595121781,0.00103521781925861,0.00087963184889235,0.000812462136010173,0.00086900551021164,0.00303070698044347
"DU0097",0.00142219472580739,0.000954168349723914,0.000800131723180235,0.0011046477367486,0.000811760190688289,0.000948400974763719,0.00239540202926706,0.000965558726912308,0.000853790338468272,0.00226666984851321,0.000847629321875555,0.00462023024478178,0.00530182375875192,0.00248888402880935,0.00528683442679899,0.5,0.00229336979125079,0.00542076688883447,0.00071416344768642,0.000835989202800135,0.000832072255462324,0.000848462660320002,0.00400574558022389,0.000721067807360923,0.00181380605021673,0.00153120418639991,0.000844286555212122,0.000820070396499297,0.0034255596229781,0.00177117794343808,0.00410822578851382,0.00183850881582764,0.00329578444874758,0.00608572344662409,0.00492423023620287,0.0035246319428312,0.0017376373962306,0.000908506054263295,0.000707034421417869,0.00166377159856395,0.0007159100398149,0.000792942453802195,0.000767612081859747,0.000880517208196831,0.000950257624770191,0.000812447224131273,0.000697437950792418,0.00074641122281983,0.000977591483058253,0.000978868986623107,0.000795639755069628,0.000736737927306771,0.00110321882721131,0.00082850894090606,0.000878901428586595,0.00190219325342171,0.00136760777564123,0.00289914846077808,0.00101306443884061,0.000914172423004442,0.00295128352766439,0.000634756601324036,0.000683613660004748,0.000802014894400137,0.00331185952253628,0.000699026497632774,0.00134675410417043,0.00186322421139335,0.000950596212107709,0.000754913235387022,0.00155816179857145,0.000990575790301566,0.000621279413247974,0.00599964155131811,0.00300742706017414,0.00186170307477533,0.00301721847539064,0.00102140492634464,0.00418305290734322,0.00538482802432491,0.00393925578297004,0.00336707164156124,0.00244920964107973,0.00404867554074157,0.000781147622396791,0.000872330933109112,0.00265489746816733,0.00108327115295273,0.00104706558522859,0.00164730114750606,0.000903456954321758,0.00250119245584173,0.000986065013814799,0.112869503487491,0.00620094712239828,0.00089730603905679,0.000787191901998978,0.000778981688516236,0.000658703808871393,0.000674980271716974,0.000677844916516683,0.000853141814391017,0.00313365869654928,0.000744267230934346,0.00469139999966655,0.000616553814993778,0.000700703463995739,0.00141076658250986,0.0023183825327286,0.00152537060451347,0.00309945534265607,0.00256333373363589,0.000876185846762406,0.000904603148132181,0.00208569806548028,0.00478719579100093,0.00645297469431221,0.00572787287924159,0.00474474624216065,0.00170064345780725,0.00163082375389509,0.0046179480136115,0.000876255751662171,0.00280841851715059,0.00166194831116745,0.00234200401822553,0.000834435459676323,0.00074820042810159,0.00090835070042548,0.00102624431047816,0.00421137613727755,0.000838176140150112,0.000899282710496599,0.000798644666989084,0.000784918617802752,0.000836170043571263,0.000891967645880754,0.000951511980472119,0.00308759577110725,0.00107855646905809,0.00117851016357436,0.000836017539679446,0.000812847717229276,0.000882751050718097,0.000878477521039559,0.00598753297601825,0.000719641150716605,0.00105344235238694,0.000879546465154203,0.000978966678552195,0.00151354663613239,0.00279412206431367,0.000861471464137387,0.000927407660106922,0.000725063732332928,0.000969621612568183,0.00179179871256192,0.000850296476190733,0.00501374815095765,0.00193587339225261,0.00472060215220841,0.0025256174658337,0.000892746882969028,0.000678548738774375,0.00469919414476033,0.00103728054484872,0.00406817214141397,0.0025034090903909,0.00067479569447618,0.00152367022820083,0.000755586054551812,0.00061130628454674,0.000848513477982003,0.000947265196725191,0.00601991924168383,0.00104574474250154,0.00300387276203964,0.000666847121412401,0.000922766346455175,0.00088704846250457,0.000881889687365033,0.00217873420811437,0.00173598361618794,0.000846648576222411,0.000919190988221077,0.000888807449625308,0.000755628009086445,0.000779375015298998,0.000835928338559459,0.00126069681663305,0.00077673733230751,0.000794894744189336,0.00111144749985133,0.000879059488983979,0.000830369241322844,0.000805603500076462,0.000801712715257215,0.00277525575447707,0.000700551653225359,0.00218458020427697,0.000806194054388313,0.000735046292788721,0.000861674130121811,0.0026498758860453,0.000868176287248133,0.00351892991556512,0.00096079272635414,0.000855438495585945,0.000982228354779931,0.000806814221886087,0.00111106943380892,0.000798971765801615,0.000987481992789869,0.000786691139354018,0.00442259025849987,0.000716307248383569,0.000871651872588434
"DU0010",0.00232720517664203,0.00221611277698572,0.00101073878713817,0.00205807026820044,0.000795526885729387,0.00176711050986478,0.000977578413993504,0.00229585048793369,0.000982976106482949,0.00616010467155389,0.00330014359337495,0.00758652676170229,0.00524768270014126,0.00446911590209971,0.00245669454599251,0.00229336979125079,0.5,0.000826720335966223,0.000884390485293996,0.00120187892063505,0.00201057932995944,0.00125086561426981,0.00181535626699683,0.000925624635396624,0.00118054651695516,0.00237013627474918,0.000993202444247296,0.00323040581603546,0.000876466084279929,0.00239169506718658,0.00551821237699913,0.00146639136872775,0.00245015191170573,0.00243860232279005,0.00350657493740289,0.00587011313295892,0.00121056573674888,0.000954413321571298,0.000911458668570966,0.00100879793795252,0.002117046423577,0.00204701236585006,0.000970469129450875,0.00221919815246426,0.00175815125226796,0.00184887842440485,0.000884041085235573,0.00206031064383114,0.00352453781456845,0.00487062776888947,0.00222957468031386,0.00184778634660764,0.00349148579534867,0.0010700667680558,0.00211231181786296,0.00103733676603651,0.00193647123108664,0.0011592401270113,0.00107339180281014,0.00203142666122849,0.00207244259368295,0.000985189391221758,0.00115330029129914,0.000895356893978292,0.00496395470983243,0.000876860920210196,0.00120862626563786,0.00214571523046878,0.001736848010858,0.00321961046725996,0.00113393661344648,0.000997599046447934,0.000977998373243413,0.00226663087031074,0.00374847433474615,0.002257416323318,0.0050329884723172,0.00338388780805715,0.00137174535537636,0.00372786483456349,0.00380083422997231,0.00739949344574908,0.00601411243262109,0.00244231868969511,0.000955388962489976,0.00202570921568298,0.00226637116545762,0.00156102941467293,0.00102554110504699,0.00109730119935868,0.00101667375183229,0.000916482914774865,0.00102623608213306,0.00407078862048426,0.00242123978585194,0.00205869846147975,0.00108575861533778,0.00195879339202397,0.000928872971828201,0.00204690452205927,0.000919444598113221,0.00337230906952752,0.00528337046252483,0.00093249419213699,0.00755863001560586,0.000952853821714116,0.00091374795635633,0.00107750062445108,0.00106075132086266,0.00124707008309498,0.00113308497578178,0.00116294611786451,0.000843649283373062,0.00202437126382941,0.00448433077619801,0.00492295878830944,0.00240216670285812,0.00471930560957246,0.00605764219996917,0.00432024529156097,0.00323982849741065,0.00369988380778306,0.0051983464879269,0.00320111470395826,0.00387621507972608,0.000986886325606144,0.00219874405452514,0.00100634687669308,0.00299649694404525,0.00122713875719077,0.00238337666879769,0.000812030523994106,0.00302528655797748,0.000943444390318002,0.00294751151649987,0.00304663336177274,0.00229390557256252,0.000902836311568899,0.00127370087603506,0.00105573008274721,0.00227642279449887,0.00384267287608751,0.00296847617393613,0.00401252342529358,0.00118480112926771,0.0046261983759846,0.00116104170886689,0.00110476644589445,0.00311353386914923,0.00264152757088051,0.00143745621774595,0.000881016338960872,0.00312574653941988,0.00306062175304567,0.000971428409201729,0.00294521892399351,0.000848466222036984,0.00320146765543113,0.00408422059800056,0.00139236183624573,0.00263381052175022,0.00107273586053812,0.00141560362502984,0.000967333811376041,0.00129056870235044,0.00110742704243441,0.00552040399291839,0.00305585862533875,0.00331406740968495,0.00325774594838415,0.00334434441222848,0.00202387809590513,0.00102945175774886,0.00288420440473516,0.00176352656935746,0.00295382331684764,0.00105500207155441,0.00190833233854219,0.00313533528482467,0.00334090280465674,0.00340977856848048,0.00235252886006007,0.00114088456591663,0.00292458019386236,0.0010313732637663,0.00141775995427055,0.00100998749650145,0.00106897441185624,0.00188194659544719,0.00401530022693619,0.000900936198015088,0.00293095425278249,0.0010639112431201,0.00225164303159467,0.00199275679200877,0.00110127892653818,0.00204566826597182,0.00113597551757449,0.00096495802146063,0.00081307990700717,0.00304539987479479,0.00095971710657063,0.000905111721576518,0.0033650697954376,0.00423161243902807,0.00116578920054695,0.00118722991704313,0.00296945583753564,0.00348615973793528,0.00283505336599698,0.00248073791485852,0.000972551822753672,0.00110919725940994,0.00100566162144239,0.000959868366726249,0.0011972108931354,0.00319858046869164
"DU0011",0.00134007179466537,0.0010610013883558,0.00302389945286931,0.00122647005344189,0.000875233153199391,0.000885645864477338,0.000877945022090245,0.00401975998935344,0.00246088988693061,0.000859623937736578,0.000890723399384015,0.000844824365238523,0.000841424820975887,0.00114621587801809,0.000831556750528384,0.00542076688883447,0.000826720335966223,0.5,0.00600444484125604,0.00554652306017846,0.0035966225452355,0.00558694867558844,0.000852427815688766,0.00324499985539873,0.00118184940389095,0.000758663513816685,0.00176188256611166,0.000804228489050863,0.0440101715423629,0.000886753672166073,0.000848067527198739,0.000817898121664286,0.000968960994503568,0.00083901998635316,0.000892823778250557,0.000792713344334138,0.00471652187777814,0.000913471277609471,0.00289411489036317,0.00307979237051708,0.00101262918136075,0.00154409422662252,0.00233090497243917,0.00420266850674191,0.0034591832767814,0.00597674021180537,0.00547080391063188,0.00237163433362624,0.000949762308763964,0.00118416873316246,0.00139438125643899,0.00418034414379434,0.00132266493820439,0.00243931634734302,0.00139425960813352,0.00133588767452114,0.00115941031291111,0.00116885267096135,0.00319418913282458,0.00297187684462524,0.0012980898247624,0.00131870641060764,0.000981875360706704,0.00090115528381,0.000824672198867271,0.00296616231817751,0.00084643732200536,0.00100509691203519,0.00110337825245713,0.00166736322525041,0.000836124302326938,0.00111828790377498,0.00529007715187935,0.000944918343507344,0.00175544072564482,0.000832502811848053,0.000830506124100796,0.000771085762090231,0.000924459786350167,0.000788934461048594,0.000906873007767501,0.000805611931709016,0.000811530363712209,0.00315252422971989,0.00101091590181155,0.00235025401057715,0.00162247580767039,0.0011517936841771,0.00259822840288598,0.000919621945373084,0.00316507376577042,0.00119086265397019,0.000858442716487659,0.00531533289868147,0.000915713936351546,0.00310061445823665,0.00205274713624671,0.00352436348570856,0.00573311272846103,0.00102975181232623,0.00285235743443651,0.000945895619119721,0.000850462539534223,0.0028547058807956,0.000817961724407904,0.003284562438693,0.00233480380509465,0.000863478860945891,0.000984472571948196,0.00125659586703045,0.00107655145248006,0.000922812932207289,0.000883255843872252,0.00107517614927289,0.000864000624789445,0.000821771117840902,0.000898246936404104,0.000781447874839498,0.000760692280022624,0.000730501998101738,0.000792215084361801,0.000753036566381255,0.00079570830050302,0.000985097079443826,0.00356421343731535,0.000851919776198692,0.00126412558712896,0.00112133573021474,0.000827884977438076,0.00165542979610322,0.000922212392844956,0.00142197919163541,0.00292200027395176,0.000832332042076962,0.00237871417139548,0.00203466973180239,0.000778379480505534,0.00296505369271208,0.000935485750104811,0.0026611339402438,0.000874357269729742,0.000746579334101221,0.0033334427164811,0.000937617162428145,0.0019813099944116,0.000744739179915914,0.000775900027833323,0.00089520813695133,0.00419002323531,0.00253745242797611,0.0049364976127766,0.000902465201104279,0.00344886747071648,0.000870683646139825,0.00121258652884296,0.00090712005886315,0.0269204997495167,0.00284702493899551,0.000839573481979359,0.00111679837843889,0.000904623036880888,0.00275064944795813,0.000864780166546173,0.00149828573947548,0.000889577666904747,0.00176639802302431,0.000708591494297987,0.000901047244490288,0.00113385008277729,0.00110545842041585,0.000899309506806985,0.00136126859663047,0.00273430926969025,0.000794936020709993,0.000835500355289434,0.0029892750342745,0.00116326597886874,0.00371588871458625,0.00110347026368505,0.000862119332988758,0.00106783740849783,0.000882103511130585,0.00354166289156729,0.00301921768581145,0.00319726217867202,0.00078383160083707,0.000958868118962293,0.000825324237277391,0.000767066376693936,0.000815688953464106,0.0024267819102505,0.00208064364073053,0.0114862133100699,0.00193373096589392,0.00134660790210693,0.000932119335677662,0.000966558619513405,0.00306054847316823,0.00224607111226509,0.033336175784953,0.00128235379726735,0.00224823897796638,0.00270592813439174,0.000881686493946109,0.000788516083653451,0.00296102730670633,0.00279503448612693,0.0052848443956751,0.000853505286513741,0.00596362694418112,0.00172185906690235,0.00620852548459089,0.00084215831071694,0.00295411065940964,0.00301105099455169,0.000994302037137235,0.00154332663004089
"DU0012",0.0011223852563017,0.00113512172530068,0.00394800460144209,0.00119773849946253,0.0043986612370897,0.00123988786149346,0.00108601406649989,0.00106594461033003,0.00209428418976965,0.000897978710362989,0.00107380556107494,0.000839582705542676,0.000876956467175907,0.000975019843157722,0.000936356573275669,0.00071416344768642,0.000884390485293996,0.00600444484125604,0.5,0.00501547488581349,0.00328812228768678,0.00520971013789714,0.00113304006649212,0.00592996355017884,0.00485132401892593,0.000842728600255151,0.00107592347779428,0.000915177959586425,0.00267808321532519,0.000999048100794436,0.000904355690990062,0.000924546397754694,0.00209037275966408,0.000967403766461444,0.000935849887001477,0.000874389329334911,0.00474948136790684,0.0010910966957125,0.0057065319576488,0.00351274566343805,0.00460084703575888,0.00242443450675033,0.00622199403203684,0.00325213264416758,0.00351398335545516,0.00607131580693373,0.00869533739119445,0.002499220521367,0.000930677661529954,0.00118067593686667,0.0010005987236824,0.00518364632693799,0.00234501264633412,0.00429839735344204,0.00361920741367389,0.0050278443946431,0.0010727444451273,0.00105590379764759,0.0027930564489002,0.00294034176841913,0.00130718810827666,0.00199347856787879,0.00104191781174498,0.00131502639024696,0.000953861422010243,0.0063125307038894,0.00097243092230812,0.00117627786381804,0.00224497429930853,0.00106558941596737,0.00230345338280985,0.0043903505274721,0.00498340256082784,0.00113672313601707,0.00118392963344892,0.00131316212811826,0.000908255468305529,0.000925940029661496,0.00439077044202213,0.00083510581407133,0.000923375024504502,0.000850345926652346,0.000864130376887523,0.00392468795981693,0.00100804024486544,0.00232190005720045,0.00620965103587284,0.00118409071789354,0.0035894435701792,0.000985519457989496,0.002219297144957,0.00113994079786179,0.00101242584240911,0.000692675737391143,0.00109083446076435,0.00308539117266753,0.00119176353640686,0.00316507289682218,0.00560830128050691,0.00113996752841902,0.0040352107201658,0.00110282792445839,0.000897749875359184,0.00198060732835898,0.000865666343562627,0.00283450882492868,0.00603293263249425,0.0012893188245512,0.00104132647616275,0.00103618837385207,0.00107763455955663,0.0011413432912997,0.0041984531177731,0.00222832918826532,0.000992396324036604,0.000921083865451367,0.000949288850466811,0.000847139997144607,0.000786230710847946,0.000894351487294106,0.00176311260907902,0.000783820446890108,0.000956955901918462,0.00091599751280684,0.000958451860856216,0.00358351839097965,0.00224790765862218,0.00193516021484168,0.00101313790747733,0.00103753709063266,0.00247870363838882,0.00484184688994701,0.0029436463923709,0.00129995797310801,0.00406777216079143,0.0021136587065869,0.000877939894503367,0.00405971738684089,0.00419443706428095,0.00608344046626618,0.0038733122752584,0.000900409067538319,0.00291730289527192,0.00101509595137719,0.00253200688694795,0.000805368013942356,0.000975077642659307,0.000986747371364939,0.00522154285526134,0.00292318566845926,0.00120474364209628,0.00468918182355991,0.00443780729209887,0.00416111070783882,0.00337288281535153,0.00105717694526744,0.00321909500514706,0.00196946576065434,0.000840957848810576,0.000983489002715466,0.00100108685457258,0.00184193084178413,0.00137459677523556,0.00535543975195502,0.00411933887937174,0.00227188302662371,0.000797663742358926,0.00102285999853593,0.00110297549840235,0.00100465100087437,0.00108298791707394,0.00112366030395021,0.00126975904716738,0.00105417216831925,0.000836860527085864,0.00275400572500167,0.00127723730624211,0.00350899673912646,0.000990305488504445,0.00114247517083108,0.00124283188722934,0.00111504384998337,0.00297640731580288,0.00277345569510272,0.00358584175870693,0.000919618620896351,0.00106276725457143,0.00175424858689671,0.00112711973567969,0.000914912956138734,0.00609601700006262,0.00213985555528273,0.00240920882874737,0.00143776110663126,0.00112314465620617,0.00129931005009853,0.00180131624890524,0.00733061301410341,0.00625590169710956,0.00334261121657564,0.00205206010538014,0.00616175805474568,0.00420751920926145,0.00190847365476459,0.000947987198017424,0.00422106068831654,0.00268895346950044,0.00524397590214901,0.00274438504220505,0.00580212234074009,0.00123015161813183,0.00656930026822443,0.00109284948981892,0.00292967939246126,0.00115504786127918,0.00100712891833723,0.00126112702202498
"DU0013",0.00099861017315105,0.00122286992380033,0.0011530534349213,0.000995809262059253,0.000866140825520687,0.0010017742252371,0.000832068015833544,0.00971640906850662,0.00115364414626408,0.00120621817171488,0.00100388996326112,0.00124314234102001,0.0010630920693351,0.00124038609902362,0.00100195655067872,0.000835989202800135,0.00120187892063505,0.00554652306017846,0.00501547488581349,0.5,0.00307040407886088,0.0259627317309049,0.000964746625215011,0.00290458890899609,0.000935832921885652,0.00112325991222237,0.00103990838024948,0.00108855698473129,0.00238518016359385,0.00131962692712386,0.00111096459846406,0.00111429231942923,0.00122348133187704,0.00100739905245234,0.000941303657516618,0.0011755020878582,0.00305188317657201,0.00092889716320261,0.00253198767839454,0.00313491910743677,0.00309484928675539,0.00331937476841675,0.00323658137040048,0.0192366265242871,0.00321258757050117,0.00535996490806269,0.00526827796598608,0.00218945184365848,0.00120647423103867,0.00191720954737569,0.000996527295630159,0.0050960151135797,0.00143434014563988,0.00226096719544008,0.00338733183050501,0.000842623881029307,0.000855839718120662,0.000801257803305801,0.00258817171705135,0.0029396662519648,0.000999791719627661,0.00104239522149377,0.00108632746704427,0.00264597398936039,0.0010159532308985,0.00268306396989236,0.00118291012293586,0.00112490322280016,0.00305289310025791,0.00118878429245742,0.00100824497021719,0.00297580555841667,0.00518393642510163,0.00084574664677158,0.0216915783918118,0.000949771730337856,0.0012410340762355,0.00124894775351757,0.000937988112999385,0.000832814667839405,0.00119999131814618,0.00129497870662936,0.00121582559170137,0.00136604538253529,0.000892028316298378,0.0021586460119821,0.00211392152123056,0.000778106349736038,0.00189416683977957,0.000876652738111658,0.00100388297964565,0.000886832767324651,0.00160109331930314,0.000916367855163167,0.000927561334751149,0.00300041479793656,0.00287682866529851,0.00303937077134513,0.00589984035801788,0.00110145042459835,0.00262444778598268,0.00125299040365598,0.00123427560861724,0.00257915612550364,0.0011751110439524,0.00265873033832445,0.00200438904915238,0.00091783763433231,0.00100701020005551,0.00102233849170878,0.00109448086469791,0.0029986831777751,0.000902131523401194,0.001201725961087,0.00116702030966046,0.00108157198365178,0.000900400957484104,0.00094598032721365,0.000964954556731605,0.000935826259625183,0.000955787539222001,0.000911098226743979,0.00107259260053241,0.000873239356839563,0.0106625498439659,0.000941390929739775,0.0020598234970405,0.00176412677371823,0.000894838431007305,0.000958704607531463,0.000934141853897972,0.000896379809390015,0.00264338611689936,0.000836754004532628,0.00487006483468037,0.00179295624863322,0.00111324051267065,0.000895702595517939,0.00103545710900637,0.00117104762770581,0.00105733459684247,0.000937239262465711,0.00271294548133507,0.00103829079463553,0.0020619274157283,0.000843743147116724,0.000866555932958274,0.000942366287145866,0.00396545493075877,0.00165467031106054,0.0113535339795735,0.000818712051083508,0.00221281064609136,0.0010183658958025,0.00172547824883987,0.000995078412956717,0.00479672050343798,0.00300178836278089,0.000972714912674396,0.000991884578450528,0.000927638429515185,0.00164860409901456,0.000920146853427677,0.00196496887495975,0.000862036116230347,0.00204533490835845,0.000937344344070382,0.000985706645885959,0.00216356140823421,0.00108905319031892,0.00111808482748357,0.000972874290664076,0.00338157941707411,0.000869990600868685,0.00101013237360547,0.00257553694284981,0.000756896667620504,0.0012198497031945,0.000928805637614365,0.000971445598882201,0.00114367910872087,0.00103127441818369,0.00282771731178646,0.00255504505174307,0.00291121048294639,0.00116416491917928,0.000997042451742098,0.000849426547918465,0.000843703491682347,0.000910437120420631,0.00204613675246752,0.00194550894420664,0.00704535439403222,0.0229194966814642,0.00104754334026268,0.00105420684716919,0.00181362700346234,0.00125616337617127,0.00133594661036014,0.00427626532830133,0.00181989904860185,0.00213100883615387,0.000920259383000361,0.000946503732169827,0.0010451141452906,0.00265120760664874,0.002639891254774,0.00414811057544423,0.00121203874810731,0.00478844966029099,0.0218913284256954,0.00487369476422953,0.000834633473798588,0.00279319359683557,0.00100168011407744,0.00117734799460689,0.00124433579736653
"DU0014",0.00229704971050295,0.00199683702965625,0.00117141515449395,0.00216586334263141,0.000942229385448182,0.00177679646829819,0.000971184710811267,0.00109837098479105,0.00139299370903249,0.00199933284579687,0.00117384286161761,0.00197824491066114,0.00197718299424614,0.00200810131818166,0.00190228310306277,0.000832072255462324,0.00201057932995944,0.0035966225452355,0.00328812228768678,0.00307040407886088,0.5,0.00324702592368261,0.00169609523533596,0.00332103177433912,0.00118699908130653,0.000940486172338525,0.00114187812111359,0.00100030980359396,0.00385047787066232,0.00192309298493907,0.0020001873268418,0.000965420813419943,0.00323231271730858,0.00194429942669726,0.00193231701023441,0.00194504595469253,0.00124154521557596,0.00201168465712733,0.00297100174871802,0.00119642786473145,0.00240142695113438,0.00264733118122821,0.00386703012491562,0.00137461780147283,0.00206805209967684,0.00426705138645313,0.00337895202524217,0.00226534587906256,0.0010025028969298,0.00237088917773795,0.00350104198893206,0.00530758150437345,0.0023549664832325,0.00146519716307879,0.00233216442694668,0.00121180133388666,0.00206448871585297,0.00118928232752841,0.0030801632238325,0.00395111749730756,0.00218258158529145,0.00114604867803031,0.00103152075307831,0.000917629414812632,0.00196689461715601,0.0030488165835672,0.000941322191097368,0.0021063660295323,0.00406524248957506,0.00109811804174378,0.00100636443537214,0.00351827306796486,0.00317159835437908,0.00185122738305315,0.00106156612234874,0.00102236388667495,0.00191317788260797,0.000942814946257722,0.00100121381915635,0.000944404278986688,0.00194458247513283,0.00192356422930972,0.00190155201520195,0.00222667976773701,0.000982860164321435,0.00330394818463697,0.00249185357169359,0.00358558733748462,0.00225110222716562,0.00100563542770136,0.00126105856466091,0.000931391859888728,0.0020759565578885,0.000819974350964151,0.00207151378936701,0.00413887085638748,0.00110694076961416,0.00710267678281108,0.00320529031801784,0.000999097336610382,0.00296114629514324,0.00488047621109811,0.00199055781015988,0.000963881457450577,0.00196338871705543,0.00302962399267779,0.00222233157796252,0.00100714819739486,0.00101129083516474,0.00353200713610416,0.00102298014008895,0.00100134379999583,0.00103663703411247,0.00482813717569129,0.00202457282660753,0.00190815620788661,0.00191288634238407,0.00183657278729532,0.002924680319137,0.00291558331226583,0.00295425392872467,0.000927285005464695,0.00298167023002375,0.00286373617276044,0.00102687082032006,0.00104386830904162,0.0036618138482625,0.00119594319086903,0.00285674366203855,0.00212503666135878,0.00101588295757267,0.00100806765024255,0.00515531759712432,0.000955756324848648,0.00719606356557162,0.00425498661830965,0.000952897637270049,0.00109803181200444,0.0010522726679622,0.00143289346906715,0.000942466653131746,0.00277497249527969,0.00517596291941558,0.0029215431706077,0.00216159524322789,0.0028930345279812,0.000835299093871387,0.000989605522943116,0.00444237018500221,0.00268951138990914,0.00124977279270672,0.00103715638169484,0.00447962189901795,0.000970760207185962,0.00121752397488549,0.00547710423975608,0.00356840354596865,0.00338859583620127,0.00101564346964895,0.00111492983856448,0.000976956438841488,0.00100238235232984,0.00112695198341236,0.00355712654962785,0.00101800518370347,0.0036462891032073,0.00276068831488126,0.00567600455789188,0.00374524652235265,0.00571803648261346,0.00100633203819094,0.00119062772496099,0.00221671453273116,0.00282803748207132,0.000997267772236989,0.00406940209370627,0.00202451687484299,0.00112025206921262,0.0039425732663055,0.00103109663035105,0.00109859494852661,0.00102999677460076,0.00325286304797238,0.00727227495906969,0.00332858018224013,0.00098846209263686,0.000943231769971214,0.000974876865147864,0.000807933499481268,0.00290920064993482,0.00246811772093281,0.00421744486936746,0.00364591479588584,0.00116697363932191,0.00116699063002464,0.00103758275986168,0.001901281805042,0.00125474180678661,0.00502464704364426,0.00359789851984539,0.00542689345668484,0.00142050915913702,0.00102900424483369,0.00215607169955148,0.0030721423783319,0.00303019138688254,0.00286971896856129,0.00428411722337128,0.000985819775857217,0.00494181268348803,0.00107714718034711,0.00333607052447096,0.00109316550011973,0.00311886488948895,0.00100549134984216,0.00100997445828253,0.00630594871121271
"DU0015",0.00103997749602611,0.00209566081729828,0.00197593127847507,0.000994571745550803,0.000882472272708358,0.000996458559465562,0.000868749780855577,0.00934085256993322,0.00196238300042259,0.00125780811439797,0.00101888518862934,0.00128866435829473,0.00108938204744162,0.00128791764466378,0.00102145227143439,0.000848462660320002,0.00125086561426981,0.00558694867558844,0.00520971013789714,0.0259627317309049,0.00324702592368261,0.5,0.00100392858583679,0.00224377169294397,0.000945740876970614,0.0011665102059897,0.00102904620366016,0.00109467483187907,0.0030711361797849,0.00137640724790421,0.0011405343236742,0.00115166098598407,0.00123890873526678,0.00103524602659402,0.000959635509863689,0.0012157125539004,0.00152105440666274,0.00182547902425001,0.00194772887313304,0.00215553440644078,0.00219613483236553,0.00246780579067359,0.00231470386522779,0.0190757091370929,0.00231282859876183,0.0055663951634355,0.00460791972297171,0.00231775891889101,0.00128855338868385,0.00126446828993035,0.00104894708777423,0.003553830968074,0.00435248606910114,0.0014748321108783,0.00236798341762972,0.00085257160702164,0.000870297931621967,0.000800290723978991,0.00197567935007874,0.00308609081363516,0.00100638302565719,0.001080872966395,0.00113374810660557,0.00280197033562309,0.00103655067075289,0.00280096659074605,0.00123980255320344,0.00113127375583046,0.00318869607129862,0.00123760519874866,0.00104464474562846,0.00316410256070404,0.00550028056017707,0.000878457735052447,0.021915301885165,0.000982743282801862,0.00127839846915929,0.00132660883886419,0.000947150524042065,0.000841892722315741,0.00123999630385374,0.00135139678502164,0.00125439322380556,0.00139041244621549,0.00168996226530095,0.00146305461527197,0.00219865522498333,0.000792676674700949,0.0012054838871888,0.000890813273087519,0.00101312385433926,0.000916585876167103,0.00162826075208974,0.000936092552544266,0.00094517447513972,0.00316367530141302,0.00310266312783872,0.00321020653486951,0.00564108480497211,0.00112228382619462,0.00275439865042043,0.00132489351484104,0.00127052124503783,0.00110521211355776,0.00121175897960083,0.0020706511876118,0.00130507663888035,0.000941085193689735,0.00103352910892829,0.00104739413066078,0.00191258940825851,0.00302608327008296,0.000904518390625693,0.00217433900902538,0.00122551383580679,0.00110331604045472,0.000918182371091474,0.000969795324178415,0.000990037466029462,0.000984195026609898,0.000994106429728132,0.000932839746777624,0.00109522762317262,0.000894280635775748,0.0103034421018931,0.000946659007960522,0.00130391033084878,0.00183378219680723,0.000926081336592427,0.000990337055327763,0.000962009876821899,0.000902234983699894,0.00204189675962578,0.00085369834040957,0.00356430034362723,0.00111812641096291,0.00116370445401769,0.000886287610493819,0.00107743910639644,0.00119669696897968,0.00108995818489853,0.000977910639914759,0.00283770462041431,0.00183259711775765,0.00216840693888407,0.000869902100014398,0.000906536268608868,0.000986182064632752,0.00244680080802886,0.000973098726055716,0.0103303563337964,0.000836037093777924,0.00149259494274873,0.00105685942807716,0.00107841004015933,0.00106506735605049,0.00337628130194039,0.00227416615841944,0.000997043565036188,0.00100374934412006,0.00092018326754412,0.000890970193452269,0.0009094826060015,0.0012787282851528,0.000868553501916114,0.001315362382824,0.000962251726554089,0.00104392005287374,0.00314422356222709,0.00115260981302938,0.00117180080697979,0.0010309947057072,0.00373227335301199,0.000877438370316444,0.00102839017388377,0.00270551908344272,0.000760881487203878,0.00198944555588844,0.000976770256200185,0.0010140138911872,0.00199550342775122,0.00105098774888897,0.0029594265731216,0.0019900612249667,0.00302219395172796,0.00121185148932739,0.00104908039522471,0.000864396746812797,0.000870258019452655,0.000969465500433453,0.00125361016077028,0.00203927072007969,0.00781701278149403,0.0244854533731265,0.00108304900565328,0.00110981145985498,0.00116750770283099,0.00123279632578798,0.00218849086557775,0.00427464159828071,0.00118004562876644,0.00138525593253964,0.00172361853266436,0.000993113537342843,0.00107934071181465,0.00205068511765516,0.00207161005763114,0.00521219397223557,0.00125803116494349,0.00494363908325276,0.0237871573010995,0.00335054336585737,0.000832983087249168,0.00289866241074176,0.0010232651942237,0.00121855300117749,0.00378969575918583
"DU0016",0.00177115085918332,0.00492358855241986,0.00132153989629798,0.00459713364985958,0.00395455673395296,0.00422284552445745,0.00318398702155702,0.0010586891514022,0.00109865494612932,0.00177938260483741,0.00118846184940434,0.00171591703258804,0.00170906297915995,0.00159554151477899,0.0015830493544797,0.00400574558022389,0.00181535626699683,0.000852427815688766,0.00113304006649212,0.000964746625215011,0.00169609523533596,0.00100392858583679,0.5,0.00118275886521512,0.00107719494941013,0.00384577720328273,0.00113996751377677,0.00118096715065909,0.000799550218217118,0.00495066857968947,0.00271173982107268,0.00455553705270791,0.00169819920813288,0.00157517902926674,0.00160130178753362,0.00162136877077084,0.00115557891270207,0.00335701494075418,0.00118010350236196,0.0031971138000089,0.00116665656655422,0.00170041050106997,0.00130769385088047,0.00100653674353964,0.00488685216543289,0.00161092483265112,0.00116514290771706,0.00229711428579542,0.00361612280158962,0.00187624930263042,0.00111661828681359,0.00158533757919856,0.00207242549585956,0.00114790279303256,0.00177983252079326,0.00130726622782063,0.00163563395988202,0.00106814298923293,0.000996179594722299,0.00593633885370993,0.00465892565944069,0.00112250686929658,0.00112086637256411,0.00567341566934747,0.00165255927469363,0.00116356510963446,0.00440606955975913,0.00197303023483797,0.00646089497894348,0.00127434632125978,0.00127161612664793,0.00115628612477592,0.00107946466473286,0.0102154386329852,0.000967738315319738,0.00333465705323008,0.00247839822502715,0.00367454145118248,0.00111119516824486,0.00113031957542591,0.00164216252821937,0.00345006300783394,0.00252512868673003,0.00178657699871565,0.00103534203166984,0.00396187730156699,0.0012097384657927,0.00482682739047421,0.00106244928960306,0.00124836497088942,0.00121582014395678,0.00801546249294483,0.00104079416718634,0.00171603882663297,0.00167810835054554,0.00391873148754247,0.00117169139722097,0.00163784949979078,0.00112889454234267,0.00127895373018969,0.0011126339865235,0.00172937380255047,0.00181931556315295,0.00310618568861166,0.00169279766477361,0.00109690452792461,0.00129825882552986,0.00109894345514829,0.0011946080283173,0.00112942944742515,0.0011667766570431,0.00166065631470676,0.00588778465980792,0.00345092245560559,0.00173140627836925,0.00158363276805959,0.00157832434511705,0.00155160452319347,0.00249998986952422,0.00340692086767037,0.00249477103107907,0.00107075089007418,0.00263539231484998,0.00233912832970312,0.00271840361856194,0.00129757417653402,0.00114323450755898,0.00109837534979785,0.00275884247105343,0.00125013365188729,0.00203497540519457,0.00451832218387412,0.00250005930670802,0.00284861016265934,0.00240911975345007,0.00254619847807741,0.00507457461691954,0.00300766468478919,0.00485553918126342,0.00120261124761713,0.00685800124802642,0.00241157001554356,0.00246715027982254,0.00527361820255143,0.0052925500804788,0.00248758815608173,0.00169473604353407,0.00116177252822982,0.00257192097059805,0.00647171990961154,0.00106324370513331,0.00778364489503882,0.00252784747620171,0.00579749536321044,0.00115508360972898,0.002422164797989,0.000850813510730838,0.0011296558183525,0.00121151888512664,0.00111646887106373,0.00133715788147059,0.0011816723886407,0.00625142728760588,0.00123979963959306,0.0010989590888571,0.00117503587243826,0.00318461677612101,0.0024567792789374,0.0011449054586594,0.00248330772856016,0.00398297733193833,0.00117440165592432,0.00109525958761914,0.00561576746701266,0.00117177035850289,0.00234982330277307,0.00404576098043844,0.001241975973872,0.00249081818319257,0.00116848317815638,0.00363171266388764,0.00109112735650974,0.00116117224732822,0.00237932296942817,0.00110520008878718,0.0041915594252218,0.00303918853777154,0.00112789445771592,0.00415636229205104,0.00248888222743413,0.00138959917641488,0.0024976671329471,0.000917307204827179,0.00106657357728233,0.00106721170731305,0.00117220082029747,0.00411016634575339,0.00112301741591174,0.0011316011709422,0.000899494418606532,0.00248896096244686,0.00125590568651589,0.00305853340472916,0.00117824528644436,0.00256389787302519,0.00104591247103334,0.00516552913717452,0.00246413886958789,0.00418306868650265,0.0023767155755399,0.00341142885664856,0.00117628639767921,0.00193747470664798,0.00107631937112629,0.00696549308444822,0.00123998891352725,0.00257502792392364
"DU0017",0.00113565079974955,0.0011972688767405,0.00227601227697213,0.00404572585048953,0.00486014621635408,0.00207249792055196,0.0011798967077069,0.00115488071986769,0.00125539975784826,0.000893856015972872,0.00114853469656781,0.000855376793491271,0.000852545800656414,0.000960124428756719,0.000921400412637334,0.000721067807360923,0.000925624635396624,0.00324499985539873,0.00592996355017884,0.00290458890899609,0.00332103177433912,0.00224377169294397,0.00118275886521512,0.5,0.00602729776861492,0.000947011607544676,0.00126692534103085,0.00109800783000436,0.00246701021560131,0.00101577523803804,0.000829466457073438,0.000970037680889557,0.000990315954986182,0.000956660292037177,0.000934470311904593,0.000856112942521365,0.00112443493073513,0.00115528808539172,0.00331105148404497,0.00125803640984857,0.00653530857645764,0.00232967508207124,0.00179608106614985,0.00112184604861629,0.0012693165593235,0.00318563220227697,0.00338717028390408,0.00807074969654926,0.00151238742668488,0.00131579761847633,0.00261916085736653,0.00312831061498758,0.00246328646554409,0.00234798275100278,0.00391910151059639,0.00159182323578295,0.00107155855185188,0.00105838265220582,0.00294468410089519,0.00306607635365886,0.00118574121440379,0.0028230345574053,0.00401361391341038,0.00359820806690942,0.000933446307465357,0.00666497231520458,0.00375390819754907,0.0012574962804238,0.00130519966746482,0.00171402334333765,0.00489802803356696,0.00620148807160742,0.0034228282068642,0.00134517616334896,0.000894625290874198,0.00109617622907123,0.000829630240755413,0.00141459129512507,0.00124925858183227,0.000898350426648687,0.000877474113273489,0.000821260540004488,0.000812711381595581,0.00110505366467629,0.00117489474140646,0.0059336480936822,0.00187819211928582,0.00124652482511717,0.00620443488667368,0.00213264151225841,0.00469771820460145,0.00126377747318235,0.00109474485196673,0.000657401597390042,0.00352560803429864,0.00321692886936682,0.00155690086373237,0.00318082569083536,0.00668011111627867,0.00507637376500083,0.00739480297880922,0.00113325290732251,0.000848364349921503,0.00264958209598894,0.00086285028052624,0.00446440634241881,0.00295354824143588,0.00537117682895025,0.00248475271520357,0.00107067386240264,0.00120840958058182,0.00169105916561659,0.00155019868880025,0.00123761298318107,0.00114517607450299,0.000874070514287268,0.000933581793684595,0.000834049064184473,0.000735974830835977,0.000929266251398582,0.00099302435649375,0.000865642091589483,0.00183149125665729,0.000869087590923934,0.000874535901178342,0.00610444732753912,0.00142040755543734,0.00225378601068715,0.00187464797277967,0.00115060673539052,0.00608184248329046,0.00393919240750334,0.00302336662788315,0.00503542726941579,0.00293261807464363,0.00368321127923886,0.00105033542373364,0.00138206004052438,0.00125833226286929,0.00272909414704457,0.00203135212522667,0.00115244954449204,0.00296025083565171,0.00107815293511192,0.00223346215642964,0.000741914018201423,0.00142929985791734,0.00180245240475833,0.0022061468354498,0.00114613869109683,0.00115468025041721,0.0037549133763595,0.00218911823621387,0.00550893642961545,0.00681483032439677,0.000991995801858301,0.00326493053976886,0.00185006306124885,0.000828225709462229,0.000973581544223952,0.000924524931077214,0.00111833482211529,0.00490136943635094,0.00232197231671129,0.00120055776249301,0.00230746023164976,0.000735258643451818,0.000970609661248684,0.00164617804681542,0.000931142361628083,0.00474949348220242,0.0016257289079527,0.00163197514788227,0.00123942119451605,0.000825134165759257,0.00280504189583253,0.00109759340149414,0.00280434050457469,0.00111570609327456,0.00124463923661938,0.00113654782928358,0.0010117724450166,0.00312711839139722,0.00283596292785201,0.00314830692127458,0.00103566241547734,0.00169227700584395,0.00140005251071904,0.0015031686009507,0.00108568250295403,0.00525964867252833,0.00123602222554881,0.00231651675755566,0.00120481368380925,0.00441928179707232,0.00123148281611157,0.00120994551613207,0.00539794913749072,0.00472393251567317,0.00329603989358094,0.00285205668164785,0.00620400633200275,0.00140173082065388,0.00107050227262814,0.00105206269640202,0.00764591619633724,0.00284235313030101,0.00216041809485051,0.00114379969361466,0.00286364713390248,0.00176659158457635,0.00319863902768886,0.00452671277550985,0.00397365207087446,0.00255305429581723,0.00256508311644579,0.00204975796437716
"DU0018",0.00418251487582066,0.0010534999272659,0.00147046479967992,0.00110292682095466,0.00524124883154116,0.00117348502291072,0.00103629372067608,0.00104840282538145,0.000960037452975091,0.00220584728567606,0.00100685443343955,0.00124794380578836,0.00133255198575672,0.0039842624695946,0.00342426830076055,0.00181380605021673,0.00118054651695516,0.00118184940389095,0.00485132401892593,0.000935832921885652,0.00118699908130653,0.000945740876970614,0.00107719494941013,0.00602729776861492,0.5,0.00103847008280642,0.000896568596601589,0.000945810383180169,0.0034163678947436,0.00310483488112489,0.00128950696159172,0.00112286872047126,0.00464295335644358,0.00448753251274298,0.00240738769292158,0.00433403032789728,0.00200969975445465,0.000981215721885848,0.00156302839676656,0.00102455898662812,0.00556759884509828,0.00111483870691032,0.00465937974355186,0.000967472510903212,0.00105375476130759,0.00103825563718571,0.00391113697555768,0.00401951397810256,0.00108244385164848,0.00114073670094531,0.00331494842009072,0.001003565486457,0.00125032169614087,0.0012415074359764,0.0011303166523942,0.00777983402917684,0.00390390907795887,0.00410058191926462,0.00362819847990641,0.00100855227327129,0.00418566511885045,0.00123074637607476,0.0030978920405565,0.00138872758893174,0.00150388191383857,0.00420954705078325,0.0013287157736862,0.0011077521877082,0.00111311724940653,0.00295474309619472,0.00591480475521225,0.00632069190282981,0.00106303337502266,0.00118660110761486,0.00283252395970252,0.00131183224200802,0.00331697926175336,0.00141851555270906,0.0074317950801133,0.00123680174265241,0.00441939987813263,0.00212368651120565,0.00306532014513905,0.00349646889788494,0.00097136461642741,0.00110836785845649,0.00499374553624002,0.00366171060978156,0.00715427013747019,0.00102131035406064,0.00117064635149761,0.00102555799643598,0.00157510704813476,0.00304784863540763,0.00559608398380771,0.00106871324932638,0.00114385477074571,0.00110235101800657,0.00142872799278536,0.00124971086830529,0.00407843696978869,0.00110137348255838,0.00328555299427007,0.00114217166610295,0.00125240563268349,0.00112765056034897,0.00474796327976573,0.00578505650017485,0.00122448240779057,0.00392173846219858,0.00101015448246892,0.00133074209691428,0.00380823988808833,0.00107280422328442,0.00219280925043871,0.00337199992683865,0.00262701945063301,0.00131982383946648,0.00127240511511669,0.00287635489898972,0.00112862999052452,0.00307430795632139,0.000942716970576594,0.00522722603423267,0.00261365132217873,0.00454796290670321,0.00110837646749354,0.00105005776179865,0.000927220449468471,0.00115219055672594,0.00474209261471979,0.00455181920937851,0.00109017875124323,0.00265142499145696,0.00100618116589376,0.00110677741367053,0.00174532905297489,0.00153569763948281,0.00156798588402017,0.00771189217501368,0.00151361908766939,0.000960720065624418,0.000997986180357802,0.00098261190919478,0.00131484869411052,0.00132245455545827,0.00108761907387736,0.00124259158482213,0.00105005188817234,0.00105002618481554,0.00112528123696653,0.00450095754211955,0.00107669611232248,0.00514072091411294,0.00443202545756747,0.00108097840142181,0.00104087595860493,0.00093978705317989,0.00126429217902371,0.00600123730385544,0.0014503299639828,0.00111598639628235,0.00358865702388279,0.0015626278570742,0.00500823141903944,0.00361755983447562,0.00283641970680165,0.00107335057707556,0.00294801003250264,0.00300138295132718,0.00140577346591394,0.00115186548029797,0.00166818246118589,0.00112845057065045,0.0031532953007164,0.00359905627096626,0.00383894851517692,0.00122433677610395,0.00103807407834988,0.00118679004758113,0.00107722289249224,0.00358161391037981,0.00215299310917063,0.00321139074784045,0.00262833228700498,0.000995294101923924,0.00111999711294007,0.00103834561434815,0.00111085674349861,0.00106707982035401,0.00451846734981115,0.000985326487150011,0.00108972671799626,0.000968135352766378,0.00405092197414306,0.00115353634674499,0.000900279487842939,0.00786560554364426,0.00548464593900614,0.00111565440989867,0.000967295646141962,0.00591714545970667,0.00150368121175639,0.00121180483782582,0.000943471611946405,0.00671751055374607,0.000939542647707383,0.00095784510830964,0.00147750666594533,0.000925909299515663,0.00100040901444265,0.00122461002949121,0.0010344319130378,0.00102561935007898,0.00115474068443859,0.00115899777531747,0.00116215576938539
"DU0019",0.00114718298961083,0.00457769636121171,0.00113989053490029,0.0010989981566729,0.000959601898558079,0.00100258709826793,0.0043158040033781,0.0013135805978014,0.00298575554793974,0.00229194889037614,0.00489908374037189,0.00221539045148326,0.00322833181367881,0.00114215410157689,0.00109901187863944,0.00153120418639991,0.00237013627474918,0.000758663513816685,0.000842728600255151,0.00112325991222237,0.000940486172338525,0.0011665102059897,0.00384577720328273,0.000947011607544676,0.00103847008280642,0.5,0.00437245193110467,0.00495077778022402,0.000811068781143447,0.00520817841899573,0.00343350040244004,0.00791553119238223,0.00206401709592387,0.00114052586880985,0.00111366584149503,0.00120141745349235,0.00454298509130062,0.00437961626682022,0.000996136749415537,0.0043708936635453,0.00101479467127208,0.00101397717362159,0.00104762195220199,0.00123761428113835,0.000959493180693854,0.000854506818312723,0.000874085961537655,0.00214205116098108,0.00471740361874443,0.00122443552403983,0.00114764637710802,0.000870454002377384,0.00132698271190875,0.00460983169450005,0.00109686689069256,0.00171094192052856,0.00105523473418026,0.00407536838874822,0.00475747301866873,0.00443406219829737,0.00107575168071015,0.00106959658151965,0.00112583798579298,0.00122432400478542,0.00114369748208305,0.000981315297724909,0.0041606857232762,0.00107123050655102,0.000935769740179942,0.00117973769287551,0.00124332075566003,0.000908822216791136,0.000843059561826386,0.00104191641696379,0.00284433134207791,0.00396160157146983,0.00318088517642625,0.00454835151713658,0.00282005740953842,0.00477115200129846,0.00213331303370946,0.00328550548472585,0.00508159527046412,0.00121149840584236,0.00481219647770368,0.00352586352876684,0.00105719963471906,0.00261504062325754,0.00094469866489022,0.00484021634437536,0.00486623693941187,0.00445582836841473,0.00426789179360512,0.00283021873236443,0.00109136680510594,0.00364347677944524,0.00102228530280313,0.00090057601458565,0.000855540816615733,0.00102381029004297,0.000929185425121251,0.00115139953944086,0.00347155715616357,0.000964340296891098,0.0012455072606692,0.000976216090150964,0.000948421951003824,0.00109410477629498,0.000964758529603248,0.0063302528734961,0.0047352391998908,0.00165004120796756,0.000994072860449799,0.00103127724198798,0.00127039022458417,0.00119008732972697,0.00106543221469994,0.00108301485559969,0.00114709889072259,0.00395019267007723,0.00291557060178788,0.00683303980656193,0.00102906315112153,0.00253800851935963,0.00493865652778839,0.000992443967108085,0.00500200067544767,0.00462011727508508,0.00174624480773864,0.00501830580680737,0.00295142873056241,0.00101124418369182,0.000915968667884611,0.001059807852017,0.000795850580135034,0.000896639551955023,0.00775775488284888,0.00102461564868774,0.00453795654624379,0.00101544348210088,0.0046444284538995,0.00105129857567404,0.000874164984559874,0.00383041578323208,0.00455531032398256,0.00106753280554646,0.00200362453490247,0.00273600663178659,0.00083426040189769,0.00079159623502737,0.00228698673280768,0.000967958560671496,0.000816581935038102,0.00375387627205874,0.00103429470808844,0.000892142251495319,0.000877934288989413,0.00504250525055452,0.00397787994365788,0.00382402885058379,0.00296451957403782,0.00442252675561019,0.000905123418600252,0.000999641760309482,0.00102518756615995,0.00289977431921525,0.00293488565883322,0.000892445326715018,0.00105073483752459,0.00182163462143547,0.00410900895507873,0.00109951755652125,0.000921542314156902,0.000832857636501828,0.0041637008155025,0.000855202108495271,0.00144063318155386,0.000940310911011272,0.00100956986959673,0.00164734017073091,0.0055534339948052,0.00284585533105663,0.00400361360549815,0.000809343930206223,0.00113978099197543,0.0085809867743087,0.00173490924015781,0.00442526516754221,0.00131098261979496,0.00273422738260807,0.000997141721628487,0.000850537397224779,0.000999541144291762,0.00132318387457747,0.00101521570294193,0.00155840132864825,0.00781081824316874,0.00100656800613677,0.00084260024701765,0.000838670113457754,0.00090801319514717,0.000897891990087087,0.00110854312128816,0.00717387729821055,0.00102368167721731,0.000904358601057968,0.00594969100499857,0.000805453283422837,0.00457339765299549,0.000781078268166727,0.00558941972426091,0.00125803558197936,0.00592710471293039,0.00456323205603517,0.00103815070302178,0.0028675867577449,0.000901976182256149
"KL0006",0.00103322573385116,0.00125246136285887,0.00130810150304556,0.00449866730329704,0.00123013259367458,0.00109818877672091,0.0074943791880407,0.00225262360847776,0.0101284306430212,0.00189073595478391,0.0064429485704918,0.000896729894321648,0.000914087661435371,0.000848161602810084,0.000823686027715003,0.000844286555212122,0.000993202444247296,0.00176188256611166,0.00107592347779428,0.00103990838024948,0.00114187812111359,0.00102904620366016,0.00113996751377677,0.00126692534103085,0.000896568596601589,0.00437245193110467,0.5,0.00432551278937992,0.00257086873951546,0.00102223761075221,0.000943763148175834,0.00532243459953985,0.00090508414284126,0.000807410115462713,0.000843127870435704,0.000791731831613445,0.00527462745852451,0.00584694231865123,0.00275163172602692,0.00584066808651256,0.00203403962306352,0.00337485916099081,0.00121740897251778,0.00188145943320667,0.00117450556101756,0.00194809522838712,0.00198282162874224,0.00119970840824312,0.00148039588319581,0.00493520987023172,0.00394933302048314,0.00197901476597359,0.00120822524724865,0.0028121981223596,0.00127404106953906,0.00102393513069555,0.000922691711463104,0.00137055381710753,0.00440884178430857,0.00118133270959195,0.00100434298368318,0.00884230775889166,0.00436738992829105,0.00127447890329904,0.000783353713539025,0.00131963678961824,0.00116495763415627,0.00112106385371951,0.00109485751997485,0.00467036810915845,0.00117465364965235,0.00109268863192836,0.00142982430679485,0.00131299112608078,0.000785785793195412,0.00107087402776226,0.000822483685435761,0.00226108594406932,0.000910049198922291,0.00530477933036145,0.000784824142194477,0.00085596054877108,0.000876198782669366,0.000874507814060128,0.00746027125500085,0.00121168599400935,0.00116069860772252,0.00123551435739285,0.00193372642131962,0.00808476821415592,0.00707933050558343,0.00695044421450571,0.00393367722689083,0.000748890387507168,0.000847072808381479,0.00111045956913177,0.00317805141545456,0.0011753767908738,0.00123779746342989,0.00224673956666562,0.00140844148340725,0.00219261768093117,0.000851504850074607,0.00139076760334076,0.000891423163488607,0.00526754982014349,0.00206887854299795,0.00132292980655681,0.00127806843483775,0.0015283344630321,0.00686103965761461,0.00102055492939151,0.00114246309467255,0.00119978460432009,0.00124818639167533,0.000792585335590231,0.000809375518519661,0.000773649917611786,0.000733082931239186,0.000968043658191072,0.00101107095146069,0.00427804499520281,0.00181459655514825,0.000697954748070148,0.00115085257874261,0.00102968106825137,0.00469552867058798,0.00652291278778628,0.000983944708975097,0.00525280623283308,0.00118166166113344,0.00407954877206281,0.00114816260906528,0.00256936270740535,0.00175707775570406,0.00199937435844974,0.00535262134194608,0.0010496170189684,0.0011082802800164,0.0011728703267436,0.00101345879872749,0.0026077675994266,0.00394687675859557,0.00189493078431329,0.00117849223295637,0.00072723610139544,0.0023172948983277,0.00265826336603773,0.000974748982712964,0.000799439243323028,0.00466021430188922,0.00104745370787621,0.00101483345059313,0.00111932233437011,0.00355257246227091,0.000905484056451571,0.00798331823997937,0.00574932097185993,0.00537994380883706,0.00123819610929513,0.0012701033059365,0.00272056744337481,0.00101747428102707,0.00227844597279933,0.000845169423940942,0.00650836984655822,0.00069125385381052,0.00089701342458451,0.00147878432553807,0.000909540796945812,0.00221122810255968,0.00540870001658954,0.00125930273929053,0.000860550997474775,0.0055065821881555,0.00166822237802143,0.00112689564669259,0.0022143409889676,0.00207147288659015,0.00283992439255565,0.0023988908598351,0.00213484107512762,0.00508242807524347,0.000913239665442165,0.0046933858807771,0.00262968973046065,0.00142133753775923,0.00701447504257874,0.00120724855985682,0.00111784254521039,0.00127248563416588,0.00106167658952,0.00189366078198593,0.00192402423589676,0.00216884297175799,0.00245237013072561,0.00639059722229565,0.000955660015008034,0.0021048235257952,0.00517170594098935,0.00453872735170904,0.00118635053895229,0.00126731533966159,0.00321721170731227,0.00184367224661299,0.000979094682182377,0.00602328242921184,0.000924121347614464,0.00106830508618844,0.000943264464205497,0.000955699010166285,0.00121367683574149,0.00553103467059712,0.00301684900776573,0.00422281200056389,0.00138945690053486,0.00109056642699929
"KL0005",0.0011044913046587,0.001227525467546,0.00457675111663683,0.00148552963733342,0.00208710251272275,0.00358566541199816,0.00332486168847299,0.00306825266250195,0.00293104029686458,0.00115068240542435,0.00916454498494707,0.00307962458480866,0.000980089085373725,0.00199468881715078,0.000918149654885753,0.000820070396499297,0.00323040581603546,0.000804228489050863,0.000915177959586425,0.00108855698473129,0.00100030980359396,0.00109467483187907,0.00118096715065909,0.00109800783000436,0.000945810383180169,0.00495077778022402,0.00432551278937992,0.5,0.000818689151373596,0.00108781199459176,0.000952516510736132,0.00265954556546624,0.000925984078156868,0.000860931145732364,0.00103184929744212,0.00286769726545396,0.00258083933243878,0.00443482578521235,0.00107916159429667,0.00428928961485196,0.00222873109481559,0.00118227623353983,0.00115893620602875,0.0020462224777515,0.00111923362356944,0.000908602391510032,0.000953439748201824,0.00104767971267394,0.00124561244046049,0.00372351041851928,0.00215361903580355,0.000958266001714028,0.00108046895957983,0.00487787996785907,0.00230504694654981,0.00111876874502896,0.00124503992630179,0.00437681673117747,0.00467473992380005,0.00103842937073796,0.00108300852385431,0.00131928341971982,0.00226486186677565,0.00122297522814286,0.000989797728165616,0.00103688888904003,0.00112094752838209,0.00424119377146554,0.00114231471108787,0.00234431909451724,0.00123700055289956,0.00112540340220835,0.00101713243279091,0.00121860629892357,0.00102481335320012,0.0014869153297578,0.000892275312970462,0.00335811875080412,0.000927961943376494,0.00455080635622421,0.000905592995125461,0.00197370901550981,0.00103595120717845,0.00093013319674106,0.00589715533958882,0.001054871577816,0.0010408108615521,0.00414447672493138,0.000997358252924299,0.00479988383931079,0.00557958199700694,0.00425090137989768,0.00615572958625941,0.00072759698202449,0.00094866398496219,0.000999157312633221,0.00207644961963512,0.000987357802559914,0.000920380360824192,0.00241463678121468,0.00103644008832299,0.00340888866828515,0.000914416571668978,0.00310333729717627,0.0031611990095601,0.0011638112928232,0.00400321121597482,0.00108315422311124,0.00368426616041707,0.00547708469424552,0.00781476149650094,0.00121126944680277,0.00329048952583485,0.00118803269456491,0.00322282571061396,0.000862787240403919,0.000960045304025538,0.000890136218394051,0.000805200308043275,0.000933360088291502,0.00100905417910558,0.00503793424568878,0.00487612269736699,0.000786853352353664,0.00196114800330786,0.00365469310931906,0.00613961625264576,0.00459628898677952,0.00381248804400858,0.00525698241710136,0.00120653052169691,0.00132174860991643,0.000933770222041321,0.00122597112254258,0.000778492292174086,0.00107521487095333,0.00549544968530967,0.00234298025489595,0.00121354252117772,0.00104603427491224,0.00109877067093052,0.00282725754787731,0.000888060862396296,0.000994472257604305,0.00127110973996726,0.000779952825589784,0.00230301816128355,0.00204486568361293,0.000854234958668823,0.0027452117843594,0.00209446067988948,0.0013326967250704,0.000846763567264373,0.00114774277126587,0.00116841528487756,0.00109743585249018,0.00144796120329826,0.00592661475107149,0.00263139670399756,0.0028367976657336,0.00421815233709587,0.00690480072611114,0.00381043349672912,0.00210033592088973,0.000953754281970267,0.00268512733661713,0.000749392632632277,0.00105432062291931,0.00224814145545863,0.000917776690062875,0.00310096344358371,0.00227700767484299,0.00124635710512393,0.00366990610125395,0.00274862623319703,0.000831333118855951,0.00267454239627558,0.00129846626795474,0.00112852420846119,0.00477310394633947,0.00290834373273754,0.00485210969030666,0.00410500146940661,0.000809565938004321,0.0011784600069424,0.00664454732310906,0.00374303784239297,0.00445635498241382,0.00153436510440309,0.00193707409394389,0.0012717265253206,0.00276738255581523,0.00108530801515401,0.00478604567476679,0.00206602404262589,0.00386355289809917,0.00579036288678805,0.000926938638793119,0.00104470067139346,0.000923426419204848,0.00277757281586252,0.00388683924461884,0.00136344153238702,0.00643009173745519,0.005430414860883,0.000875892780260719,0.00259984084215367,0.000815560168911085,0.00316511626309704,0.000788329743114619,0.00205149942789744,0.00127255208152402,0.00507855752177263,0.00692885235899315,0.0013230032243995,0.00460789486587329,0.000927706776253491
"KL0004",0.00416553363021237,0.00183574276075176,0.00211615650626181,0.001212854614768,0.00081830946267356,0.000804410244830648,0.000839842979976515,0.00463725490906542,0.00321284671212709,0.000968246131426318,0.000870868289604855,0.000918347411188891,0.000873716483079832,0.00340854574267497,0.000931593046832968,0.0034255596229781,0.000876466084279929,0.0440101715423629,0.00267808321532519,0.00238518016359385,0.00385047787066232,0.0030711361797849,0.000799550218217118,0.00246701021560131,0.0034163678947436,0.000811068781143447,0.00257086873951546,0.000818689151373596,0.5,0.000917021219979091,0.000914534924433368,0.00082976869825318,0.0011050198583053,0.000981960495729271,0.00182240623400056,0.000968274766297247,0.00135437381785017,0.000848535014973056,0.00219762692946877,0.00112284501451207,0.00103220637912923,0.00226569646412986,0.00232361635359528,0.00316169862678623,0.00122205244101603,0.00273947051092042,0.00273986452949884,0.00309669170665485,0.000873535673079944,0.00180083343746437,0.00351385258334951,0.00253181996309313,0.00218136056094545,0.00240425140112181,0.00199107021330534,0.00401843036536375,0.00344646230515326,0.00365521842491605,0.00495575213158199,0.00150406215410468,0.00343188405383194,0.00196371249032948,0.000900073593387625,0.000770765513440472,0.00095836301538567,0.00154084053446301,0.00082354181377824,0.000956360989884436,0.000931550302274759,0.00164065368000272,0.000867741565772167,0.00109276384496918,0.00246080576080587,0.000884108808863043,0.00178902463348752,0.000907806624752287,0.000925360987849024,0.000793677236424188,0.00192941990296378,0.00082375883913296,0.00188898230002812,0.000872587972692697,0.000903736920536011,0.00125720499538943,0.00177031925180488,0.00237081919464432,0.00325821440689975,0.00346307606435004,0.00573159872193668,0.000900241890019745,0.00232250374843587,0.00115261520080674,0.000879505562245734,0.00333378483237505,0.00110366679097066,0.00157620022824593,0.00102819211129017,0.00443710714490807,0.00257686063568938,0.000899672236723563,0.00145993351160738,0.00109174463830278,0.00092804249854203,0.00102280000518553,0.000903714989098507,0.00179070802048429,0.00232663509862886,0.000883663679994225,0.000856924504308527,0.0038336891980775,0.00178052920453846,0.000799118051582469,0.000800854795579217,0.000998284353428335,0.000929738781620506,0.000948504556327368,0.00186322099416065,0.000842070992899483,0.000847810959102192,0.000763712476702216,0.000787345128836528,0.00085379430264128,0.000766138078771117,0.00306290321339336,0.00413465476394611,0.000843895503688644,0.00196024943261099,0.0018013207669992,0.00074331572427268,0.00242733265966008,0.000912009684170667,0.00140224674776414,0.00147610002303329,0.000807794022070975,0.00226855911833879,0.00200865911914121,0.000801172395393904,0.0011662631108547,0.000959418763917923,0.00497445000773909,0.000890928490569465,0.000748306198233361,0.00269628518232879,0.00169930167529923,0.00204817479565411,0.000812214653049536,0.00144011829321961,0.000829565126212365,0.00153139387144764,0.000929097417208449,0.00565084536431253,0.000846890049957709,0.00150598685309814,0.000871525444663332,0.00190011175146445,0.000962539053854415,0.0301094423201785,0.00115965159392713,0.000926838564845705,0.00355695633368678,0.00187837399005134,0.0010562076264859,0.000835674607028689,0.00216203139054994,0.00108868010314491,0.00465506226705137,0.000773658891877609,0.000999923779144402,0.00105635245540839,0.00278325431745553,0.000874884063439327,0.00209884132370074,0.00115958404717718,0.000780105735926307,0.000903035458049745,0.00466028402291259,0.00354685326852827,0.00204747838143282,0.00246022127579333,0.000921062985961003,0.00190702453783846,0.00204069235580317,0.00299232672510368,0.00357909489236121,0.00267885096797228,0.000865816945073876,0.000787740163230673,0.000824888732042174,0.000680544919989453,0.000826686934374619,0.00240620850014188,0.00204626245572793,0.0142494807477042,0.00179223521533704,0.00420435027991768,0.000990835510094994,0.000976220548383479,0.00124220128183649,0.00227882157644974,0.0355093832927558,0.00204390928780951,0.00226977643086591,0.00109808114954474,0.000925355207898294,0.000794324629746223,0.00253299647319603,0.00211536550420099,0.00241773275979818,0.000923304701481605,0.00175114794751347,0.00166078067210765,0.00280268462769292,0.000808251508931306,0.00144545369679481,0.00127224589936735,0.00088919514423586,0.00416481911844964
"DU0087",0.00209667618533444,0.00537840478004961,0.00101359135061856,0.00190370862040141,0.000821170560264642,0.00163167626117423,0.00100748930238386,0.0022206936799292,0.00108365245453106,0.00327211974829053,0.00115982035485278,0.00543684301611685,0.00331045679525545,0.0040966843861441,0.00206825291717702,0.00177117794343808,0.00239169506718658,0.000886753672166073,0.000999048100794436,0.00131962692712386,0.00192309298493907,0.00137640724790421,0.00495066857968947,0.00101577523803804,0.00310483488112489,0.00520817841899573,0.00102223761075221,0.00108781199459176,0.000917021219979091,0.5,0.00404481590983584,0.00463967241488059,0.00436812409045241,0.00213938723549146,0.00199954487758152,0.0041871844695259,0.00351305829955634,0.000979170094340473,0.000976588967193979,0.00108241752268814,0.00103356036721024,0.00188464227882641,0.00108129139234639,0.00140990340823276,0.0017130762256136,0.00183342953751346,0.00101665990453575,0.00238585991577987,0.0041198850192658,0.00216591115656801,0.00299915968969439,0.00175900389360555,0.00346980003279569,0.00115671674374313,0.0019945755088468,0.00109148735623782,0.00177274947882345,0.00112242038186201,0.0010469112022685,0.0056923984173687,0.00199529067113117,0.000960492834366743,0.00104176658899521,0.00113085514244669,0.00211864419220996,0.000994460546246872,0.00468570369866944,0.00191747220608343,0.00167546036444628,0.00295876230090525,0.00141662872719761,0.000964541687203056,0.000976068932669881,0.00176674778095322,0.00319697496340996,0.00353233871563751,0.0043450076321213,0.00530332122603219,0.00306010832296437,0.00128159401071981,0.00430077034646092,0.00657724117434377,0.00433186431626212,0.00674564354168168,0.000961088619123975,0.00442991902971778,0.00114477190816224,0.00116666428282181,0.00101864766034015,0.0011192871590371,0.00106441287055111,0.0019823222930501,0.000949477341698824,0.0031348541885022,0.00215848504165046,0.00233721158863499,0.00100458380075028,0.00184664140904114,0.00185393485007653,0.00100397909914979,0.000955149810680783,0.00203285625254943,0.00451823196756032,0.000885471721090079,0.00224975991504247,0.000933553710264813,0.000938731950523031,0.00277837775801001,0.000919233935238086,0.00131597223847202,0.00109882762654508,0.00409840367749668,0.000911033232828888,0.00186403084024646,0.00416439276660393,0.00223089151551242,0.00198652308164216,0.00200489973082664,0.00410475515075149,0.00513018142905317,0.00309274474922812,0.00333793959239853,0.00293928388616866,0.00465855813824365,0.00534708056108167,0.000902486860227502,0.00109416569196516,0.0010268239281073,0.00272867194544266,0.0011494390962423,0.00111913230188792,0.000880218056401601,0.00285398070166251,0.000948868858643031,0.00280699656539407,0.00284383942845249,0.00559231193271822,0.000940825563784477,0.00456744438910529,0.00111526689076601,0.00379023856789003,0.00273647011490211,0.002812415305446,0.00595700360145763,0.00478262225470366,0.00316374962811025,0.00105658879337058,0.0010755107378438,0.00299389808818518,0.00252140988552235,0.00156245021828586,0.00101252452292759,0.00296826114830677,0.00366929698656303,0.000988864696622846,0.00270929963997129,0.000910886478584086,0.00209394764032494,0.00151627460350346,0.00341425142836588,0.00128521222902702,0.000991219985283135,0.0010143691289626,0.00100183620711615,0.00117169726024233,0.00123201152725355,0.00399453316935834,0.00281052329335893,0.00203750906540281,0.00486054729463106,0.00414703635312655,0.00100641234609007,0.000959368137436536,0.00267880966872894,0.00353700202204609,0.00277973450747194,0.00110559035735071,0.00100644757396292,0.00290720104269816,0.0012071537715268,0.0040670972862302,0.00119197665350419,0.00136674955975728,0.00278106952319024,0.00110317330589801,0.00441899134267942,0.000914326841656606,0.00108591620655418,0.00191022855387061,0.00292230285122024,0.00100781555416603,0.00274723469975691,0.00114179910599403,0.00140254495708809,0.00103330069830951,0.001063431724282,0.00431018021224903,0.00120204091152886,0.000953495296920505,0.000870632271768051,0.00285209782503488,0.000943221659916797,0.000948542447870752,0.00126018529640709,0.00291747678151271,0.00104464746910701,0.00475009008651723,0.00288231399108366,0.00439815746836275,0.00275742767995954,0.00576757343280028,0.00192615290059911,0.00110762564682558,0.000975118254363666,0.000981341410560398,0.00106047800645397,0.00301099645789216
"DU0085",0.0025731097815301,0.00220682780959338,0.000900568358257389,0.0020686599762275,0.0007554954374165,0.00173357573613287,0.00101584078511745,0.00114171941255983,0.00107735927675738,0.00563052322929399,0.0010209356447037,0.00555823619061594,0.0104941781007575,0.0031206485162757,0.00573742387275314,0.00410822578851382,0.00551821237699913,0.000848067527198739,0.000904355690990062,0.00111096459846406,0.0020001873268418,0.0011405343236742,0.00271173982107268,0.000829466457073438,0.00128950696159172,0.00343350040244004,0.000943763148175834,0.000952516510736132,0.000914534924433368,0.00404481590983584,0.5,0.00712167747104854,0.00270456384942354,0.00343861191898893,0.0051193574347268,0.00524568825718868,0.00240727602755936,0.000947726537265962,0.000873474137526119,0.00108568800547696,0.000896125441969524,0.00198131878116717,0.000930705480207648,0.00118612013214293,0.00227465185058587,0.00189022096576818,0.000903654388364604,0.000862967394622637,0.00231991335150128,0.00224196648627002,0.000959778757037493,0.00184782252704081,0.00232981769181157,0.000943592562916311,0.00206189088099202,0.00120711959078726,0.00256518061470349,0.00121800698074535,0.00105801266149608,0.00305192201624974,0.00284903453034508,0.000745238336786506,0.000815029215030675,0.000782001351395628,0.00553812781781705,0.000862033216621429,0.00123249815617783,0.00211824352423161,0.00173199642907573,0.000872429459930709,0.00123898766519066,0.000985649063250389,0.000794536286097604,0.00180157737291235,0.00468887103137515,0.00126592171948244,0.00642132063955698,0.00338895280065144,0.00332418323580658,0.00291387790803092,0.00542122336143042,0.00619321010744472,0.00561364860762364,0.00264299219055196,0.000837277721167497,0.00204485305827986,0.0022411727018463,0.001055248496572,0.00102305141868089,0.00115296238025982,0.0010034320708057,0.000851643066619608,0.00098687676988474,0.0055896181747336,0.00469961163181831,0.00209684928226031,0.000954421970168806,0.00193283548872184,0.000814026802495991,0.000751411255309813,0.000804487250974545,0.00211099695722206,0.00561742697337463,0.000737105453671668,0.00569942246045903,0.000735810156163858,0.000820054480170644,0.00106158837219812,0.00086861333848761,0.00126415763308003,0.001044312376158,0.00128981887267964,0.000809277927984808,0.00202377512210037,0.00280411374467618,0.00554827492840941,0.00562938306000448,0.00586215501489349,0.00664475878929494,0.00430340159595902,0.00570102408641047,0.00335933618075356,0.00313014197081097,0.00428365286744087,0.0037593291380557,0.000936876775649593,0.000967002622795871,0.000893588068765841,0.00302944791067252,0.00112496524077692,0.00233213461739191,0.000764652173833189,0.00307073416710215,0.00132252531025759,0.00300338049162141,0.0030622228273372,0.00121450420385903,0.000890568286343839,0.00236505169206683,0.00115478147849324,0.00498941165589562,0.00288180223899633,0.00299848848107805,0.00314701787429938,0.00121073482057787,0.00616773758561255,0.00155750368305347,0.000954854518647848,0.0031924088133509,0.00266870289183002,0.00139862727212336,0.000864359502601486,0.00318731204151737,0.00202239575778257,0.000851344879406862,0.00300850379911722,0.000794322550929719,0.00101192816524204,0.0118419954218,0.00214651396678987,0.00472980718890292,0.00100088034279887,0.000859407459054887,0.000872892861685966,0.00161261083647529,0.00132719961361572,0.00621174431366118,0.00312485317225356,0.000887073674826429,0.00333697452380643,0.00101365817028538,0.000765942891496168,0.000904788694908293,0.00283738675441925,0.0032719992534341,0.00307403043866054,0.00111832978831562,0.00077619996677013,0.00309545257710087,0.00104799259920981,0.00222658279160441,0.00127494749203302,0.00105603126949251,0.00297720103243505,0.00106367169735057,0.00119176746969525,0.000765475262936655,0.000899817699017423,0.00107477573082531,0.00310252912508527,0.00089147662557457,0.00294618656607337,0.00096697635928347,0.00116232079314365,0.000852607767352496,0.000900292396234164,0.000984791958164704,0.00131530395404296,0.000879057379903875,0.00075363266726691,0.00306862449292577,0.000861669467849007,0.00087171853738983,0.00115834301960305,0.00312111874754855,0.00124122320397092,0.00224404143741791,0.00304243209816139,0.00237223818357914,0.00290404082713693,0.00240401111666491,0.000977183008507933,0.00111509978412629,0.000855356992972915,0.00120470214298057,0.000860553249751135,0.00322241095045059
"DU0084",0.00210258044891912,0.0047961901008958,0.00107130601115916,0.00112867332583482,0.000941304358312224,0.000975354692014255,0.00550920973559076,0.00113857411659211,0.00713719128206673,0.00340006571371708,0.00476608989369588,0.00140921601863465,0.00370951708129168,0.00120224556417976,0.00306597083112002,0.00183850881582764,0.00146639136872775,0.000817898121664286,0.000924546397754694,0.00111429231942923,0.000965420813419943,0.00115166098598407,0.00455553705270791,0.000970037680889557,0.00112286872047126,0.00791553119238223,0.00532243459953985,0.00265954556546624,0.00082976869825318,0.00463967241488059,0.00712167747104854,0.5,0.00227750995408627,0.0031354638236518,0.00130466222943112,0.00133020722762266,0.00881169210402886,0.00510473332795658,0.000967264788753632,0.00525578244738319,0.000978925537277046,0.00109422136078586,0.00105770572640865,0.0011984885404285,0.00102689422780185,0.000988880187469305,0.000973443822153833,0.00130971025151536,0.00486247064949796,0.00120477685872057,0.00106459599480818,0.000940492046995131,0.00142260186462831,0.00158421097703087,0.00109922754403668,0.00113629046258939,0.00104037351814272,0.00137795842599639,0.00270537241029609,0.00533465643684034,0.00112784410172756,0.00104984774404277,0.00104013329348657,0.00116141774563378,0.00135557069128702,0.000978046459106818,0.00518917143211638,0.00106159064834398,0.000949951252801353,0.0010514130274418,0.00292930196034034,0.00100963128074207,0.000893639555099147,0.00102674270755046,0.00297524723282043,0.00368850520798318,0.00433805399108595,0.00450055695683138,0.00304732588291136,0.00514994520605824,0.00231161396998118,0.00432555935113016,0.00347821659434597,0.00136360599563247,0.00292482074668887,0.0035055001298936,0.00115652060763639,0.00117558571214174,0.000936015071318555,0.0055486743363849,0.00517681469021794,0.00311235096855745,0.0024416774584783,0.00313601464802185,0.00316412931612828,0.00362989148589234,0.00261513817454338,0.000968257564050074,0.000877328160811932,0.000916600922885667,0.000897627797884422,0.00112801350956014,0.00348263396519602,0.000887234471322002,0.00136918434782275,0.000946200051985115,0.000945777895150875,0.0011033758884834,0.000909608520327272,0.00245245272015345,0.00517820711565348,0.00174954353151477,0.000973453019063803,0.00108730796884383,0.00122429870674885,0.00313473147185995,0.00132057382891381,0.00296943789877175,0.00222459575808179,0.00396977224906574,0.00297400701216014,0.0039158216404264,0.000994861954512447,0.0027547529222774,0.0033654751502078,0.000920647189267812,0.00318335665060787,0.00273990943649807,0.000972701730866936,0.00263063055575135,0.00210833000126847,0.000993584798317973,0.000980948681297228,0.000973438987525499,0.000902182999015519,0.000954432622241877,0.00679232699090281,0.00093666090368116,0.0051616209649881,0.00109683428981916,0.00396727043503035,0.00099035656017463,0.00093589472137793,0.00405058288290633,0.00524100243114933,0.00299444122879759,0.0010178438261203,0.00177306809642739,0.00095893284787321,0.000810904387858537,0.00222675356076594,0.000966013806637837,0.000959871741417163,0.00375378384127547,0.00100113523719479,0.000900718786720473,0.000877957370435928,0.00311999070004184,0.0107494693796232,0.0024279973900052,0.00152785750854425,0.00152327055851018,0.000826059081697022,0.00102792536619031,0.00280649885250144,0.00833903206984212,0.00465752656625051,0.000946511704865733,0.000969637857608511,0.0011579402171228,0.00406942539924297,0.0010825518716548,0.000874636247268711,0.000833409839548,0.00862380472384852,0.000899225007333855,0.00113639705397228,0.000934047184731312,0.00100197515392531,0.00126497753935587,0.00417788816460645,0.00133880019084836,0.00153855930051935,0.000856488635484693,0.00113399771453865,0.00506613076337644,0.000935899069050854,0.0030004556724189,0.0010075318037885,0.00106595743434495,0.00102891318650889,0.000918210078509393,0.000994668225111666,0.00122582098195205,0.000949415751092798,0.00121196861809595,0.00592732001895519,0.00284611852575051,0.000892292139011314,0.000826626534579211,0.00097929046372341,0.000910366149416111,0.00107280848598104,0.00290666414647483,0.000973982058589595,0.000990601783520347,0.0108068271819344,0.000931593463204449,0.00453041605283275,0.000906952979661203,0.00477615206005966,0.00113841340667489,0.00560372574802117,0.00241629515992071,0.00101184664616076,0.000984380247741447,0.00099070245140839
"DU0083",0.00260279232846134,0.00202338837753371,0.000932622864337193,0.00203066297704504,0.000789660860256034,0.00171573651748813,0.000881914541728993,0.00119107803235447,0.000979845506432563,0.00340910775242847,0.000980540151936369,0.00366051327210117,0.00502690929688442,0.00572755177163884,0.00370541283793275,0.00329578444874758,0.00245015191170573,0.000968960994503568,0.00209037275966408,0.00122348133187704,0.00323231271730858,0.00123890873526678,0.00169819920813288,0.000990315954986182,0.00464295335644358,0.00206401709592387,0.00090508414284126,0.000925984078156868,0.0011050198583053,0.00436812409045241,0.00270456384942354,0.00227750995408627,0.5,0.00705980621345873,0.00243137109767359,0.00559473713968743,0.00422841757923376,0.000830581921415282,0.000947826338484168,0.00327012126954221,0.00102762968268774,0.00206411678470681,0.00108484332054192,0.00328380263759948,0.00180896961382253,0.00202802378840874,0.00104190264457702,0.000924466024930758,0.00101937530472842,0.00224992518495763,0.00299177383947538,0.00194978119899693,0.00231256138850902,0.00360176220565294,0.00341328128484573,0.00374749579218104,0.0043226339581818,0.00143141391578138,0.00120290836011703,0.00192590944658668,0.00532045867753161,0.000818761454933479,0.000878173385128203,0.000711986771195906,0.00254263302076645,0.000966727373728211,0.00192736709242992,0.00208569885238343,0.00176154497845831,0.000928565781331316,0.00126354178730983,0.00109602617379048,0.000878532165582317,0.00180618110200725,0.00336546092002734,0.00116220987065896,0.00460959024837616,0.0030305148997167,0.00353396035371952,0.00146284768909004,0.00470985096624296,0.00443825609618224,0.00442478401195852,0.00758830386460344,0.000823355243637841,0.00199315741030313,0.00132343811740085,0.00123237977523538,0.00124638230934667,0.0010310785388182,0.000967475942464666,0.000798219291486958,0.000988569665126811,0.00407509550151363,0.005526148951686,0.00198079001070036,0.000913827875350214,0.00209185531921602,0.00100201106059945,0.000795481906181709,0.000919288945451593,0.00222339673001064,0.0049063866328618,0.000741183562976008,0.00256876928584885,0.000803516442894273,0.000919961011732755,0.00292372602768965,0.000885137553170733,0.00147209823369585,0.000988705684043283,0.00120493428449818,0.000828481427516596,0.00208334754558653,0.00431749456055997,0.00452981530538045,0.00362135703842924,0.00356232364176045,0.00460119516344891,0.00527274923563375,0.00522903544268117,0.00344114219542434,0.00307063398444458,0.00526354070416718,0.0029982911421887,0.00097699593650862,0.00222346627541898,0.000937018849858876,0.00290743746691626,0.00106885759623902,0.00125397571679601,0.000780908149361039,0.00306101205894042,0.000887789407307668,0.00529530305869992,0.00305658169392174,0.00103278317593035,0.00089044846273608,0.00197025920299119,0.00142425405112907,0.00108283871511329,0.0028574251445162,0.00306576500035024,0.00298025215291114,0.00105731566295528,0.00655850773442316,0.000819509137390377,0.000951538192901361,0.0042779082025887,0.00267083330207486,0.00224386081572185,0.000888837304917541,0.00570270510021878,0.000960026687234248,0.000982538726149378,0.00298954376632126,0.000867348518032127,0.00208499788096412,0.00277047540442409,0.0047895523273704,0.00139851475584264,0.000982707761381698,0.000919323463032672,0.000952250504006695,0.00398045331664527,0.00373953123405893,0.0051297281731105,0.00313738044816197,0.000952339360723582,0.00524117055092754,0.000903244914149058,0.000797620028645672,0.000944544689118618,0.0028008618296743,0.0037812186929451,0.00322702586960105,0.0022736512622846,0.000873029728978372,0.00309565982733926,0.00108784315935689,0.00104809454399551,0.00232379759686468,0.00113182957553176,0.00412465175117737,0.00378464034481618,0.0010275515549558,0.000766484459230923,0.000908137078727199,0.000780176184106985,0.00390712026420593,0.00101466526889781,0.0029426656947031,0.00103359916516456,0.00128862347515344,0.00320588373121744,0.000951401298818695,0.000865296064368982,0.0051404362686993,0.00105199530704012,0.000817336102816905,0.00312945764243175,0.00101345015313226,0.000876830394665737,0.00114518033506672,0.00311730022372363,0.00130780663095526,0.00107356597829827,0.00313109567177029,0.00113820665208589,0.0029943488544421,0.0030126186140788,0.00210381346104105,0.000999308625787649,0.000904058576455627,0.000794822653492532,0.000879232202345998,0.00331990720961715
"DU0082",0.00257787436002129,0.00189120708978234,0.000878664755700024,0.00194729914118818,0.000793129846153065,0.00165535309306944,0.000868380572875127,0.000890578809015254,0.000903601058656941,0.00353125106930964,0.000893925662468731,0.00256851978941343,0.00475914368394601,0.00485532845646654,0.00724518097069474,0.00608572344662409,0.00243860232279005,0.00083901998635316,0.000967403766461444,0.00100739905245234,0.00194429942669726,0.00103524602659402,0.00157517902926674,0.000956660292037177,0.00448753251274298,0.00114052586880985,0.000807410115462713,0.000860931145732364,0.000981960495729271,0.00213938723549146,0.00343861191898893,0.0031354638236518,0.00705980621345873,0.5,0.00445499843468047,0.00494562247511255,0.00322481538798804,0.000817082325631102,0.000862375173432191,0.000949275645622854,0.000994773874037974,0.00189378873250609,0.000978354250247785,0.00106521664681491,0.00165175315194825,0.00182045849922818,0.00089528835144612,0.000882397098915924,0.00187967480703893,0.00207446172490804,0.000997168756365479,0.00176380859168121,0.00215680493768809,0.00100093433906976,0.00200986188688263,0.00244153641672476,0.00379798327054342,0.0031500946398281,0.00115169630247449,0.00177399593480983,0.00334448437801245,0.000756193282956537,0.000811102382959526,0.000676496223382256,0.00558741862786447,0.000870096004228133,0.0018874035905048,0.00197959649913111,0.00161340795223143,0.000813254954312925,0.00308542912367779,0.00208164457945389,0.000777074864746553,0.00171448297866001,0.004210139704963,0.00201449523195877,0.00552785806478222,0.00112951246275965,0.00573503967865438,0.00551176230266501,0.00387382394409704,0.00239826813879912,0.00352844874934752,0.00572256475818672,0.000805731097291332,0.00184014678561598,0.00243645886579185,0.00113005578995251,0.00337488944828582,0.000997685183676622,0.000889389328726517,0.000725078954885991,0.00151417149560786,0.00656196017993291,0.0075574050130261,0.00184931649697601,0.00177089440426681,0.00185240688367152,0.000868639301940837,0.000753951085001295,0.000898649408853279,0.00199842103278326,0.00466390302682944,0.000693309479025923,0.00476742799200266,0.000737707313890231,0.000853385295864178,0.00291535867636886,0.00163389139636984,0.00330676381996032,0.000975803106573307,0.00118125005043105,0.000764887229271634,0.00189764917174211,0.00213107443413899,0.00585998201546146,0.00611071879958094,0.00668333872271351,0.00663772405143874,0.00496352327295899,0.00496102777456867,0.00329035999928606,0.00291470471103852,0.00728210016179203,0.00120527464044114,0.00169954827285846,0.000965016201983243,0.000868211885359395,0.00281499907166035,0.00197920342886951,0.00452493831924143,0.000740971972329484,0.00292909300743299,0.000865913912336808,0.00286553118410288,0.00291364395349249,0.00087669073671815,0.000868181186626611,0.00182802229087502,0.00132749873776337,0.000954844453474508,0.00271624664438619,0.00282378646725473,0.00280066090989877,0.000979444175727555,0.00776525200593575,0.000766801525746885,0.00163910502740089,0.00304885725839487,0.00251875550909601,0.00200931862632891,0.000843873267211104,0.00305449067031806,0.00092648279582636,0.000957074817813181,0.00290286938889612,0.00071754353753566,0.000962413867818772,0.00495900336114707,0.00546696361972294,0.00260031135362364,0.0017290119257265,0.000905689974592261,0.000876475320920624,0.00595750491682876,0.00221224652433433,0.00520021816028052,0.00368893386719572,0.000825533900779335,0.00488357122255626,0.00083282159842126,0.000727453282646241,0.00141763556903596,0.0026746303324458,0.00369980362659497,0.00395697852637195,0.00222764224223252,0.000815505244176176,0.00292812527682546,0.000988310230504787,0.000929182776782668,0.00352950303516969,0.000949986303806818,0.0037982030811773,0.0011273655246366,0.000955000969813933,0.000754072140363025,0.000828766246336835,0.000712672846336732,0.00293308760961567,0.000913572955552615,0.00278580548008337,0.000831306105691618,0.00105611164882895,0.00202294612074776,0.000902027704237968,0.000772881432060053,0.00447387035085597,0.00100157896260468,0.000700377848080476,0.00289979722856925,0.00098086319630666,0.000845537371022156,0.00228515581894077,0.0029376221005836,0.00368975769259767,0.000973168447545092,0.00289342257369935,0.00102689302296881,0.0027569915273377,0.00191285233244345,0.00100942067583339,0.00100052539500923,0.000865708462995208,0.000764109634632839,0.000843985456656155,0.00398795344645093
"DU0081",0.00362169850178705,0.00185090244554799,0.00101820046861581,0.00195186374794651,0.000874099898112809,0.00343153524701876,0.00232382009324568,0.000848991613361799,0.000913713622125684,0.00503701622594731,0.00103628075024813,0.00479769068330133,0.00489967131335343,0.00464471269710743,0.00682634737509972,0.00492423023620287,0.00350657493740289,0.000892823778250557,0.000935849887001477,0.000941303657516618,0.00193231701023441,0.000959635509863689,0.00160130178753362,0.000934470311904593,0.00240738769292158,0.00111366584149503,0.000843127870435704,0.00103184929744212,0.00182240623400056,0.00199954487758152,0.0051193574347268,0.00130466222943112,0.00243137109767359,0.00445499843468047,0.5,0.00490756846878313,0.00195699203851925,0.000926663241681441,0.000880871721106618,0.000955601552026535,0.0010503529587585,0.0019232277416848,0.00103039695335973,0.000959464095895036,0.00171222638819384,0.00178258338389482,0.000968535491143657,0.000882884050134177,0.00103241124071871,0.00204947185364562,0.00102761889804797,0.0017770994462629,0.00207930259402109,0.00105728076675795,0.00192184157083733,0.0023961269653893,0.00671348231528849,0.0051018764066076,0.00316989131280166,0.00173044592492955,0.00217397879413338,0.00081232334143419,0.000823082261271262,0.000797042407970244,0.00767670582566282,0.000850553246249456,0.00119520446085524,0.00285418930700791,0.00168263983612848,0.000882299964472993,0.00299900029427156,0.00349072779677374,0.000887293912127661,0.00168176956980138,0.00381966982243753,0.00350517386611577,0.00509448975648093,0.00119339118423958,0.003891323976828,0.00448849465738549,0.00545593783235462,0.00444499811348406,0.00490895673313682,0.00235462267401681,0.000867495530794394,0.00177082679036273,0.00127537340856886,0.00211602118141637,0.00331527647255317,0.00166749798825175,0.00100868240650961,0.000827166494662134,0.00537833626461992,0.00453045448861562,0.00453712233468542,0.00180079373443398,0.000995168658138938,0.00184073771560397,0.000907177889428846,0.000856063434566525,0.000861286490949924,0.0019820458863336,0.00484083456992808,0.00086683439889906,0.00491691504783007,0.000795458753875612,0.000927621822734437,0.00183306135702767,0.00354295441582457,0.00136814097511856,0.00101514575135894,0.00380701499809367,0.000904876878552481,0.00192209451701907,0.00197755981218574,0.00619046548016654,0.00712537145394043,0.0064745413705505,0.00578549494523012,0.0030563359877436,0.00300128096098277,0.00144448059439477,0.00291594402003512,0.0054083080934027,0.00111154455971485,0.00371878874833668,0.00105506589657271,0.000895151033353741,0.00280112258399986,0.00113552595374533,0.00124231723108265,0.000836503078202423,0.00287362001461284,0.000862348069179685,0.00277838727326751,0.00290239366242579,0.00095375376025592,0.0035319134690206,0.0019167613046361,0.00234755212810925,0.00110397387507528,0.00263394933919179,0.00277734724343148,0.00273742643082421,0.0010189249970138,0.00457907180647861,0.0008179530923441,0.000876049834559084,0.00294278250561816,0.00259881768271705,0.00101724829670665,0.000948361141207444,0.00294101766574404,0.000973141838936991,0.000901083892761922,0.00541349357749925,0.000736694902504593,0.00103873730179893,0.00412058448554706,0.00257157104842097,0.00450803831028655,0.00371301470755145,0.00098290563371688,0.00100579662168483,0.00555892208014365,0.00116054677300571,0.00616921677940696,0.00553341108573906,0.000969843586417658,0.00306790091960336,0.000874094226847924,0.000830869629269358,0.00393479389583074,0.0027214943351606,0.00381627131394921,0.00391516497417513,0.00406692614237503,0.000889391261984311,0.00282444486665895,0.00103686381149822,0.00102754752082969,0.0035972671619009,0.00103172792688137,0.00282971800946919,0.00112932546665336,0.00103368749372684,0.000870205676924898,0.000863476919992794,0.000870610064477975,0.00278385009286019,0.001017586230842,0.00280731810633896,0.000875775119868905,0.000970174922539503,0.00103817521011804,0.000947451889127321,0.00085012275528649,0.00212955863727814,0.00104202211531125,0.000747592508596651,0.00288352285565133,0.00104727935364816,0.00091969214771443,0.00117959030709724,0.00292879048246786,0.00334853980090793,0.000967116956806298,0.00283571531380667,0.0011244941536648,0.00270836504838647,0.00104916053502151,0.0010371337966958,0.00104169513497624,0.000984891810389774,0.000873172326085656,0.000926585101057013,0.00301249216166042
"DU0080",0.00243470856815653,0.0019698362128098,0.000905373005454662,0.00190073480591681,0.000713336371092401,0.00164257636657842,0.000798928370761444,0.0021652785798805,0.000844106914202404,0.00699124270805412,0.0020011703410021,0.00712720615223267,0.0051157389951618,0.00688991680102387,0.00501231697609284,0.0035246319428312,0.00587011313295892,0.000792713344334138,0.000874389329334911,0.0011755020878582,0.00194504595469253,0.0012157125539004,0.00162136877077084,0.000856112942521365,0.00433403032789728,0.00120141745349235,0.000791731831613445,0.00286769726545396,0.000968274766297247,0.0041871844695259,0.00524568825718868,0.00133020722762266,0.00559473713968743,0.00494562247511255,0.00490756846878313,0.5,0.00120312674287039,0.000762158932313172,0.000863392818093938,0.000849896060019567,0.00195360716872671,0.00191086101214489,0.00093642973226763,0.00210018052288893,0.0016274531079962,0.00177270282583856,0.000875640254896317,0.000847053354945584,0.00107405825246793,0.00451326683710819,0.00303189915789453,0.00176087448797457,0.00212953834141584,0.000988401819741015,0.00196920163807,0.00230144849425924,0.00301359533689146,0.00231977202388391,0.00200474706243839,0.00185661242371553,0.00317644528677044,0.000793614899309482,0.000896443201386707,0.000671830932111096,0.00512715325349313,0.000853822070058452,0.00101924695499649,0.00200878080421114,0.00161263627866291,0.00192605842101076,0.00114765618979935,0.00100260555855114,0.00080976910032006,0.0016697612660984,0.00470860657320748,0.00111770499476429,0.00690103633552892,0.00309578106349555,0.00383361599291699,0.00249537992617023,0.0062055414356114,0.00680537593250034,0.00494862390663138,0.00355430571211904,0.00079116676453047,0.00184207933927247,0.00219271308647715,0.00115970371791472,0.00214034278713448,0.000933380695978835,0.00083572039972949,0.000710756186551,0.000946798589184259,0.00495755897129589,0.00378247253046209,0.00186839853074372,0.000889438095533581,0.0018786962338624,0.000816448915479931,0.00173861040940112,0.000834464040574838,0.00316896116987848,0.00375625554820428,0.00072932169873676,0.00718989538168941,0.000767584830712668,0.000854382042535686,0.00108540090290486,0.000914243287723736,0.00133658670796034,0.000930321179957503,0.00110694267552187,0.000762985551632472,0.00188335096913258,0.00433501556407857,0.00518890821529441,0.00499573141449255,0.00484381919707443,0.00593604194146771,0.00403444796548868,0.00316789185080272,0.00434869526686678,0.00397396691924373,0.00541375183088736,0.00410559221384148,0.000927868231077972,0.000942923932526557,0.000844044663163756,0.00281339846119861,0.00107011154316282,0.0021799327607668,0.000710164140044516,0.00291369501907242,0.000813714866337896,0.00284439997437031,0.00291355471932508,0.00285544840960122,0.000838935909237156,0.00114803560254497,0.00229858105427634,0.00107320086677626,0.00280268827259185,0.00283930818931743,0.0028647352794333,0.00106438560961309,0.0058119849084735,0.000831738525935271,0.00094391197700985,0.00300185083599562,0.00249775818830425,0.00139954771651193,0.00080333535086528,0.003017357509632,0.000918539074204436,0.000875890391289603,0.00285148974033228,0.000792774815974018,0.00105312771728692,0.00421015756350811,0.00545166368012039,0.00398640965858549,0.00099224870296064,0.000896045358699672,0.000890890271816386,0.0037667912750542,0.0010938984938866,0.00541548560425212,0.0029727893421769,0.00288341159621941,0.00493717604734501,0.0010151543246165,0.000794124979862065,0.000913816882887908,0.00271496815208355,0.00371102255353593,0.00301627003806931,0.00211181261094888,0.000810076812510311,0.00381985779402589,0.00298921506445545,0.00104512920286921,0.00359350855414008,0.00109626215879412,0.00288413650488996,0.00109859314496843,0.00115861949797,0.000791776758651411,0.00085974834172086,0.000740801549210173,0.00296990488758864,0.000889808996101432,0.00279474168600884,0.00102309553410976,0.00209145043315277,0.0019837204638054,0.00097782430740981,0.000839614067772732,0.00126941924205672,0.000943511669122755,0.000753105528893298,0.00291304946510814,0.000927900356651753,0.000804229106150092,0.00118007283791235,0.00396060465689136,0.00342782465938472,0.000993506288831441,0.00285300334576853,0.00314132818874134,0.00271889653110521,0.00232680348577236,0.000954302453919892,0.00092172477802567,0.000875038191372487,0.000754736076882365,0.000982510078436768,0.00309090199158922
"DU0088",0.00128217391356672,0.00125333870660062,0.0010982173404809,0.00120944064751516,0.00103411437126282,0.00112100478189867,0.00546200009535608,0.00102300232158361,0.00700264318945272,0.00126426256939231,0.00474734402272077,0.00122779178427196,0.00329551071788464,0.00120129084563852,0.00308818850643903,0.0017376373962306,0.00121056573674888,0.00471652187777814,0.00474948136790684,0.00305188317657201,0.00124154521557596,0.00152105440666274,0.00115557891270207,0.00112443493073513,0.00200969975445465,0.00454298509130062,0.00527462745852451,0.00258083933243878,0.00135437381785017,0.00351305829955634,0.00240727602755936,0.00881169210402886,0.00422841757923376,0.00322481538798804,0.00195699203851925,0.00120312674287039,0.5,0.0050955673327372,0.0010650076131162,0.00759374914468505,0.00105250742415468,0.00137665271063027,0.00119517451372217,0.00344464837712688,0.00358920618171913,0.00450627135591157,0.00348454236061513,0.00109868057496465,0.00200528520020107,0.00122943278214469,0.00108050208181338,0.00224148980214021,0.00135533095351232,0.00362601802623783,0.00144704552905863,0.00114718293288601,0.00118319162608392,0.00135795775169005,0.00280275628984393,0.00130644267029874,0.00213777006711538,0.00114504537897778,0.00106643085851615,0.00100956953038458,0.00206218795935329,0.00108224924707349,0.00205343713090943,0.00121969016013864,0.00122053185039635,0.00107603466627161,0.00289682739964547,0.0019714954304557,0.00365343188024391,0.00106750031120615,0.00286596625928532,0.00195010199084498,0.00309761896502696,0.00139114628734499,0.00302684562039628,0.00580242858333386,0.00216407836897508,0.00125126466534701,0.00132828274343866,0.00522240656050839,0.00290719001520621,0.00125457110540924,0.00122777604128433,0.0011368959507799,0.00107562475131638,0.0055052257449938,0.00517443717578122,0.00380600556675706,0.00254608418695924,0.00300912058761003,0.00326945207572416,0.00123849963712862,0.00274631398391456,0.00124863315814313,0.00412168050429771,0.000967730343156144,0.00106448327085284,0.00118433379683628,0.00319136681249214,0.00184401894482003,0.0012100596688868,0.00113551058493225,0.00102891697423452,0.00268994051500748,0.00105811190145271,0.00231432904679514,0.00516100767354229,0.00301829764551962,0.00100565924042949,0.001298719394222,0.00121951299923012,0.00311078408015487,0.00210885565577818,0.00295183055715996,0.00205152021340148,0.00296176104674372,0.00290925475869248,0.00457660222357634,0.00101845921470981,0.00286376348015488,0.00112653279785545,0.00104467037238141,0.00437438333340624,0.00375290450972231,0.00107748005993953,0.00167778528675798,0.0020737885108057,0.00103008409443741,0.0011710963475756,0.00104168604895531,0.00289420283670559,0.00109946196907384,0.00285774912017216,0.00103069352326888,0.00116915079783447,0.00118190702268922,0.00109599014281732,0.00103134114641444,0.0011500638035328,0.00109819116503563,0.0012060036195789,0.00291268967801998,0.000956483333209114,0.00180347242279921,0.0051527473938388,0.00298549634982591,0.00208142694950087,0.000947100241092897,0.00383509874825455,0.00108976699439503,0.00112005428112685,0.00108664146416651,0.00119225783994188,0.00431803690243575,0.00818119636824651,0.00306313645747939,0.00133518215334775,0.00340852719749062,0.000914865126124473,0.00110667983860854,0.00283025630695641,0.00722548688023347,0.00277524103103538,0.00109866317760381,0.00102577627009982,0.00279942353365283,0.00107528579683052,0.00108442898027039,0.00187350515576176,0.000933718189774312,0.00910364198447702,0.00109899130795225,0.00106653420738569,0.00433876942231104,0.00107104258699694,0.00114337535921178,0.0012885761862329,0.0011609925225174,0.00143610644324563,0.00106917596989424,0.00124391582034731,0.00149431735260949,0.00104649733275282,0.00399266692838371,0.000998833769938978,0.00108448778608918,0.00116085905446637,0.0011528376769895,0.00115568679560758,0.00126660960196761,0.00100870437291271,0.00111332011672695,0.00289673931443055,0.0057550694585608,0.00114334789609858,0.00123825457799536,0.00116294960189752,0.00110136347587942,0.00191375134289455,0.00364440444508717,0.00101727888684961,0.00111764241803782,0.00668940431335017,0.00574439002034624,0.00104807937137976,0.0059797094424379,0.0019695393372755,0.00753834821560256,0.00475661135536239,0.0025425581260872,0.00107810618014657,0.00104293226164157,0.00114466082114056
"TT0050",0.00185957693824704,0.00109137695910633,0.00125598986257551,0.00321468715116559,0.00570006419475943,0.00325582624685352,0.0100102806744888,0.00192974820720282,0.00734782776189923,0.000891520687117435,0.00792797329926848,0.000862914954183699,0.000972276449406668,0.00078107999526295,0.00088408897592155,0.000908506054263295,0.000954413321571298,0.000913471277609471,0.0010910966957125,0.00092889716320261,0.00201168465712733,0.00182547902425001,0.00335701494075418,0.00115528808539172,0.000981215721885848,0.00437961626682022,0.00584694231865123,0.00443482578521235,0.000848535014973056,0.000979170094340473,0.000947726537265962,0.00510473332795658,0.000830581921415282,0.000817082325631102,0.000926663241681441,0.000762158932313172,0.0050955673327372,0.5,0.00117077658685165,0.00774053725615893,0.00234210849180515,0.00355391776426305,0.00143642560268598,0.000985078992268508,0.00435329923951196,0.00105201130364423,0.00119735055324477,0.0011419714088001,0.00309248626049108,0.00210189484549332,0.00125910385283208,0.00306616170291449,0.00110648246448018,0.00164482264066201,0.00117191145747882,0.00175563906145665,0.00106770379010599,0.00132011792732198,0.00419574247220073,0.0010200414224152,0.00109887690013841,0.00234057901657847,0.00150213627208532,0.00411225866735782,0.000857962424745622,0.00114501846360853,0.00118877863988317,0.00140753207569447,0.00530632556239164,0.00221371976204599,0.00343046425417719,0.00358886100549098,0.0030725421480711,0.00253118849164263,0.000707193995558663,0.00112324113360489,0.00079674108371697,0.00126792484308708,0.000973375144256364,0.0054070952049639,0.000754536965664499,0.000843348893841955,0.000865084900295234,0.000868116998515696,0.00649176489363338,0.00100472240022208,0.00112576167952807,0.00181860208437012,0.000983320428940121,0.0063168272392039,0.0059484338952711,0.00698090533185743,0.00595969856411755,0.000745569317238807,0.000903269117241766,0.00097279536459896,0.00486873817460332,0.00295278552964043,0.00110724663977363,0.0013716641837128,0.00181504982538309,0.00216821655752967,0.000828125230389924,0.00321674505120813,0.000853450067672436,0.00217750927247514,0.00344032574143705,0.00121106705896891,0.00149107311260975,0.00140742759459767,0.00590367620625879,0.00122975354909898,0.00564052262320159,0.003455189545985,0.00107509586654533,0.000812127671658352,0.000857896462876407,0.0015766738680958,0.000755415666403884,0.0008933135708235,0.000987033014508574,0.00423948185318951,0.00107192125398217,0.000682847247521133,0.00093390641040094,0.0014366670245528,0.00361921123399952,0.00497617993038962,0.00291880688470037,0.00381696533802479,0.00329789805153789,0.00401949235882198,0.00193233654879008,0.00281291103422309,0.00085840594338386,0.00199082017001651,0.00444326245498307,0.00145290770453625,0.00184514973710125,0.00103948628631089,0.00126081326604696,0.00104511974145216,0.000965784376370494,0.000940234599341677,0.00105156111652793,0.00078153672845346,0.00168665501324256,0.00288211709859704,0.00088329934921934,0.00122298724971662,0.00128751153658217,0.00457287065970577,0.00087450104021449,0.00301921894406329,0.00131626844491251,0.00300163863731672,0.00108672751926274,0.00501201205700357,0.00597753802215813,0.00108208617423281,0.00131909369759912,0.00293254406235543,0.00190377251457095,0.00373317827166158,0.000933367266091783,0.00521271837838742,0.000711557588424293,0.00109000317834282,0.0035591876011149,0.00184135699143237,0.00125641325009894,0.0035680921131443,0.00315867783942152,0.00166244756838953,0.00528140440324759,0.000716768536923249,0.00123111509478542,0.00134744175503581,0.00100345957798981,0.00134241456640191,0.00127209083476902,0.00108894617050463,0.00139994916999202,0.000762586248986876,0.00093468554311453,0.00158899986375357,0.00516305505858179,0.00473684010331902,0.00331184610342787,0.00271979015422514,0.00137546644132643,0.00346452176090519,0.00347520703512695,0.0010156663114959,0.00109696024902386,0.00330197383296852,0.00457488959534535,0.00109202599988558,0.0035226150159991,0.00110392672141686,0.00187342904512653,0.00134727461137983,0.00313049422151751,0.00538915897502988,0.00101743410137492,0.000903375930085367,0.00492131301498918,0.000886118266873189,0.0010558146481611,0.000878790292354692,0.000878480646754639,0.00104563849992701,0.00763977339360007,0.00290410218865482,0.00349150286426928,0.00412651806988557,0.00188120744497578
"KL0009",0.0010852280608187,0.00115817248747828,0.00481422807122861,0.00116167262494238,0.00325315475456332,0.00108657155788278,0.00266195034209532,0.00367641721459236,0.00211386805711254,0.000924349957492576,0.00114222861337418,0.000919867830759541,0.000832164611963286,0.00097611295983037,0.000849923179678832,0.000707034421417869,0.000911458668570966,0.00289411489036317,0.0057065319576488,0.00253198767839454,0.00297100174871802,0.00194772887313304,0.00118010350236196,0.00331105148404497,0.00156302839676656,0.000996136749415537,0.00275163172602692,0.00107916159429667,0.00219762692946877,0.000976588967193979,0.000873474137526119,0.000967264788753632,0.000947826338484168,0.000862375173432191,0.000880871721106618,0.000863392818093938,0.0010650076131162,0.00117077658685165,0.5,0.00112225433373043,0.00157829350743197,0.00213443115307676,0.00514162633696274,0.0010377021465696,0.00116185279612464,0.00287324765657612,0.00642811286361849,0.00157064303845455,0.00109524145615507,0.00316130416155971,0.0011817471359895,0.00281753560205274,0.00214703935249461,0.00237810508386295,0.00117116384615906,0.00485437959127606,0.00101063474046511,0.00134011568985736,0.00274684322949202,0.00282541941100926,0.00117969956594409,0.00406810840779817,0.00362161097199543,0.0013481783558165,0.000894652930128702,0.0089753305116907,0.00109996786842273,0.00109497021622191,0.00112937452038298,0.00123921879460502,0.00326105121088094,0.00147750422516792,0.00276207151520096,0.00513124286995704,0.000807477920021058,0.00394663295757502,0.000843256825602302,0.00122885930022722,0.00436634626759124,0.000900910503522702,0.000853863483205593,0.000866767035574245,0.000883213135491876,0.000984268936426579,0.0033199906796685,0.00226148780198361,0.00507156270898065,0.00146064785192239,0.00153430638716928,0.0040838650286326,0.00222793053936556,0.00116051496867359,0.000940693291090016,0.000635834304368631,0.000967192185047538,0.00293973746111659,0.00115893468571125,0.00283946861694836,0.00294437965186307,0.00133399809736717,0.00782987368204621,0.00107033925435317,0.000840508360135581,0.00120977648819335,0.000962909397328412,0.00369339247452077,0.00450467698859486,0.00544790863248434,0.00112633549666212,0.00137241695199008,0.00117519986878815,0.00110320297247774,0.00426010471169039,0.00110345192358491,0.00405557167395931,0.000825247387981654,0.000875482860386469,0.000787273255088306,0.000723607741562673,0.00176511944405393,0.00290799455106611,0.00107992936556357,0.000976152222439059,0.000829817111220669,0.000975619506801228,0.0012880910115091,0.00130435081233755,0.00654715049625476,0.000951029339545357,0.00126325230780543,0.00128997910516355,0.00386738288244645,0.00436601491876081,0.00651146187280215,0.00261893481171374,0.00198957828345893,0.00104904319244824,0.0045897986682751,0.0049148244684461,0.00579431500887145,0.00447930445890166,0.0050630505473922,0.00265436559538281,0.0010290412976681,0.00434136386385789,0.000741392227926119,0.00391614426883729,0.00648012424679264,0.00197555148611243,0.0010030438171666,0.00119328593550001,0.00390113255241266,0.00195140406292733,0.00151978669584607,0.00745017614427665,0.000873774097776697,0.00294983696808203,0.00102767705116192,0.000863487941549992,0.00123053188436502,0.00130726815716556,0.00106205931557424,0.00127412781543658,0.00503933262883172,0.00466374467643311,0.00213053865698779,0.000727716757513682,0.00085658907337272,0.00116451990940032,0.000823909977761291,0.00127982085206556,0.00131739326238267,0.00109446354644086,0.000996202916521772,0.000878739022404714,0.00257073504325937,0.00377678442377755,0.00129297952154577,0.00377993587944318,0.00715138887069403,0.00271015583245322,0.00261049695404585,0.00308775900721606,0.00255519305947576,0.0062066866948694,0.00131784761816777,0.00179465386187739,0.00591146821348008,0.0015581987363811,0.00419440423076973,0.00609710579064077,0.00114085807834757,0.00216319051438743,0.00102870006154555,0.0013434773002002,0.00692803113990917,0.00115088376269751,0.00154462881160899,0.00486325579145252,0.00296295219186977,0.00188802376979484,0.00379299170825287,0.00679686033590828,0.00119169454973895,0.000953338358994675,0.00293571806173184,0.00266293456887616,0.00119086490168406,0.00469176079793538,0.00258508663562618,0.00095729065581504,0.00581053259825284,0.00175786321282229,0.00281474923353912,0.00130218247427692,0.00119422211402171,0.00102523478578946
"KL0008",0.0011059780672737,0.0011253174549057,0.00124276290554593,0.0014767047533858,0.00483381334106179,0.00416923887625019,0.00815436636414629,0.00104536782826104,0.00552164895713797,0.000962266803651771,0.0055267439488936,0.000928797660171181,0.00105685362349765,0.000895547222714812,0.000956127054540637,0.00166377159856395,0.00100879793795252,0.00307979237051708,0.00351274566343805,0.00313491910743677,0.00119642786473145,0.00215553440644078,0.0031971138000089,0.00125803640984857,0.00102455898662812,0.0043708936635453,0.00584066808651256,0.00428928961485196,0.00112284501451207,0.00108241752268814,0.00108568800547696,0.00525578244738319,0.00327012126954221,0.000949275645622854,0.000955601552026535,0.000849896060019567,0.00759374914468505,0.00774053725615893,0.00112225433373043,0.5,0.00318766401875942,0.00140399913114973,0.00230953131386117,0.00335433501448465,0.00637626201470222,0.00358476249004885,0.00355369045884598,0.0011839774753675,0.00195112310456829,0.00128811660578469,0.00111997389101697,0.00331763201598743,0.00121237572369012,0.00419141697588961,0.00375367708048077,0.00187006823900283,0.0010498772304507,0.00132270929330636,0.00431720542825295,0.00116337596269354,0.00390879616704447,0.00126702520415748,0.00117745512696111,0.00477555104257089,0.000908620653203136,0.00114001790713263,0.00113914734640086,0.00203563865667912,0.00609618512547064,0.00126449029456416,0.00118686749796853,0.00129690011657512,0.00319293570407685,0.00141686184414286,0.000946318058947447,0.0011105549356012,0.000917744515500763,0.00115325638357058,0.00101409600626695,0.00610677625464482,0.00086681917894873,0.000922910712376561,0.00093892332146919,0.00331516919148066,0.00442749323242408,0.00113125453040316,0.0011662106408269,0.00140329313739638,0.0010465838392897,0.00673567092786223,0.00590108840625242,0.00771699185362898,0.00403719820525365,0.000958378713818704,0.00100077850505955,0.00110351357031689,0.00128842534928087,0.00213819775922057,0.00346593569984342,0.00114522895397459,0.00115305370757954,0.0012351973753834,0.00095497838609598,0.00354787436324817,0.000933263867857976,0.00126966462326564,0.00123018892364271,0.00110362750188112,0.00119313795852159,0.00218078546252847,0.00584040278170656,0.00118831275725441,0.00371513564959362,0.00566852804439508,0.00108215605769883,0.00090477463876885,0.0016547725525554,0.000913703636854331,0.000851172903195286,0.000994779496576808,0.0010458780720031,0.00425550033809989,0.00104486393689883,0.000796130015527598,0.000898314952573092,0.00129299359403394,0.00364258775178009,0.00437963022985099,0.002683353858636,0.00272272965332422,0.00304472687785756,0.00457096935190509,0.00110527234206407,0.00281456810385518,0.00324818957540319,0.00111993540200848,0.004421381836151,0.00130242214499386,0.00184666768069412,0.00115507656346756,0.0018706663295807,0.00100520905824783,0.00192301848538143,0.00099427726285991,0.00113340556097492,0.000881077988694461,0.00164239024902193,0.00185421645791899,0.00342547053758351,0.00214002411933422,0.00113958858745975,0.00257739973049351,0.00343379479879445,0.00350228980790153,0.00123671231544322,0.00108631778208026,0.0011157497868122,0.00707124584433268,0.00608830672623886,0.00118147086375793,0.0020643062612771,0.00284963987945372,0.00133475316494632,0.00125634566340101,0.000959535144288761,0.0064846093094394,0.000817720944509905,0.00105172396720295,0.0012439644416482,0.00105940504878167,0.00118800627198709,0.00129583942187653,0.00127983388307937,0.00115786059024909,0.00547608464248708,0.000914217131124179,0.00126484094838987,0.00132448830014043,0.00099057884720942,0.0012152043931188,0.00126077362910217,0.00109540565894292,0.00145634233490161,0.000968644586907056,0.00115727049704312,0.001601679765194,0.00288305526029596,0.00458578357742008,0.00345274672903245,0.00101309470541978,0.00133761787557881,0.0011686084726335,0.0011686720483907,0.0011824977457318,0.00106403003160461,0.00120808071436984,0.0045499386353836,0.00351866865306034,0.0013183889415345,0.00119184748080378,0.00198866179195331,0.00129077005770127,0.00297341083624253,0.00322596332554051,0.0010418200927077,0.00100618770537661,0.00513340810084688,0.0030601720942599,0.00102856235713796,0.00300917520833482,0.00106013917307632,0.00331326347609584,0.00797762806089643,0.00385685514411704,0.00344668091204852,0.00194211411083687,0.00110002271021505
"TT0055",0.00115568652165229,0.00222869394283034,0.00252878691146902,0.00130271336770532,0.00534306247436691,0.00223540657314517,0.001352354075341,0.00207911942792838,0.00133067534513718,0.00304561034994821,0.00439190827635921,0.001982433497736,0.000911885829614248,0.00196449406107427,0.00100080627780214,0.0007159100398149,0.002117046423577,0.00101262918136075,0.00460084703575888,0.00309484928675539,0.00240142695113438,0.00219613483236553,0.00116665656655422,0.00653530857645764,0.00556759884509828,0.00101479467127208,0.00203403962306352,0.00222873109481559,0.00103220637912923,0.00103356036721024,0.000896125441969524,0.000978925537277046,0.00102762968268774,0.000994773874037974,0.0010503529587585,0.00195360716872671,0.00105250742415468,0.00234210849180515,0.00157829350743197,0.00318766401875942,0.5,0.00420503411753718,0.00572244190748551,0.00301770999951834,0.00137462612315631,0.00122021837575783,0.00166306225884983,0.00465351876821563,0.00124636435298244,0.00371777426062884,0.00237055694283773,0.00347034091008212,0.00237772079494418,0.00133789785433869,0.00490255105429009,0.0042086841699192,0.00119543417716804,0.00111427774256792,0.00110352872765963,0.00109115943361444,0.0011645358379059,0.00241569702495703,0.00337243206262035,0.00176980732187122,0.00105031174196533,0.00393013428168778,0.00221595922530011,0.00128965688693613,0.00361071381624801,0.00138382012916488,0.00533842322763855,0.00842589737825255,0.00233043098353379,0.00128977550377258,0.00104073063481044,0.00111332607839197,0.00090940553832287,0.0022667564625189,0.00255683485009913,0.00103834596136739,0.000976479462035298,0.00189082475956681,0.000892502192883314,0.00110401078874447,0.00214717990736285,0.00123329292579652,0.00440318601273968,0.00124321567208639,0.00510740222361436,0.00127478821600059,0.00147586119657319,0.00127206236157419,0.00322852870880164,0.000674886922305564,0.00115221283993478,0.00113912945242199,0.0013568698119484,0.00346916597526215,0.00278119076572039,0.00353283725762746,0.00465465328867625,0.00565113680231235,0.000912602063840461,0.0014860374699047,0.0030490933661273,0.00138444535539032,0.00455760103701064,0.00440545700512031,0.00145356846147786,0.00110679785163716,0.00228294119830489,0.00135331238846196,0.00343868064352716,0.00353765393699417,0.00221810315923753,0.000968722735384449,0.00103273095862722,0.000909037475012691,0.000806626673274439,0.000934879040477862,0.000991865564602074,0.00101637335966341,0.00304305803696,0.000903545935240281,0.00104482247708361,0.00504386620257537,0.00147420303523179,0.0013092336745629,0.00106004741953217,0.00205000069562278,0.00512097235708424,0.00436318410372618,0.00203764675551086,0.00414228832623929,0.00292533243423212,0.0035577253802229,0.00293715401284762,0.00152317148327809,0.001375622351928,0.00422718444059644,0.00133762340532693,0.00289529679473611,0.00191972194833594,0.00191243542387893,0.00123302283673691,0.000793072196587606,0.00325477162575201,0.00148385001625644,0.00111046459488755,0.00111112283884254,0.00120371148577726,0.00426564478490045,0.00112118214233424,0.00564241320108807,0.0050205588270358,0.0031414317618529,0.00105645613527205,0.00332457526607347,0.000912283294284916,0.000967184675794685,0.000995046569398548,0.00117647128835723,0.00404688621525567,0.00393348260732757,0.00140973679904589,0.0012042783704154,0.000788943387567316,0.00309181261304427,0.00471742691657411,0.00301737696623241,0.00371628535156085,0.00157134321094429,0.00347470456683484,0.00124531126277523,0.000949473832596306,0.000980746092528696,0.00109788076166925,0.0024204303345114,0.00208612293277696,0.00218660894516058,0.00204744670814356,0.00302969312578736,0.00114394641974458,0.00108222069523999,0.00127301301322894,0.00304851269058309,0.00144912192753672,0.00223399842207319,0.00167516126003026,0.00109218969883709,0.00418690904422504,0.00303703762870116,0.0032540488030342,0.00221330571935519,0.0026099303179661,0.00230524811871295,0.00207752055190985,0.00589325710387349,0.00843401238694051,0.00149785406972435,0.00117993571292487,0.00564683788789166,0.00147904586594334,0.00127074705753699,0.00303747278956552,0.00484884388668723,0.00105379997522881,0.00107249201292817,0.00229480587341401,0.0010494470703189,0.00112395450920198,0.00114030598218363,0.00496895350037359,0.00124353914205757,0.00143503338844929,0.0014917740678982,0.00223377979327476
"TT0054",0.00216086718943953,0.00316779134698668,0.00135210473006955,0.00220895452141393,0.00108621853250456,0.00189029799415441,0.00126469097788547,0.00207885409883543,0.00463232013355754,0.00200937604609164,0.00537101300794707,0.00196032124690859,0.00193661544373,0.00193293886633713,0.00188727020515441,0.000792942453802195,0.00204701236585006,0.00154409422662252,0.00242443450675033,0.00331937476841675,0.00264733118122821,0.00246780579067359,0.00170041050106997,0.00232967508207124,0.00111483870691032,0.00101397717362159,0.00337485916099081,0.00118227623353983,0.00226569646412986,0.00188464227882641,0.00198131878116717,0.00109422136078586,0.00206411678470681,0.00189378873250609,0.0019232277416848,0.00191086101214489,0.00137665271063027,0.00355391776426305,0.00213443115307676,0.00140399913114973,0.00420503411753718,0.5,0.0041205233947068,0.002317536765273,0.00435529289046795,0.00546802089882687,0.0051366028678247,0.00118130457917566,0.00109007690673487,0.00245965002075078,0.00125660161507795,0.00610403888639044,0.00239233077372922,0.00246673449524512,0.00363703562713388,0.00114009067974624,0.00199938096129498,0.00105306708319171,0.0021336508304645,0.00200013607451469,0.00206214168529301,0.00231224331068915,0.00221483068585552,0.00100896241360173,0.00195381892766619,0.00129146821579449,0.000940383895472549,0.00219111588276169,0.0043731776083419,0.00117628137439699,0.00109516847692246,0.00374002453829579,0.00418952078630962,0.00187612648146291,0.00110745547980701,0.000997229626951963,0.00186127266691921,0.00089372393295782,0.00101960150389713,0.00111683644053225,0.00189720933152062,0.00188905779264027,0.00187001086689753,0.00216028807908522,0.00239629150696689,0.00320451398283316,0.00143869456983731,0.00111789118727414,0.00218283088718601,0.00125150580710674,0.00260062256338244,0.00109947860432616,0.00340558419676887,0.00078156230693651,0.00202290309408966,0.00208808514239924,0.00131785839924443,0.0048634368604102,0.0014360613796709,0.00211812497289012,0.00124226380509055,0.00590957587168922,0.00194505930136824,0.00112125137550022,0.00197504833026821,0.00220575499691534,0.0023933541034423,0.00105576883299436,0.00115816066468316,0.00110088689812418,0.00236687962387787,0.00106371515301349,0.00197974506631574,0.0047827933158965,0.00204798941183836,0.00187805324845502,0.00189540059631788,0.00181522275452819,0.00292373873633555,0.00293352240852058,0.00297724289626704,0.00101886838319777,0.00310593309036655,0.00282375053834891,0.00107547000758962,0.0011636526330385,0.0026783111002389,0.00219884395555307,0.00293484924980482,0.00216148445770063,0.00102987609691998,0.0011114144191828,0.0042334561242106,0.00105511284662409,0.00614479480639686,0.00438306820581678,0.0010987667930551,0.00119243755529493,0.00104757536591499,0.0013955609027408,0.000967454936487054,0.00378349143004546,0.00415359066167378,0.00302801701834821,0.00113913330671007,0.0028902772081477,0.00197075834787321,0.00111583728768603,0.00346867035114696,0.00272219383202122,0.00135468520776198,0.00113702947537998,0.00346763711374172,0.00102287147100284,0.00220255905096087,0.00551674080955886,0.00232053231568569,0.00459335307980931,0.00116032367466538,0.000935316935904816,0.000924300233494871,0.00110308853046554,0.00113358036417198,0.00519035385349581,0.00103160149094917,0.0025451312169029,0.00275207842485558,0.00546717260862144,0.00372060497329633,0.00551595661147287,0.00107640303268244,0.0024853649981039,0.0035622280797896,0.00288579677376209,0.00114896724726025,0.00303394820327762,0.000984175853151942,0.00315697234236379,0.00411230362442181,0.00108110519536308,0.00216000577898305,0.000993258046095194,0.00123927744954922,0.00323068276752582,0.00130658392844121,0.00102768711455988,0.00110470206363905,0.00219656204963663,0.00104014720904061,0.00295197799990674,0.00140961427307999,0.00561845143010948,0.00391322481726216,0.00223096995554346,0.0020977949095816,0.00212662315647873,0.00215281460206109,0.00123256107287979,0.00535756550930298,0.00152384297898663,0.00535288903723348,0.00145433204938518,0.00107658950326243,0.00118422397817968,0.00315092805639918,0.00115256647705434,0.00208765403525141,0.00330720267244163,0.00100720224961862,0.00321699099633409,0.00111500312372761,0.00138627021864336,0.00132721990013183,0.0012873950262681,0.00112385982652573,0.00114487208382457,0.00581158315521571
"TT0057",0.00120368303744898,0.0024642308279069,0.00658581906385179,0.00132542489672894,0.00433868059384474,0.00137502728049524,0.00339640211761453,0.00105664178887423,0.00245045723713738,0.000972045539109384,0.0024042052317459,0.000917981409700004,0.000894622619732968,0.00103342560613403,0.000980727422821298,0.000767612081859747,0.000970469129450875,0.00233090497243917,0.00622199403203684,0.00323658137040048,0.00386703012491562,0.00231470386522779,0.00130769385088047,0.00179608106614985,0.00465937974355186,0.00104762195220199,0.00121740897251778,0.00115893620602875,0.00232361635359528,0.00108129139234639,0.000930705480207648,0.00105770572640865,0.00108484332054192,0.000978354250247785,0.00103039695335973,0.00093642973226763,0.00119517451372217,0.00143642560268598,0.00514162633696274,0.00230953131386117,0.00572244190748551,0.0041205233947068,0.5,0.00122834887834769,0.00151541718096912,0.00243565007374528,0.00580166859617978,0.00256962953168957,0.00110238819001896,0.00130804416732216,0.00111962824090712,0.00255657002486357,0.00382733753379595,0.00268105067107458,0.00267378631043114,0.00613526350271229,0.00127092709284298,0.00142387924016607,0.00125585463350897,0.00226288222736429,0.00135060815173503,0.00129416238177403,0.00213531811254999,0.00387634929166007,0.00103455755707294,0.00656051782038038,0.00107209128294227,0.00128757182390981,0.00248338869298236,0.00112056440479946,0.00146272778935732,0.00309210976358414,0.00228408518169563,0.00125322699810895,0.000935977366071224,0.00304956676410558,0.000924321304639065,0.00101699147551838,0.00546638529864219,0.000982400323848785,0.000952483625738613,0.00092244672431721,0.000922334907799094,0.00116142307150972,0.00229463082573005,0.00249367211276504,0.00992960520626255,0.00244152434854826,0.0026334680706038,0.00113474317754129,0.0015984884968522,0.00132668242547732,0.00326687703918245,0.000705276484078186,0.00112694679331209,0.00236727492608011,0.00123187954010509,0.00349630884487671,0.0013919190350744,0.00125591866764416,0.00149211424168174,0.0013733062436919,0.000920343867793322,0.00126989219314958,0.000944668538419487,0.00122485452864676,0.00771322105491196,0.00120090959431294,0.00119709229920771,0.00140584788170211,0.00237569623393409,0.00120700666609211,0.00613029745202171,0.0026466504258869,0.0010774868551227,0.000928248069254708,0.00101724640906383,0.00087955963469743,0.000809620877843127,0.000937373807845327,0.000957216121414492,0.000914950820368304,0.00102856945267761,0.000933112416472481,0.000909097652525351,0.00160008962077386,0.00267314902910586,0.00215779207050348,0.00109056533533333,0.00214355875540478,0.00246985469872606,0.00492697464772031,0.00348494732875134,0.00127050727257888,0.00225420237757398,0.00237532099164471,0.00201937188084886,0.00524713378711441,0.00546327741251717,0.00627128788643096,0.00499872190826197,0.000985791820063084,0.00125470154242105,0.00220296821258391,0.00565070731593777,0.00081233247679317,0.00118760104163383,0.0010812521630079,0.00131313522441121,0.00117905250908225,0.00186914146846159,0.00492334079408356,0.00127766232115344,0.00185310342704306,0.0024925885026644,0.00225671376969657,0.00130680106769101,0.00229099092888693,0.000928064405475849,0.00123144186673451,0.00130425115470877,0.00120712528007339,0.00139677501375078,0.00806381398898324,0.00528043911733341,0.00139224681069146,0.000823235344801231,0.00218406443531846,0.004048296094605,0.00209739113701177,0.0021163014275984,0.00246518672362646,0.00324591783785774,0.0011738030369111,0.000893823971127186,0.00116951015554828,0.00170294569549023,0.00230456689280347,0.00113833236220938,0.00152506681681957,0.00279941191598057,0.00249243130965588,0.00134315300700377,0.00126421263237211,0.0059966431365015,0.00124153180007581,0.00119934960896222,0.00212675598451353,0.00134868112780839,0.00101082741633313,0.0063340592599961,0.00330951797915721,0.00153328466532017,0.00124604119111951,0.00218928877877227,0.00302565473110838,0.00129492806545531,0.00449522708396798,0.00761010360547886,0.00139608357032971,0.00228463659376246,0.0050766626535934,0.00537194503565473,0.00381677892600755,0.00105554721774144,0.00149049437697556,0.00125365748086987,0.00223125020532007,0.00511248781468776,0.00215335500639174,0.0010767601694156,0.00423996082831406,0.00194444705838661,0.00229487383642934,0.00127914434181561,0.00112903145690138,0.00457674598286977
"TT0056",0.00107534703607309,0.00215633036778974,0.00196485059626611,0.001030272248941,0.000822493724431435,0.0010203431362536,0.000923950111443061,0.013989252074021,0.00116355491993395,0.00307747160166748,0.00200385767095128,0.00224413875007725,0.0011404897743454,0.00211847423766351,0.00102586059859175,0.000880517208196831,0.00221919815246426,0.00420266850674191,0.00325213264416758,0.0192366265242871,0.00137461780147283,0.0190757091370929,0.00100653674353964,0.00112184604861629,0.000967472510903212,0.00123761428113835,0.00188145943320667,0.0020462224777515,0.00316169862678623,0.00140990340823276,0.00118612013214293,0.0011984885404285,0.00328380263759948,0.00106521664681491,0.000959464095895036,0.00210018052288893,0.00344464837712688,0.000985078992268508,0.0010377021465696,0.00335433501448465,0.00301770999951834,0.002317536765273,0.00122834887834769,0.5,0.0033460292530566,0.00369251653600386,0.0033448266676536,0.00201279006688131,0.00123608898912131,0.00231155573260966,0.00187760605129576,0.00343245143024236,0.00132404855343522,0.00351132044423695,0.00337085703525911,0.000848207027098224,0.000886714443958049,0.000836594851283416,0.001056009355626,0.0013336503032859,0.00306630100294708,0.00181091525694036,0.00280654355754635,0.000990122011144639,0.00107503186622356,0.00111798690246308,0.00108559137780691,0.00119777877505837,0.00305371509267947,0.00195465857205167,0.000951764494640564,0.00115235308355625,0.00350489751259685,0.000929503820771052,0.0191087358196706,0.000955682941433444,0.00132681572238955,0.00203418496069304,0.000935342977049731,0.000928404564722633,0.00128015157483158,0.00220721292929484,0.00132112510256823,0.00235724643619396,0.00179646307444747,0.00121706138348986,0.00199272477482893,0.000844561733288775,0.00102289078342628,0.00103633313628361,0.00100902363492314,0.000891961116741597,0.000916840041530171,0.000975348051771102,0.000972831680858122,0.00131160233938881,0.00122526378766553,0.00325093102344979,0.00325987721382429,0.00281973536724647,0.00110358587082833,0.00414394551806301,0.00131840638935595,0.00101377414601559,0.00221503158100245,0.00105958465370878,0.00117557990255209,0.000955080856891194,0.00100933205841748,0.00113302462402255,0.00205878924930043,0.00109099337968004,0.000844143848244792,0.00326344818271777,0.0021801565180908,0.00114913864569463,0.000930816391045402,0.0010062975108372,0.00104934331586069,0.00100078919162045,0.00106563326195746,0.00106467224331724,0.0028475002573883,0.000918018462690493,0.0143622124093933,0.000916200803040741,0.00219295970898478,0.0010771296903084,0.00095832854249378,0.000987700559262288,0.000987470488104793,0.00079658877181522,0.00101899217127956,0.00088983031832092,0.00321690137966388,0.000988736139018617,0.00280850752684812,0.000810362243071076,0.00104378993708605,0.00107053909133361,0.00103411078180916,0.00258588719129433,0.00117041469537033,0.00182696070244154,0.00120861555066942,0.000892483827040111,0.00265056370424406,0.00103878498326251,0.00336569586526639,0.0024306851538576,0.0145044574713549,0.000798778104541079,0.00347490706640643,0.000999966087679929,0.00102131309812012,0.0025892961493855,0.00396938663200459,0.00408523080838481,0.00107019146895708,0.0010423064650246,0.000971289360957747,0.000931455663885567,0.000917157097810229,0.0011010469620907,0.000849678405229708,0.00302817600962339,0.00100087269607333,0.00278080521273965,0.00219214715166843,0.00196983258509018,0.00198657476639468,0.00101560550661539,0.00288323239010906,0.000931944427628922,0.0011373846459982,0.0010738945828007,0.000790461011669939,0.0019669848419259,0.00189180840264323,0.00191074344977102,0.00117095017872946,0.00278677808460491,0.00114515814098338,0.00267784717699853,0.00131333099027512,0.00295471905067869,0.00102442917896268,0.00174032815114077,0.0010154397346573,0.00103561500357448,0.00098787621860584,0.00108653864410236,0.00823755592511693,0.0202809183211867,0.00273992663609496,0.00284101232847125,0.00194141620047844,0.00322967594680936,0.00293379092298654,0.00312191234284521,0.00108557342856795,0.00115604332553155,0.000897366520673608,0.00102319396542018,0.00281847576094745,0.00102957852195641,0.00119659145012263,0.00321946020243979,0.00210987057842908,0.00314562140453011,0.0185393736947615,0.00326258389319626,0.000865720933693128,0.00118848203894377,0.000987984540417101,0.00201099149035418,0.0012354227199629
"KL0003",0.00189059085142959,0.00178078847602856,0.00129682681598316,0.00232985340054898,0.0058663381691154,0.00596196144272607,0.00411475303557659,0.00106971810552428,0.00308061570001669,0.00169511155970371,0.00221327618029929,0.00168559184235712,0.00173576534168819,0.00165363219566063,0.00167910391867256,0.000950257624770191,0.00175815125226796,0.0034591832767814,0.00351398335545516,0.00321258757050117,0.00206805209967684,0.00231282859876183,0.00488685216543289,0.0012693165593235,0.00105375476130759,0.000959493180693854,0.00117450556101756,0.00111923362356944,0.00122205244101603,0.0017130762256136,0.00227465185058587,0.00102689422780185,0.00180896961382253,0.00165175315194825,0.00171222638819384,0.0016274531079962,0.00358920618171913,0.00435329923951196,0.00116185279612464,0.00637626201470222,0.00137462612315631,0.00435529289046795,0.00151541718096912,0.0033460292530566,0.5,0.00505757991231141,0.00432256860258908,0.00124138305747352,0.00118987138371334,0.00204530756583512,0.00111130534413272,0.00451418094731339,0.00204241331786713,0.00127929710091905,0.00312917003300976,0.00128743147127852,0.00181711463621361,0.000979318675580713,0.00103177035517551,0.00176556133256217,0.00360776824237867,0.00118203895313812,0.00113952181080577,0.00601206150605187,0.00174038697620607,0.0011859798116421,0.00121745181561884,0.0028120293502605,0.00873649988113754,0.00134032572019117,0.00118553405904076,0.00236280686290726,0.00414096660972278,0.00325018152370015,0.000994314629819324,0.00106424647942759,0.00163218522011418,0.000931696729981793,0.00100881054574161,0.0010895999052032,0.00162830207450101,0.00164904700970071,0.00163042439478435,0.00207546335708821,0.00112288957840652,0.00187937845133506,0.00125603562281824,0.00242130221455522,0.00111129089480098,0.00121288141927782,0.00122679576261453,0.00645005291478576,0.00129777941450801,0.000774717302860655,0.00179198118105013,0.00184546211059169,0.00328386999386469,0.00295692284565065,0.00365875878278534,0.00126470716236054,0.00116241464270596,0.00199434406948429,0.00171050676408983,0.00566302560107154,0.00169324133335489,0.00126500391892206,0.0013939332544451,0.00104340465908715,0.00131053588753933,0.00095736919638777,0.00117860873814876,0.00315510047280269,0.00530735523282438,0.00611874280798991,0.00173391491721306,0.00163588955518674,0.00167437801879861,0.00161653707116516,0.00259375300554379,0.00260425899125296,0.00264097061811539,0.00092537526998896,0.00279135835625799,0.00247886251627113,0.000926235572667936,0.00140681763821996,0.00127993410971288,0.001096415492055,0.00425170181803724,0.00125361525867648,0.00282888623825413,0.00584985397948393,0.00282465831457902,0.00334681845928761,0.00292888552637935,0.0029115460445294,0.0010078104669901,0.00377199539726067,0.00120435598036152,0.00123045370163698,0.00345114280487662,0.00251297972611753,0.00286464033267639,0.00261557808569668,0.00110118006018321,0.00257583493181363,0.00181394272143613,0.00114331158700697,0.0051568009749467,0.00616718917679859,0.00116709856062601,0.0038375042262125,0.00492088008260454,0.00484730863964833,0.00114849229619965,0.00461700614215765,0.00121486741836435,0.00323014894519707,0.00108108826542865,0.000877395585519587,0.00243240762739516,0.00291590073316965,0.00204860113141745,0.00332464160848591,0.00103448716819543,0.00125237106423852,0.00244159619216956,0.00288336403250465,0.0013753588703855,0.00360105104307941,0.00109953525506693,0.00132234928676357,0.00337547221071265,0.00343241842184844,0.0010276621938329,0.00260932138658794,0.00199449699450776,0.00230836561010857,0.00266744485126005,0.000962748083060483,0.000997417468209473,0.000879078141444638,0.00103569661914238,0.00270184912202511,0.00110375031693275,0.000948542559210422,0.00292239631547524,0.00106657332980602,0.00475029667962736,0.00263044132389971,0.00144639268511268,0.00472564867169399,0.003139096078694,0.00118851638739169,0.00104698812968752,0.00104207276968065,0.00106282601232624,0.00135030506821146,0.00335274349555177,0.00132516698797897,0.00286016174960934,0.00141262844860191,0.00309823616387751,0.00107893321701357,0.00275050256462032,0.00109419169013032,0.00112196307376249,0.0050588468349269,0.00103590040914054,0.00503693571631248,0.00102457620568583,0.00343459295269612,0.00212531358793462,0.00114978059022469,0.00457045405668185,0.00130233146521506,0.00296938880672459
"KL0002",0.00201480597616174,0.00191067839435796,0.00205989206245378,0.00200985231784945,0.000958653337113593,0.00174120305950523,0.000940937019558561,0.00116026702227381,0.00428723556576291,0.00184115116595362,0.00110565098589085,0.00181596556059725,0.00186239886837174,0.00181828567794012,0.0018074281921651,0.000812447224131273,0.00184887842440485,0.00597674021180537,0.00607131580693373,0.00535996490806269,0.00426705138645313,0.0055663951634355,0.00161092483265112,0.00318563220227697,0.00103825563718571,0.000854506818312723,0.00194809522838712,0.000908602391510032,0.00273947051092042,0.00183342953751346,0.00189022096576818,0.000988880187469305,0.00202802378840874,0.00182045849922818,0.00178258338389482,0.00177270282583856,0.00450627135591157,0.00105201130364423,0.00287324765657612,0.00358476249004885,0.00122021837575783,0.00546802089882687,0.00243565007374528,0.00369251653600386,0.00505757991231141,0.5,0.0066601285815197,0.00225507849427295,0.0010103622979132,0.00215687553389577,0.00110953627459112,0.00654491938150315,0.00230886571917533,0.00239598730117587,0.00448232946030861,0.00106674436279707,0.00179210571090892,0.000957554388896044,0.0028496271700897,0.00377111370869006,0.00199526826465106,0.00116360817026278,0.00106015098378057,0.000972519724053385,0.00182780037120644,0.00297569868240627,0.00109122074668916,0.00202878552932326,0.00381379531264603,0.00110550089342292,0.00103994755807849,0.00224704185693846,0.00599108270761553,0.00173738923274713,0.00136781857294407,0.000945010930895987,0.00179705946463827,0.00098810437725751,0.000992293708875613,0.000931357396407154,0.00180447675011101,0.00176812981443773,0.00176407010115452,0.00471329530330278,0.00190938836564527,0.00315455233092508,0.00235875981385984,0.00104358992580129,0.00210933292484508,0.00100181745219318,0.00114234217134451,0.000955593767833238,0.00103354247939356,0.000802764063552224,0.00193056834746643,0.00395782441552504,0.0030873900416936,0.0041772708292301,0.00564453387740125,0.00106015860786365,0.00288224012497277,0.0021042024418629,0.00186410296828758,0.00110451147209898,0.00182997975663955,0.00295870013424789,0.00213027730984906,0.000983866891873093,0.00102115229142773,0.0010226822450312,0.00195079948726282,0.00307245494593298,0.00101201106061353,0.00216775030246245,0.00187021973521193,0.00180408533911517,0.00179061417422089,0.00172475977815927,0.00277107720632555,0.00276974063992526,0.00283063537569854,0.000845562034142405,0.0028601671823151,0.00268557195465673,0.0010885518400615,0.000988008648425965,0.00225266874304528,0.00196204416579664,0.00273662787378025,0.00105142178142902,0.000994273276899925,0.00102238379455019,0.00484859211172281,0.000952384978179745,0.00422893628881879,0.00398160679034285,0.000885362163314077,0.0010921161310586,0.00101017983666498,0.00227277130785291,0.000982776164539764,0.00264767433567008,0.00486836556067305,0.0027682779359852,0.00210247983558513,0.00275296049987587,0.000813614090719596,0.000990427871296772,0.00606603009780381,0.00441897255876694,0.00133047597939293,0.00103963606221831,0.00642207751427385,0.000960853815320637,0.00118873029115129,0.00289728646155661,0.00264864923582215,0.00121432542450606,0.0010075615089936,0.000965637746714444,0.000902682525558537,0.00186366888396348,0.00106631967342648,0.00230832874982605,0.000973066456108857,0.00236227513281644,0.002619481491482,0.00293423584119356,0.0012030539342658,0.00296189295758136,0.000957939391304154,0.00112051568616445,0.00314227812492162,0.00269538184902545,0.00100454988954845,0.00460535073003445,0.000925091516647564,0.003405418864108,0.00286435854988045,0.000931892779434013,0.0010208522943477,0.000889391683928918,0.00308080097817529,0.00466026474511736,0.00309554334282869,0.000889966127180204,0.000997729409079108,0.00176359422034074,0.000851907600286318,0.00271973844825866,0.00241105068544149,0.00487759130206108,0.0034018459668067,0.00154753437891304,0.00104560235326072,0.000948936986262641,0.00179681563712291,0.00356938569351064,0.00240761270343387,0.00340608823712294,0.00400829522486885,0.00231273031516099,0.00106816526984555,0.00093866357855245,0.00287429913022305,0.0029201290811088,0.00280246736928855,0.00789176598812521,0.000923657196049446,0.00738807258101438,0.00136731836921514,0.00607925217309152,0.00102788553374906,0.00293068600416679,0.00104682850158989,0.00102382120680734,0.00414480800223042
"KL0001",0.00115799806261742,0.00118180549953077,0.00497746290221353,0.00120505599335646,0.00162771902056148,0.00119334916584449,0.00110626679773128,0.0011429394262926,0.00414266770431447,0.000896098587251095,0.0032916652193702,0.000856418807954163,0.000838814951797739,0.000988604292685066,0.000923815156454031,0.000697437950792418,0.000884041085235573,0.00547080391063188,0.00869533739119445,0.00526827796598608,0.00337895202524217,0.00460791972297171,0.00116514290771706,0.00338717028390408,0.00391113697555768,0.000874085961537655,0.00198282162874224,0.000953439748201824,0.00273986452949884,0.00101665990453575,0.000903654388364604,0.000973443822153833,0.00104190264457702,0.00089528835144612,0.000968535491143657,0.000875640254896317,0.00348454236061513,0.00119735055324477,0.00642811286361849,0.00355369045884598,0.00166306225884983,0.0051366028678247,0.00580166859617978,0.0033448266676536,0.00432256860258908,0.0066601285815197,0.5,0.00232294585989152,0.00101529923882618,0.00120326965498494,0.00103553593327392,0.00578565058202185,0.0013823400722967,0.00253017170096955,0.00141566360553367,0.00528490443691365,0.00117891057035898,0.0013091100563607,0.00287152680200086,0.00305598114707598,0.00128365728771655,0.00124817090995293,0.00108625562686258,0.00118844579597599,0.000972486054544825,0.00662559080220538,0.00109287236315677,0.0011757624947249,0.00326771470241312,0.00113765016716469,0.00127662264420668,0.00365284962839804,0.00626847326718852,0.00115541505583815,0.00113674362421071,0.00401533401603763,0.000873013386201161,0.00107703469845102,0.00470507872874017,0.000854551379478353,0.000883969219386773,0.000872652327068956,0.000880535603534352,0.00121981112259845,0.00114168255195583,0.00238957793692557,0.00654488002124683,0.00138557941726906,0.00233536021915718,0.0010306127380296,0.00134391238756451,0.00112922292502248,0.00115601697693824,0.000646210152935172,0.00104794166147187,0.00317997813665375,0.00302302042095565,0.00327563644387038,0.00544748090141012,0.00110352562683262,0.00298735352625531,0.00112651189110463,0.000878600194714422,0.00118565953712986,0.000882224196507458,0.00292335336509941,0.00576567522924345,0.00103275712055703,0.00107546174684934,0.00124083928568978,0.00107685065937739,0.00325092604874273,0.0046285279637918,0.00331005769380296,0.00100490109714283,0.000881138189060162,0.000950902076069394,0.000826714323746841,0.000782956572757211,0.000857714608958265,0.000884084151113607,0.000753452847092754,0.000927809945118501,0.000880279470104032,0.00103034041395125,0.00127530331529862,0.00225582491687944,0.00198486076291424,0.000974775530800169,0.0011649499016469,0.0011364208002256,0.00418114050106019,0.00300548573607482,0.00109665918871685,0.00481864353906621,0.00212364096885501,0.000934569651891686,0.00483042082469843,0.00501586879037405,0.00547743444217569,0.00464054375814394,0.000912440465666646,0.00296923397799662,0.00106104764952062,0.00528290203313179,0.000781829488363279,0.000896936584758284,0.00100195146410705,0.00442632198920359,0.00196193646296309,0.0012785838012553,0.00417045183378677,0.00238297550869415,0.00148033405925505,0.00219577661282745,0.00285883659962295,0.00338718685633805,0.00115886264140481,0.000882327495020485,0.00119019436449208,0.00121747805429041,0.00191704826404902,0.00114681831991272,0.00623467944298746,0.00483539687683264,0.00234105920274551,0.000777336618152657,0.00114091699661013,0.00121293436384613,0.00100943492849389,0.00103123553638342,0.00124316791379519,0.00326991047615621,0.00103159356803114,0.000816497599043531,0.00280984546519904,0.00268735110757015,0.00133806813227254,0.000992300492216032,0.00252146517566796,0.0015576208492884,0.00136772137570048,0.003174930564167,0.0028450496272298,0.00650420471602745,0.00107102141088262,0.00105110988613143,0.00105260608896632,0.0010128479951998,0.000922072486204865,0.00665397915590342,0.0040676972225589,0.00357425699356672,0.00138320645708121,0.00109955038497097,0.00274472549663009,0.00108193049680348,0.00176156747784268,0.00555625398136673,0.00346635891710417,0.00214033080086625,0.00531054130300513,0.00494338895839717,0.00103012881947486,0.000937245479293781,0.00303235552481853,0.00281998028245097,0.00452214872547244,0.00469215456082502,0.00513981965694997,0.0012411926547124,0.00833978227294556,0.00103214779419674,0.00295290153413575,0.00117928215182276,0.00100349911854573,0.00131020932712316
"CH0050",0.0010411203430214,0.00349383595941152,0.00228066949692878,0.00120913055636603,0.00403962973135079,0.00124962662885758,0.00114278515608712,0.00115610202426353,0.00213284086602756,0.000956136557678343,0.00108904204978687,0.000912429522912969,0.000846842207418811,0.000920904389626169,0.000855317381052252,0.00074641122281983,0.00206031064383114,0.00237163433362624,0.002499220521367,0.00218945184365848,0.00226534587906256,0.00231775891889101,0.00229711428579542,0.00807074969654926,0.00401951397810256,0.00214205116098108,0.00119970840824312,0.00104767971267394,0.00309669170665485,0.00238585991577987,0.000862967394622637,0.00130971025151536,0.000924466024930758,0.000882397098915924,0.000882884050134177,0.000847053354945584,0.00109868057496465,0.0011419714088001,0.00157064303845455,0.0011839774753675,0.00465351876821563,0.00118130457917566,0.00256962953168957,0.00201279006688131,0.00124138305747352,0.00225507849427295,0.00232294585989152,0.5,0.00471200056861761,0.00128528905078984,0.00453958237093552,0.00213585331238796,0.00543883294912729,0.00233966103048848,0.00229540644257756,0.00129983635334995,0.00100526082928797,0.00108513967988712,0.00118959469436126,0.00339778934956518,0.00113374884933201,0.00406004115455435,0.00270626865434356,0.00536844598972498,0.0009071079206721,0.0045316605862267,0.00705686163642021,0.00115840802057433,0.00124979757133635,0.00282242162756851,0.00443622490529529,0.0051988272397608,0.00363974662091983,0.00137484261800836,0.00100755039802627,0.00351998838278889,0.000852802028766309,0.00288182153545937,0.00103326213435666,0.000885853130437569,0.000848098600741584,0.000949846445005331,0.000884555163338009,0.00111044400273985,0.00208402692416353,0.00621726072902272,0.00265283911431489,0.00132805928745817,0.0057118818769494,0.00118045378585573,0.00129981467103472,0.00314690801560499,0.00102574848631603,0.000686138895701803,0.00101495359483063,0.00471129091811999,0.00252055665084325,0.00217606321713239,0.00697337422240035,0.00770672713711711,0.00671605694770273,0.00103559102183327,0.000909463042913116,0.00382367685956335,0.000873927117508242,0.00406172295303331,0.0024603589956642,0.00623468519249173,0.0036254621810585,0.00114103498979213,0.00212375607937695,0.00450010696085012,0.00136360990491509,0.0011179871252738,0.0011631965861961,0.000828139825481388,0.000878744141994668,0.000790408605182633,0.000740148731372783,0.00105493616688313,0.00094997145331631,0.000925613706808509,0.0010460970896962,0.00080889343630044,0.00108491545727183,0.00450167519360943,0.00134706688953717,0.00228463339543266,0.000988407585114024,0.00114517705689902,0.00603999860727955,0.00237836196149613,0.00118088362044763,0.00604217386370925,0.00115653574225254,0.00119682106823475,0.00232453525438525,0.00127486761024129,0.00154627201791463,0.00143477242025184,0.00255082817261862,0.0011871231896985,0.00202789859746115,0.00415732404013918,0.00443469092891017,0.000705628931813775,0.00195106323758239,0.00375356092332897,0.00116625286715351,0.00113465453112435,0.00109395410709866,0.0037680666350534,0.00113799327939659,0.00584228192836647,0.0055340193841544,0.000916940153726991,0.001469589998135,0.00101852807967517,0.000816446941142071,0.00107755246981432,0.000994014043648705,0.00109196386912285,0.00559314321415854,0.0013331364790833,0.00104413850270475,0.00123605949606244,0.0007747793647513,0.000898308474125813,0.00269709030385824,0.000881520068736159,0.00862998987942744,0.00245123402695592,0.00266045750265692,0.00118414256224092,0.000843069930860459,0.00109900326069117,0.00114825458106556,0.00561155896725258,0.00109313927205266,0.00135083505117028,0.00351279996519814,0.00105734922001161,0.00237412279267765,0.00192808112588806,0.00220689151927167,0.00150096454772699,0.0027592271933385,0.00229815079062668,0.00386770005699036,0.00108602097169706,0.00378618004294227,0.00204135877052336,0.00123230609088707,0.00127666872461905,0.00558903238159696,0.00126869965680333,0.00348776012868911,0.00437408420608013,0.00269672405717545,0.00232127515925429,0.00194198705172464,0.00199694696431793,0.00131824139000736,0.00117592341990446,0.0009872182571631,0.0064319809963837,0.00234779253314328,0.00212945850879787,0.00146358827340442,0.00201998342685534,0.0034370978714056,0.00232635364108865,0.0011788944384916,0.00216265742428971,0.00374688658938059,0.00396273623426793,0.00200587256499751
"CH0051",0.00214589815501973,0.00410929097550926,0.00115109141950972,0.0022868789713093,0.00129711311121322,0.00118799830315475,0.00136257660010926,0.00139706989541627,0.00127221671087931,0.00128179515498769,0.00128185436527062,0.001267005621784,0.00220375702355185,0.00102495914233739,0.00109822897350359,0.000977591483058253,0.00352453781456845,0.000949762308763964,0.000930677661529954,0.00120647423103867,0.0010025028969298,0.00128855338868385,0.00361612280158962,0.00151238742668488,0.00108244385164848,0.00471740361874443,0.00148039588319581,0.00124561244046049,0.000873535673079944,0.0041198850192658,0.00231991335150128,0.00486247064949796,0.00101937530472842,0.00187967480703893,0.00103241124071871,0.00107405825246793,0.00200528520020107,0.00309248626049108,0.00109524145615507,0.00195112310456829,0.00124636435298244,0.00109007690673487,0.00110238819001896,0.00123608898912131,0.00118987138371334,0.0010103622979132,0.00101529923882618,0.00471200056861761,0.5,0.0013497517512509,0.00536684252220783,0.000985725041738132,0.00244008291700358,0.00109665109448506,0.00115965609835497,0.00101108070837426,0.00103223477102852,0.00106184426430503,0.000983386837998056,0.00390539513233768,0.00105367007132744,0.00639364258812711,0.00941603824491042,0.00331884785226941,0.00109714918913691,0.00110479190443032,0.00624750025974551,0.00128966525462442,0.00113173818223951,0.00810231017017479,0.00147774220684026,0.00138560038178427,0.00702952646941592,0.00127180690203737,0.00194896306108035,0.00376433038881196,0.00113691408511058,0.0040659865993595,0.00097933711487792,0.00203470067795179,0.00105190261331943,0.00335372787087251,0.0012191768106669,0.0010541815098994,0.00115721604121198,0.0034893756536423,0.00108902794615231,0.00108281202493912,0.00167880578694622,0.00131252968579277,0.00120918965310585,0.00226946676400363,0.00124381130472999,0.000977518427372325,0.0020698827791261,0.00359515358160891,0.010861926652766,0.000938386216204037,0.00264075332265391,0.005740333220626,0.00189276519870098,0.00107861152257547,0.00120003488971401,0.00637726917492502,0.00113774439397011,0.00606062717626974,0.00111881142518273,0.00219117791396504,0.00638514714456024,0.00215112065286957,0.00121938859703439,0.00293893571158525,0.00122461487538224,0.00299860866088293,0.00118793341054829,0.0018864051432246,0.0010237994299014,0.00192202315470591,0.0037050613955731,0.00120782435823184,0.00194421144854964,0.00119243274913722,0.00109307006210222,0.00087485560893899,0.00346168907283991,0.00132193074497356,0.00124834071966297,0.00120682458328627,0.00285301858895614,0.00346927724758456,0.00308093796199037,0.00139083590338258,0.000918165198538413,0.00226318071962542,0.000845342344563195,0.00103951173733645,0.00401679846443335,0.00125877606776566,0.00409347141796371,0.000927696519772456,0.00378637683414063,0.00110677488985833,0.000984980506654941,0.00363751604956917,0.00388688209843347,0.0027240406189442,0.00167935900184622,0.00651794346913471,0.000888321304289028,0.0010063471635967,0.00315491706037954,0.00126728085465849,0.000835961001662074,0.00400541723784126,0.00142463981772725,0.000964596153187835,0.00176573870775533,0.00123758771338841,0.00318727241635656,0.00110417415075908,0.00110364436866311,0.00120741112495496,0.00200648572640573,0.00115340848768309,0.00183498983303536,0.00110912411689138,0.002594265506274,0.000955997242036602,0.00844437035100912,0.000918655224769069,0.0058945858257966,0.012364193429043,0.0065722761808383,0.00105173933981762,0.00120832823274792,0.000828094078499999,0.0010777336426857,0.00524231211327513,0.00104930236047313,0.00134702529114586,0.00402626645682553,0.00116831566339699,0.00128983477699961,0.000810341722946772,0.000980185360471186,0.00406879319586882,0.00776170582254898,0.00135160367408328,0.00248134146295433,0.00197945441182555,0.00119036518255279,0.00098366751224593,0.0011604516302221,0.0013659007183109,0.00315136449738711,0.00138612047328197,0.00389852700051706,0.00109954154198684,0.00111840984158256,0.00115155423952899,0.000877214552978767,0.00113105413663043,0.00211854611434995,0.00235391809266786,0.00101964479013283,0.00167820729592551,0.00380255345528904,0.000964928940574169,0.00390813317663946,0.000931251821595469,0.00451903492560434,0.00105092054450525,0.00323768603657869,0.00109329264087125,0.00788055601789257,0.00630353531647604,0.000918365426583482
"CH0052",0.00233548074430249,0.00335891208234067,0.00125220223641869,0.00242903475285489,0.00205055136428477,0.00206731282867861,0.00223005710050825,0.00314206483306227,0.00142748968307574,0.00242018270733431,0.00395897227462116,0.00357599565410208,0.0021975166783371,0.00226156709051028,0.00205866556095512,0.000978868986623107,0.00487062776888947,0.00118416873316246,0.00118067593686667,0.00191720954737569,0.00237088917773795,0.00126446828993035,0.00187624930263042,0.00131579761847633,0.00114073670094531,0.00122443552403983,0.00493520987023172,0.00372351041851928,0.00180083343746437,0.00216591115656801,0.00224196648627002,0.00120477685872057,0.00224992518495763,0.00207446172490804,0.00204947185364562,0.00451326683710819,0.00122943278214469,0.00210189484549332,0.00316130416155971,0.00128811660578469,0.00371777426062884,0.00245965002075078,0.00130804416732216,0.00231155573260966,0.00204530756583512,0.00215687553389577,0.00120326965498494,0.00128528905078984,0.0013497517512509,0.5,0.00369385895914913,0.00220051538850658,0.00237437088115108,0.00126830322642088,0.00244973166469672,0.0011208999473986,0.00197423434503644,0.00112650417306011,0.0012270144458264,0.00206263150445153,0.00218648985306866,0.00672744278841295,0.00264614569176466,0.00121365394233683,0.00212391402238335,0.0012870274270781,0.00122736761376402,0.00331307873572264,0.00283161698968778,0.00262554605750606,0.00141044639116331,0.00213835115432928,0.00136543742592642,0.00216657837428149,0.00116431120309641,0.00109986530984074,0.00212732454130381,0.00371653257581399,0.00105079464674059,0.00123591977947031,0.0021450805992826,0.00227830745122197,0.00326085290294932,0.0023249145274065,0.00210794837554632,0.00220595179951056,0.00121636849923286,0.00126515534662761,0.00115985937791188,0.00152446966932301,0.0013754507589055,0.00119167846478133,0.00125200078923152,0.000967335713770683,0.00218947996260608,0.00215816841906561,0.0013519554949684,0.00312873646194055,0.0019956852967552,0.00257158788592288,0.00138258227010002,0.00475999112176482,0.00219580165352659,0.00130114372874003,0.00360042660305339,0.002212642116769,0.00129132090444102,0.00135486049301659,0.00211536676062003,0.00125126161534306,0.00250962262360506,0.00121444866548292,0.00190574018362701,0.00229457817871996,0.00485759455705485,0.00208104286700534,0.00205791274459743,0.00200647912670703,0.00327973275328047,0.00328418314111354,0.00335761909635311,0.00128801224027525,0.00471795995693053,0.00307964179104802,0.00130882021038341,0.00198154899503111,0.00146644568952082,0.00143997815419537,0.00327316821370134,0.00142457454371177,0.00119049665496019,0.00118355785096931,0.00637247199995723,0.00138384790244493,0.00328530023172709,0.00568738915067761,0.00246546058662325,0.00110600282023981,0.00116835972254865,0.00118134697795156,0.00109998819990132,0.00438437662390078,0.00337221018150441,0.00322199583984513,0.00114522013558964,0.00321248621505624,0.00247991312449584,0.00151086985859257,0.00341774529025416,0.00291362618143126,0.00141497619830989,0.00192409838660577,0.00343458576729753,0.00114967214137448,0.00142349863286775,0.00319867878842956,0.00130760786456096,0.00249798052064496,0.00126197355353344,0.0011827129593048,0.00112208042053467,0.00122724656082161,0.00136920928867894,0.00134556507573265,0.00104006265347179,0.00136310343326496,0.00305149050993383,0.00329047690614009,0.00377924613514996,0.00339286959413759,0.00360488511397596,0.00151211476047993,0.00132576353638772,0.00325492699313608,0.00129171848677333,0.00315473128584604,0.00109640080796907,0.00137223719868315,0.00349201209626046,0.00369557037578422,0.00120449276600246,0.002384449099242,0.00476343147272911,0.00322912480069098,0.00119070227898335,0.00139771772919096,0.00212332002293577,0.00352924029097091,0.00141288380105833,0.00409500568220389,0.00245425867714606,0.0043344353219356,0.00209151916745909,0.00140121317915909,0.00239303341546581,0.00222907629634008,0.00230531154482705,0.00113059508779349,0.00135079602962375,0.00127903804476307,0.00342882771872532,0.0013447594128311,0.00119155196347586,0.00136252850096305,0.00470015846598308,0.00114467149277713,0.00122299966095209,0.00325748848694226,0.00349750595448621,0.00313214150370705,0.00124596921025273,0.00117648111729526,0.00473069498447699,0.0012525305878012,0.00133060054140608,0.0015279169755912,0.0035209845234874
"CH0053",0.00369792033051643,0.00111806404213785,0.0010793796551975,0.00128351722078944,0.00132755084274047,0.00116179729252397,0.00117727811391868,0.0021361359481336,0.00407544970544037,0.00308498903341263,0.00319381078668533,0.00309379916112097,0.00100985673228006,0.00222607279413234,0.000945311214360318,0.000795639755069628,0.00222957468031386,0.00139438125643899,0.0010005987236824,0.000996527295630159,0.00350104198893206,0.00104894708777423,0.00111661828681359,0.00261916085736653,0.00331494842009072,0.00114764637710802,0.00394933302048314,0.00215361903580355,0.00351385258334951,0.00299915968969439,0.000959778757037493,0.00106459599480818,0.00299177383947538,0.000997168756365479,0.00102761889804797,0.00303189915789453,0.00108050208181338,0.00125910385283208,0.0011817471359895,0.00111997389101697,0.00237055694283773,0.00125660161507795,0.00111962824090712,0.00187760605129576,0.00111130534413272,0.00110953627459112,0.00103553593327392,0.00453958237093552,0.00536684252220783,0.00369385895914913,0.5,0.00111824018764252,0.00117943306056214,0.00122297482060264,0.00111762479442439,0.00225158155552585,0.00219508955020326,0.00324134959287274,0.00323326410132324,0.00110553289447326,0.00233872428897426,0.00649150030407543,0.00583963499603978,0.00427737400652581,0.00100508400071463,0.00114773948020195,0.00461986366635354,0.00126237815589079,0.00115052605107672,0.00815861356298508,0.00137116937198895,0.00156080862856077,0.00564300689693912,0.00127868774108796,0.00092756771909338,0.00105834031167766,0.00277459862068714,0.0014209122689741,0.000931670130423779,0.000986428898969743,0.00287612665688728,0.00294215613155062,0.0010718748698979,0.00204083837037804,0.00132466866004436,0.00117274701217066,0.00113077494494994,0.00369848109211968,0.00450306929652275,0.00124675569617508,0.0012253489778222,0.00129057155450422,0.00121768656926109,0.000789201994515778,0.00109088330875681,0.00110099409290628,0.0056920201170117,0.00346538293515726,0.00486166249479101,0.0072033434080392,0.00363718320319038,0.0046179788855619,0.0019305479484848,0.00614001677300156,0.0011215435307136,0.00645295063424716,0.00107861016327349,0.00491891827313788,0.00604749754007942,0.00389880829097911,0.00117054645937609,0.00159706977715859,0.0010808927785806,0.00127386224360758,0.00323594762900912,0.0009860597217142,0.000991658773980387,0.000892195396183981,0.000899145098112238,0.00175191484630373,0.00102441474924145,0.00285072562502311,0.00115855145572986,0.00105321931618987,0.00271640286592844,0.00150293757124627,0.00133945110892807,0.00127069318283866,0.00108430804086908,0.00382110234548983,0.00377043914558576,0.00203810359775081,0.00101808183373421,0.00408515176743937,0.00105545450818716,0.00105474936429461,0.00294015300157564,0.00118051305248802,0.00104734220113352,0.00227467172330976,0.00102330188373677,0.00122580973057764,0.00316871802481307,0.0009905624463044,0.00108273483051593,0.000867428651953999,0.00155321556066886,0.00592555019660584,0.00100025698976391,0.00104279255441968,0.00124362784994163,0.00118320902609578,0.00104212811472418,0.00141075616370359,0.00260723386117217,0.00111075346403578,0.00230385025349026,0.00133742530270415,0.00102120061717501,0.00307549060877166,0.00111975418187232,0.00117630655298568,0.00374605551882034,0.00116670672778077,0.00095956680366153,0.00361732289606412,0.00083236343927467,0.00286607181437001,0.00802174318847274,0.00518153390496354,0.00632771803812961,0.00730289333829778,0.00568743568637654,0.00113018051527614,0.00192310538136482,0.00301661721979204,0.00317811573550664,0.00685805397540743,0.00199326967362332,0.00232602306954841,0.00115059919817889,0.00230580661451063,0.00379948227742063,0.00326137548256515,0.00118420370258577,0.00127831119849299,0.00590064106654281,0.00215965658174274,0.00143126917920066,0.00120035791153446,0.00117068562919218,0.00103123606923273,0.00125025765490283,0.00111720350596008,0.00868239039765686,0.00131492495194436,0.00203224451100839,0.00120568980689366,0.00129044132648368,0.00325902870533252,0.00105051180580293,0.0012750059946826,0.001150556928172,0.00131858511558037,0.00200639957486764,0.00426282931018283,0.00111006256620677,0.00101136764822606,0.00203307128673881,0.000976888166853285,0.00105402312555902,0.00109180007001265,0.00119466858092499,0.00116636885458951,0.00585613060750924,0.00660997788147975,0.00339896685191503
"TT0042",0.00200447449064132,0.00186232416502745,0.001092573549626,0.00201316605864036,0.00096017823364498,0.00171429569421598,0.00101316788462764,0.00115836387493964,0.00321026568294969,0.00181986667425685,0.00331774951219046,0.00179854853228185,0.00180818433836526,0.00179320064509107,0.00175700742854036,0.000736737927306771,0.00184778634660764,0.00418034414379434,0.00518364632693799,0.0050960151135797,0.00530758150437345,0.003553830968074,0.00158533757919856,0.00312831061498758,0.001003565486457,0.000870454002377384,0.00197901476597359,0.000958266001714028,0.00253181996309313,0.00175900389360555,0.00184782252704081,0.000940492046995131,0.00194978119899693,0.00176380859168121,0.0017770994462629,0.00176087448797457,0.00224148980214021,0.00306616170291449,0.00281753560205274,0.00331763201598743,0.00347034091008212,0.00610403888639044,0.00255657002486357,0.00343245143024236,0.00451418094731339,0.00654491938150315,0.00578565058202185,0.00213585331238796,0.000985725041738132,0.00220051538850658,0.00111824018764252,0.5,0.00319298881299675,0.00329313809665642,0.00337517833640814,0.00105411699377786,0.00184067346078219,0.000960803576983568,0.0028335386121339,0.00369513557903601,0.0019535744675176,0.00197005183641378,0.00103488005351838,0.000943646045541917,0.00180804192681604,0.00289232653024637,0.000933768538443286,0.00200032539894646,0.00423102467072776,0.00108192113842878,0.000985894947752279,0.00239297209961723,0.00565787916818349,0.0017089949819604,0.00116351950770718,0.000909387455368152,0.00174536212708139,0.000885235648401915,0.00092905017364395,0.000924538008015509,0.00176360491746122,0.0017490542192892,0.00174859271273923,0.00213258786937147,0.00106798978727527,0.00308183741939708,0.00228139433423244,0.00101022733078702,0.00205478897659819,0.00101634000309159,0.0021295013292913,0.000968567864658312,0.00291706984737088,0.000721455387303747,0.00188654927763953,0.00386810641207817,0.0029875670298198,0.00628737376461004,0.00517708067353404,0.000979897640562213,0.00280248225111466,0.00223474088218162,0.00181718648691721,0.00103674356675768,0.00180618262864577,0.00290650929726959,0.00212965207746174,0.00093560372727154,0.000993542462794769,0.00102105794720557,0.00101679032506577,0.00198864014137549,0.00103601312133691,0.00447544643983891,0.00185260755226674,0.00175221200613659,0.00175784817117937,0.00168816175300066,0.0027158555843755,0.00270074007190085,0.00273592059418433,0.000853945292489336,0.00279249973833609,0.00261655425430328,0.00106086268812163,0.0010108673986133,0.00225334830286986,0.00195178561893073,0.00267369094671141,0.00188958541908256,0.000956033639925774,0.00101151653272608,0.0048089038723851,0.000925065999052195,0.00686505615591283,0.00397517901141975,0.000903096566918052,0.00106751764514683,0.000974660938259933,0.00223048496058336,0.000909565026574594,0.00260795253697389,0.0048268942518146,0.00271843452494926,0.0020104015011786,0.00268182023698284,0.000899375078931414,0.000966575384526264,0.00620250746977305,0.00258042142155355,0.00198883876973608,0.000989688923860644,0.00517114489023522,0.000953429106618143,0.00194660983674183,0.00492727410958067,0.00331056596004137,0.00341075428794166,0.000983489099488679,0.00089088352242641,0.000857210878435033,0.000960845954479588,0.000980541036140749,0.00451413830641121,0.000933296419075342,0.00239876643293068,0.00255216833189929,0.00493935348857467,0.00228480858557931,0.00491389460132088,0.000931320715231235,0.00116937115860877,0.00343914210791636,0.0026222960571598,0.000954622035439146,0.00449532710185589,0.000907131387469228,0.00116945887715019,0.00283085916407524,0.000921936193268471,0.00184900846134398,0.000853674728059557,0.00299152807851122,0.00467363517655426,0.0030123547848229,0.000868336348320163,0.000955563090479922,0.000992943300023529,0.00167332039378021,0.0027036795679383,0.00235701263217135,0.00595226563159432,0.00452853242458214,0.00129085636197842,0.00100289494336407,0.000949397987210998,0.00180896418316118,0.00123167475698115,0.00380865015327193,0.00330325786981236,0.00407403788941302,0.00228156600196926,0.000988001418035142,0.00100786241119705,0.00282712349394755,0.00282126195026483,0.00274317097497587,0.00507265831631165,0.000905253900655745,0.00655432632392258,0.00116963653858059,0.00411002022871963,0.001091443870969,0.00289458139732812,0.00102169488115462,0.000984239777944738,0.00511040926037901
"DU0009",0.00233234746970676,0.00470441061973153,0.00244440071942673,0.00223207915628749,0.00113017509555365,0.00191561251683097,0.00108689786757353,0.00103576964790041,0.002331655002883,0.00220578217405253,0.00114251415701576,0.00333531729374354,0.00341252504945672,0.00213462986143992,0.00210480877168181,0.00110321882721131,0.00349148579534867,0.00132266493820439,0.00234501264633412,0.00143434014563988,0.0023549664832325,0.00435248606910114,0.00207242549585956,0.00246328646554409,0.00125032169614087,0.00132698271190875,0.00120822524724865,0.00108046895957983,0.00218136056094545,0.00346980003279569,0.00232981769181157,0.00142260186462831,0.00231256138850902,0.00215680493768809,0.00207930259402109,0.00212953834141584,0.00135533095351232,0.00110648246448018,0.00214703935249461,0.00121237572369012,0.00237772079494418,0.00239233077372922,0.00382733753379595,0.00132404855343522,0.00204241331786713,0.00230886571917533,0.0013823400722967,0.00543883294912729,0.00244008291700358,0.00237437088115108,0.00117943306056214,0.00319298881299675,0.5,0.00253904466523126,0.00368435689401133,0.00125319935074488,0.00198870049548569,0.0011582427580103,0.00214907635810121,0.00236432288772218,0.00224228888423294,0.00122649235947189,0.00112296920848243,0.00235865425016394,0.00214989896893149,0.00131239106869193,0.00358262371851309,0.00220085859169966,0.00200122656677641,0.00110191528263345,0.00125655681487774,0.00129278092927925,0.00217246683192713,0.00197619928398317,0.00134817644914893,0.00246151253987127,0.00214240346271438,0.00139728860747935,0.00119051729511345,0.00120928958573039,0.00215069134537023,0.00219256415855415,0.00215011910796008,0.00544030737204503,0.00221307146525036,0.004858061473516,0.00381919410603182,0.00125005363762824,0.00232675537840439,0.00115003213372827,0.00136783564115949,0.00308484820107837,0.00105602531500909,0.00108642651693147,0.00229013606538111,0.00352359597597227,0.00114310102585751,0.00228478311495283,0.00138117843076837,0.00222961087118931,0.00126149481207828,0.00228479622453576,0.00335387361604066,0.00105125110575207,0.00223451573531788,0.00116592996383181,0.0012707178253273,0.00115062541145102,0.00103333812710823,0.00126573747369397,0.00236598080136537,0.0042945164799251,0.00113099323805259,0.00220688944709252,0.0021504618417169,0.00213638753333309,0.00208843333796486,0.00312772109611421,0.00329777991280027,0.00326782153929656,0.00322615755964875,0.00116456195764852,0.00323438556108714,0.00309172357935988,0.00112619159533233,0.00120991447787804,0.00134850074399099,0.0021701574538627,0.00308066833917202,0.00121614717627137,0.00244558333757625,0.00113859584721682,0.00331753423662535,0.00111690485495109,0.00423689278533345,0.00438945849109267,0.00132870267396479,0.00110859868666615,0.00143623257671613,0.00373463315082317,0.00136760477566255,0.00391187532869971,0.00425188389556736,0.00552119103287128,0.00258007741439912,0.00427954311538214,0.00262266022299724,0.0010766186170149,0.00350877549069894,0.00286483817622523,0.00114234005446104,0.00348469699574027,0.00350012390191137,0.00236937665885693,0.00136453057098324,0.00305169503596201,0.00116253612324506,0.00119536512125372,0.00233752627803483,0.00122806137492698,0.00119190683912446,0.00106973335133823,0.0012477239065958,0.00132619662037626,0.00120454261373157,0.00248290937264518,0.00308360559257152,0.00315188024749116,0.00113479354487613,0.00323002625897831,0.00241577510523145,0.00126479979329741,0.00113112855232667,0.00302568979761422,0.00129053209671173,0.00414419691247058,0.00114457682399179,0.00231524840034288,0.00423943717249836,0.0011128866692245,0.00511791767008132,0.00112879548321634,0.00127899168893823,0.0032241594967115,0.00234660235280529,0.00241983408396691,0.00106693374878352,0.00117294502450588,0.00374029894919712,0.00308698539603992,0.00140844269890242,0.00423373784951907,0.00129053447852065,0.00234174296047039,0.00221762906604871,0.00215377743513017,0.00236817405518107,0.00138103864900529,0.00250912844565355,0.00120518893298593,0.00438726996092636,0.00245903178655107,0.00112776422183779,0.00415726463925198,0.00424112329588941,0.00228220999713443,0.00318174976058618,0.00632608153303839,0.00136427633175838,0.00322584249865129,0.0023939068560359,0.00138897800549533,0.00121821055287437,0.0011939267715855,0.00207663161931979,0.00107617135471834,0.00364041375779994
"DU0008",0.00133439861967436,0.00232425609640654,0.00367279706902781,0.00122660551056497,0.00107195771104282,0.00111936299943511,0.00160117340695495,0.00110813444863221,0.00374834884797066,0.0010035096909629,0.00183437832308649,0.000991285017794037,0.000979012655562078,0.00117857583079885,0.000961352064357599,0.00082850894090606,0.0010700667680558,0.00243931634734302,0.00429839735344204,0.00226096719544008,0.00146519716307879,0.0014748321108783,0.00114790279303256,0.00234798275100278,0.0012415074359764,0.00460983169450005,0.0028121981223596,0.00487787996785907,0.00240425140112181,0.00115671674374313,0.000943592562916311,0.00158421097703087,0.00360176220565294,0.00100093433906976,0.00105728076675795,0.000988401819741015,0.00362601802623783,0.00164482264066201,0.00237810508386295,0.00419141697588961,0.00133789785433869,0.00246673449524512,0.00268105067107458,0.00351132044423695,0.00127929710091905,0.00239598730117587,0.00253017170096955,0.00233966103048848,0.00109665109448506,0.00126830322642088,0.00122297482060264,0.00329313809665642,0.00253904466523126,0.5,0.0050142124749204,0.00246858720148697,0.00224111063855272,0.00534700655531389,0.00473954493793332,0.00136443161230339,0.00390895381970469,0.00217437347991589,0.00115045148913908,0.00106511177199889,0.00100952266114536,0.00229044978456885,0.00114730975880926,0.00120580025376307,0.00209777761347176,0.00113852955634058,0.00335537525604989,0.00124771150506728,0.00211126682348123,0.00114174664712163,0.00106425838225129,0.00456046786055544,0.000928479359165108,0.00171542131498272,0.00120560502077835,0.00162861936370755,0.000971975921103528,0.00096532287563076,0.00097956218515548,0.00232236666200982,0.00565739273365207,0.00241793308960993,0.00251885037993213,0.00485876022424446,0.00328786649989386,0.0018443774413324,0.00307165220966636,0.0038560762752605,0.00411236359077592,0.000766059014618299,0.0011202081941753,0.00230010490037613,0.00102237666207173,0.00236492331328865,0.00312990374078542,0.00111823778509207,0.00129608983773868,0.00240112581809891,0.000956433852502866,0.00195103865582475,0.00102423711692292,0.00213393094518651,0.00225578796505353,0.0011151645558173,0.00106732498533707,0.00562574184825262,0.00289021117738287,0.00141445423678936,0.00121424141332655,0.00238667459734071,0.00116412021323869,0.000922412087880342,0.00103161057481671,0.000868291351654231,0.000815430076197666,0.000990104033961274,0.0010431757850916,0.00463077775881056,0.0010563277340573,0.00100167679909024,0.001022910450828,0.00119954576912732,0.00453709828898728,0.00525383039892551,0.000982704733191869,0.00580249403389644,0.0011322956764695,0.00117918298992037,0.00120871740057058,0.00116115423876162,0.00353762653508016,0.0030707163947609,0.00414729302782109,0.00146989222310246,0.0015411201513643,0.00267818592726331,0.00137653894042977,0.00109490738305486,0.00308270286630398,0.00204879566721976,0.00403967997267127,0.000813391744517445,0.00116309815233628,0.00113823464610444,0.00345200774439371,0.00181998332233761,0.00120002383476194,0.00108170918588156,0.00369983174964243,0.00118087945920096,0.00221446125495095,0.00114531073570611,0.00226958875740749,0.00684755856226675,0.00142556157186877,0.00500284889215454,0.00503583490209757,0.00479644047477918,0.00113301720757917,0.00262448302670838,0.00136723690684587,0.00304267710296471,0.00081712637350463,0.0020161805392587,0.00109941206803601,0.00107387201896425,0.00119835356391611,0.00215443852418467,0.00119098848982313,0.000957586188243208,0.0014721965914801,0.00212270906345123,0.00470423176909385,0.00212465746408642,0.0010707862356714,0.00476117792730786,0.00607452753505763,0.00503499056644767,0.00495577758158681,0.00128294082723868,0.00508263958553488,0.0055405767489178,0.0010129089203708,0.00374904078500533,0.00112670550311657,0.00103715362624462,0.00160760861543395,0.00115378623173257,0.00235016122713555,0.00312614957115751,0.00129408656597566,0.00477510972147889,0.00554333340689882,0.00366853021975134,0.00328766629434154,0.00156467195061157,0.00221332767403724,0.00138695286072224,0.00150674933324458,0.00537741015300544,0.0020416274965158,0.00212984813072659,0.00257578824202201,0.00136666094134648,0.0015228604311844,0.00135464109252607,0.00126236575119407,0.0076039043378653,0.00449857485616365,0.00606461070565971,0.00106299963020447,0.00107894288424394,0.00225099308542383
"DU0007",0.00219085234773362,0.00448248424100856,0.00614217405608999,0.00349502665727032,0.00115675649036884,0.00200831144070065,0.00114302292284449,0.0011423113564155,0.00235132250585382,0.00207175360123958,0.00132411077465394,0.00202588662210694,0.0020651044147003,0.00199092676816445,0.00196183625450462,0.000878901428586595,0.00211231181786296,0.00139425960813352,0.00361920741367389,0.00338733183050501,0.00233216442694668,0.00236798341762972,0.00177983252079326,0.00391910151059639,0.0011303166523942,0.00109686689069256,0.00127404106953906,0.00230504694654981,0.00199107021330534,0.0019945755088468,0.00206189088099202,0.00109922754403668,0.00341328128484573,0.00200986188688263,0.00192184157083733,0.00196920163807,0.00144704552905863,0.00117191145747882,0.00117116384615906,0.00375367708048077,0.00490255105429009,0.00363703562713388,0.00267378631043114,0.00337085703525911,0.00312917003300976,0.00448232946030861,0.00141566360553367,0.00229540644257756,0.00115965609835497,0.00244973166469672,0.00111762479442439,0.00337517833640814,0.00368435689401133,0.0050142124749204,0.5,0.00117285160617178,0.00189181658998194,0.00107412439780527,0.00113968436229237,0.00197637054267632,0.00218700508821728,0.00222677840052167,0.00228701383659516,0.00105597741380727,0.00197652459443567,0.00124381350356326,0.00104760523302816,0.00354982549984911,0.00412566690635221,0.00114728054489567,0.00109541882497291,0.00133999959825232,0.00134669259659124,0.00191271856487771,0.00123373142140154,0.00105877775131826,0.00194969895454517,0.000933841733584631,0.00108452769458842,0.00109520212320237,0.00197310128270571,0.0019564086579704,0.00193956643978961,0.00483888658471779,0.00332005672696712,0.0032462045134486,0.00248860532969683,0.00118056832931029,0.00217664573966033,0.00123565432283623,0.00252554299206564,0.00110274988653599,0.0012138163428823,0.00086338194839653,0.0021214633511921,0.00206952054593257,0.00222925503964511,0.00230510270249114,0.0013744698976777,0.00234282773914836,0.00116977154668859,0.00354794034189253,0.00203108250202903,0.00330819593936999,0.00315625957858995,0.00116055101266498,0.00238292197928218,0.00110589165883643,0.00214023953641312,0.00116652879713003,0.0036076470907361,0.00102206442780778,0.00120831199138313,0.0035393957204822,0.00211624148629395,0.00195856728884759,0.00194633560763393,0.00188203252190713,0.00305277569123684,0.00306669427584662,0.00523943099259301,0.0011010417755622,0.00430604558446247,0.0029295488722854,0.00102481905069041,0.00123077153391389,0.0038666968637928,0.00213827650736607,0.00316120999981773,0.00123292074161489,0.00116800621892788,0.00116906115277374,0.00319036328132004,0.00110655248205808,0.00426408653555679,0.00652482840867512,0.00207095833719354,0.0012023827610204,0.00112583545346771,0.00133548211364021,0.00102494442531468,0.00392214346325663,0.00411815819609014,0.0041089331827327,0.00215284037453356,0.00302700459184351,0.00215390724634485,0.00111700991472964,0.00575531203797989,0.0038145628556403,0.00200100076513444,0.00119387942864997,0.00570181888097167,0.00111871749274338,0.00217529727073653,0.00305754690061754,0.00110494223458212,0.00367049863335743,0.00112305678707642,0.001027747347536,0.00106284076390938,0.00219358711387649,0.00129506192105495,0.00245700958155024,0.00104063463579517,0.0013287572878883,0.00286343729509908,0.0031522582103724,0.0012692032634262,0.00322724263880126,0.0011173139664437,0.00338703681743724,0.00123357622305509,0.00304535358717584,0.00112254067238814,0.00301367544471048,0.00102407822752659,0.00339096938791373,0.0042651857027665,0.00114669262999196,0.0023396034221893,0.00218968783560548,0.00112492792299808,0.00309159007676846,0.00124452469082856,0.00222613016318056,0.00117964632990786,0.00127319068084717,0.00121473802471462,0.00301927293299819,0.00252048461340533,0.00417674729235604,0.00136781960277437,0.00254927224471428,0.00220380180679706,0.00228527890007242,0.00124423142650222,0.00381610178267575,0.00254713090154709,0.00114014252958494,0.00333148220814728,0.00254897987273779,0.00122253653186969,0.00118447782359263,0.00432651408800216,0.00112927513155703,0.00112155766714866,0.005275133130133,0.00105505591984813,0.00324331906554502,0.00125809433317565,0.00236446281888342,0.00377096949611501,0.00346393837450547,0.00116186254480239,0.00125358413198227,0.0035257006294678
"DU0006",0.008340141135613,0.0011488489231569,0.0052234197669892,0.00124716154003778,0.00428879170876085,0.00138596190213713,0.00195028854391623,0.000848099014603537,0.00107255797682036,0.00110549936072697,0.00110000578391192,0.00105767279278959,0.00112527443216858,0.00436400191239893,0.00132428971722724,0.00190219325342171,0.00103733676603651,0.00133588767452114,0.0050278443946431,0.000842623881029307,0.00121180133388666,0.00085257160702164,0.00130726622782063,0.00159182323578295,0.00777983402917684,0.00171094192052856,0.00102393513069555,0.00111876874502896,0.00401843036536375,0.00109148735623782,0.00120711959078726,0.00113629046258939,0.00374749579218104,0.00244153641672476,0.0023961269653893,0.00230144849425924,0.00114718293288601,0.00175563906145665,0.00485437959127606,0.00187006823900283,0.0042086841699192,0.00114009067974624,0.00613526350271229,0.000848207027098224,0.00128743147127852,0.00106674436279707,0.00528490443691365,0.00129983635334995,0.00101108070837426,0.0011208999473986,0.00225158155552585,0.00105411699377786,0.00125319935074488,0.00246858720148697,0.00117285160617178,0.5,0.00493561776115492,0.00566402085207218,0.00460248027374698,0.00108590245459515,0.0066864250018934,0.00108299812596805,0.00099776377813863,0.00137955346044203,0.00139550816528568,0.00538214729436766,0.00111838292405111,0.00334949011422167,0.00124088687829376,0.000994275681602686,0.00237529821846852,0.00298334512772235,0.000946394987303372,0.00122132355414756,0.000991576443606293,0.00319952002075132,0.00116268076499313,0.00119110479756034,0.00672658560417868,0.00190262321625722,0.00230534360734552,0.00102807748329756,0.0010957049139347,0.0011760984197708,0.00110479347374881,0.00117650779497742,0.00633573239463517,0.00410958357587379,0.00464487574332907,0.00290143454726777,0.00136155953379215,0.00123892272268885,0.00136864733167029,0.00136043683185468,0.00159277516462053,0.00114823605023303,0.00101021990685375,0.00112994117739908,0.00105368634799978,0.00108261429427331,0.00132684478109229,0.00112510445220241,0.00110995717750491,0.0026111231809898,0.00113684944460181,0.000973277938129518,0.0054689147616026,0.00127430075017146,0.00119414428240234,0.00444642040626715,0.00114735870811927,0.00204682262853098,0.00509761973395795,0.00194764313820035,0.00110095955959295,0.00127244017237807,0.00447413534252079,0.00178230766752306,0.00108306273091834,0.00100844541218496,0.00163279329529758,0.00116527554394326,0.000935600526711506,0.00385251528739575,0.000823442930930488,0.00325692157502737,0.00126039630081005,0.00110640243219604,0.00171984362142554,0.00127624235881231,0.00151446538985131,0.00488114316078914,0.00108224766766499,0.00318523707890768,0.00102566540031972,0.00109454031080075,0.00100690710532214,0.00580677855654933,0.00616303457554026,0.00917450749892153,0.00669501051456156,0.000886853543319065,0.00179886312453232,0.00106095860813187,0.00323318982235299,0.00110904118148972,0.00128244488506593,0.00100165455389544,0.00108082043737269,0.00116713223043448,0.000902057966444832,0.00491648943354882,0.00110086201632741,0.00455015629363727,0.00147880526504267,0.00244117543317083,0.00109978075188909,0.00098711347363288,0.00227860839659647,0.00490595706780515,0.00364484452751326,0.00137236845392976,0.0014135092306486,0.00525484770881309,0.00775896400294307,0.00390339856071886,0.00102305120116903,0.00113738029465006,0.000970504808309958,0.00100992122909089,0.00105106086032438,0.0010989299885901,0.00120257443946144,0.00167320092706594,0.00115492715601835,0.00440516850598048,0.00598290668396417,0.00111144647692336,0.000983286449913397,0.00156882910523915,0.00168709598993563,0.0030613278430448,0.0023090021308385,0.00328656010917358,0.00616041360196103,0.00123125061519524,0.00167326478002088,0.00103264652692819,0.00196753727849019,0.00094855721298965,0.00600508485128513,0.00102149483595053,0.00105103743501034,0.000892623452314882,0.00403975486072272,0.00174921232036553,0.00108075842043561,0.00456997732008426,0.00499688620273182,0.00117896234029912,0.00103567967709001,0.00491714628003252,0.00591202974230018,0.00129544638394607,0.000940964108171964,0.00268915785962498,0.00108978971257061,0.00097059047676583,0.00503793486068777,0.000951977503280567,0.000839219247455283,0.00308399106812719,0.00186805522920997,0.00120822536490803,0.00120857399278833,0.00101478872724158,0.00116978534713879
"DU0005",0.00546916393615606,0.0017200125615654,0.00126575422467817,0.0019902652864351,0.00103637504987443,0.00437740624025475,0.00106652858335262,0.00077939971367407,0.000968589950017122,0.00196691852728331,0.00117014189618912,0.0019787172753989,0.0020802007282993,0.00477383859044301,0.00399510106221525,0.00136760777564123,0.00193647123108664,0.00115941031291111,0.0010727444451273,0.000855839718120662,0.00206448871585297,0.000870297931621967,0.00163563395988202,0.00107155855185188,0.00390390907795887,0.00105523473418026,0.000922691711463104,0.00124503992630179,0.00344646230515326,0.00177274947882345,0.00256518061470349,0.00104037351814272,0.0043226339581818,0.00379798327054342,0.00671348231528849,0.00301359533689146,0.00118319162608392,0.00106770379010599,0.00101063474046511,0.0010498772304507,0.00119543417716804,0.00199938096129498,0.00127092709284298,0.000886714443958049,0.00181711463621361,0.00179210571090892,0.00117891057035898,0.00100526082928797,0.00103223477102852,0.00197423434503644,0.00219508955020326,0.00184067346078219,0.00198870049548569,0.00224111063855272,0.00189181658998194,0.00493561776115492,0.5,0.00874038123644931,0.00416458756428968,0.00161818740985434,0.00496223754964062,0.000986478172515529,0.000970932060164533,0.000991264912447813,0.0049087479599764,0.000978142432781499,0.00130577651262476,0.00222714873455,0.00182212840685963,0.0010275806743818,0.0028542674911164,0.00400859392420242,0.00110167539200861,0.00248561293045856,0.00105561086223491,0.00413860575757414,0.00197953689036232,0.00122720857886021,0.0023100161176791,0.00339639755889666,0.00300428448037128,0.00185232049121295,0.00191001494008175,0.00206542216132656,0.000997466139447214,0.00176220144404496,0.00130842778394736,0.00367766516987689,0.00381454894045138,0.00119392839076433,0.00119854293230532,0.000981101617646021,0.0113093272135619,0.00119657687419469,0.00532052792820262,0.00171550647156791,0.0011492701161291,0.00194689212291703,0.00107155012589737,0.00104183643433366,0.000949344870477629,0.00203732462177333,0.00201889877792259,0.00113950824443922,0.00203030667836367,0.000952268916507589,0.00111023145249838,0.00162035511206147,0.00445945890934031,0.00402525104775432,0.00108659319296019,0.00571446849619696,0.00153738054560776,0.00202066084894134,0.00183725088123314,0.00272547408294067,0.00502951437333458,0.00372041614337339,0.0029900507252187,0.00272977532866782,0.00274144855517867,0.00124984786502011,0.00276280962443516,0.00529026689746885,0.000765212923633797,0.00605233160242908,0.00125602829757149,0.00102502693439611,0.00271488415291138,0.00136804126452879,0.00110812131307654,0.00104548653676464,0.0027444136173322,0.000989915984373126,0.0027286237462176,0.00282329295131691,0.000955972066506792,0.00658220908345047,0.00125287310323336,0.00391995186266598,0.00243298694221036,0.00248695705906608,0.00270562621435547,0.00259410947206633,0.00111549076974924,0.00299938705734575,0.00091089646491758,0.000949002892630894,0.0028286092049,0.00398391909822209,0.00085210084195795,0.00121730154161263,0.00372235709029448,0.00105046919505458,0.000985920310153728,0.0088487688229988,0.000919120856788471,0.00119053346845146,0.00224501545810034,0.00447416939361175,0.00382392955608436,0.00538393956817825,0.00124640401179584,0.00125931431843778,0.0054543183150822,0.0035488397046251,0.00278663288786871,0.00645150652848657,0.00118797500959873,0.00289357779900711,0.000928827396538421,0.00104977550651759,0.00892742553663794,0.00274987279808755,0.00123995040476898,0.00559874595418231,0.00697292678178049,0.00108023111428761,0.00268660578653275,0.00115107924665087,0.00118716048898477,0.00252403362212933,0.00130331157354617,0.00475007485912158,0.00240919045406899,0.00114508178291719,0.00106496016571337,0.000944207792836673,0.00105851822227145,0.00259233667180416,0.00126750875667337,0.00275967962162402,0.0010262861766065,0.000851774179432397,0.00361426064014675,0.00112680607842701,0.000997102763829375,0.00131034154980175,0.00125456772653793,0.000975849036667064,0.00284491858953148,0.00126486061052794,0.00113966496358645,0.00130431007594228,0.00282509719016954,0.00222820595617613,0.000912435540647876,0.00273103674594616,0.00108506108113153,0.00261318724273515,0.000764774284727355,0.0012571051846005,0.00110326326820784,0.00123963617219891,0.00110619983843121,0.00107894236702405,0.00299874452368787
"DU0004",0.0049121659932098,0.00111400844315092,0.00289955465503882,0.0011101820161453,0.00100770314996255,0.00294973470121186,0.00197295244400021,0.000824478407831557,0.00134955779179209,0.00117172320345597,0.00153583925807649,0.00121406410560158,0.00123413851325074,0.00425240357723515,0.00328484269504041,0.00289914846077808,0.0011592401270113,0.00116885267096135,0.00105590379764759,0.000801257803305801,0.00118928232752841,0.000800290723978991,0.00106814298923293,0.00105838265220582,0.00410058191926462,0.00407536838874822,0.00137055381710753,0.00437681673117747,0.00365521842491605,0.00112242038186201,0.00121800698074535,0.00137795842599639,0.00143141391578138,0.0031500946398281,0.0051018764066076,0.00231977202388391,0.00135795775169005,0.00132011792732198,0.00134011568985736,0.00132270929330636,0.00111427774256792,0.00105306708319171,0.00142387924016607,0.000836594851283416,0.000979318675580713,0.000957554388896044,0.0013091100563607,0.00108513967988712,0.00106184426430503,0.00112650417306011,0.00324134959287274,0.000960803576983568,0.0011582427580103,0.00534700655531389,0.00107412439780527,0.00566402085207218,0.00874038123644931,0.5,0.00703259206143515,0.00104560391975847,0.00492590751262597,0.00100048853269677,0.00100134185858774,0.000988412196546491,0.00361272796798457,0.00117678735672112,0.0013145282244565,0.00208128634574578,0.000961561848048658,0.00105173651694889,0.00218931887499742,0.00345917718315414,0.000916230017414429,0.00107604448387319,0.00103050561319324,0.00718958883751516,0.00120187464833923,0.00163744180690612,0.00262473942441558,0.00353292006383707,0.00231177181698714,0.00108943507498735,0.00117089195192232,0.00114709773700289,0.00400343632680355,0.00106523613688205,0.00151137147613881,0.00752987311017267,0.00414233715616299,0.00214475245920117,0.00159378522179346,0.00139349158194743,0.008721976462191,0.00160153618448417,0.00361251821077401,0.00106068963373052,0.00101762546010757,0.00109521804392788,0.000975838570063508,0.00103784566249269,0.000994054908357241,0.0012291814121895,0.00118991830978048,0.00105653287647877,0.00127427556648514,0.000961227776399237,0.00118503434980412,0.00179037782861095,0.00361042442618942,0.00855817640574569,0.00153819010002384,0.00444643657177842,0.0012682024634183,0.00108325176989713,0.0011262395872369,0.00205588741546899,0.00445326020630805,0.00287296856788439,0.00114613063967009,0.00102417970227393,0.000995620533790465,0.00431393137179996,0.000985278210642938,0.00383399392044505,0.000832803766910779,0.00425681159594308,0.00172122758879924,0.00364531116533806,0.000953058611337381,0.00527643614037429,0.00118045928477492,0.00110064696024978,0.000976279255332599,0.00104243791329876,0.00092551893853776,0.000956337770355565,0.00153222051381434,0.00464305468444837,0.00247134437556245,0.00434942120402654,0.00156920181372127,0.000940607752815598,0.000972730104085042,0.00100507881815744,0.00438395709021017,0.00116992687913455,0.00107802417633592,0.00100785990088416,0.000940924662827276,0.00152938769393162,0.000873411715548993,0.00118401398789456,0.000986836257015006,0.00112325017339368,0.0010509364153029,0.00407150137285374,0.000990208421211072,0.00277065944092585,0.00155746714661744,0.00852796848817957,0.00826902623272573,0.00730586332337222,0.00120055992273672,0.00152379736288344,0.0046957754889554,0.00383958578580889,0.00109511370431065,0.003895713133732,0.00104547772054878,0.00107251292208871,0.00107345355593925,0.00104597141856702,0.00453567651198426,0.00101302748530318,0.00147606142396808,0.00393264217539983,0.00999164848886633,0.00102278050283908,0.000946880103070862,0.00491707476687365,0.00521688254776098,0.00769571858480174,0.00467482468803455,0.00311483607787553,0.0055781441108291,0.00508109480683842,0.00096836971599246,0.00137621982886375,0.00111807321425258,0.000954753729110931,0.00146452178245743,0.00094739848491293,0.000948199474593119,0.000878158742720364,0.00383483568471004,0.00491716002297064,0.00394253052860037,0.00195766247388989,0.0011016759852719,0.00105748764645271,0.00103496951931239,0.00118597754824592,0.0015502098111141,0.00493866179759434,0.00105083884421661,0.0033317552186279,0.00127146477008517,0.000918867116128468,0.00285332204655579,0.000877434291561783,0.000891603610605028,0.00463783954209057,0.00149625088072389,0.00445741169427363,0.0010270841305769,0.00105630234797543,0.00111875923875562
"DU0003",0.00486480314893085,0.00107738596836395,0.00119542168987848,0.00111040648757664,0.0010000547233588,0.00101828905568519,0.00414071526893808,0.000974815493349629,0.00303488760973333,0.00109132662958326,0.00472534023522397,0.00104585760017524,0.00106268005145601,0.00378984395716188,0.00113913822400232,0.00101306443884061,0.00107339180281014,0.00319418913282458,0.0027930564489002,0.00258817171705135,0.0030801632238325,0.00197567935007874,0.000996179594722299,0.00294468410089519,0.00362819847990641,0.00475747301866873,0.00440884178430857,0.00467473992380005,0.00495575213158199,0.0010469112022685,0.00105801266149608,0.00270537241029609,0.00120290836011703,0.00115169630247449,0.00316989131280166,0.00200474706243839,0.00280275628984393,0.00419574247220073,0.00274684322949202,0.00431720542825295,0.00110352872765963,0.0021336508304645,0.00125585463350897,0.001056009355626,0.00103177035517551,0.0028496271700897,0.00287152680200086,0.00118959469436126,0.000983386837998056,0.0012270144458264,0.00323326410132324,0.0028335386121339,0.00214907635810121,0.00473954493793332,0.00113968436229237,0.00460248027374698,0.00416458756428968,0.00703259206143515,0.5,0.00282752416627589,0.00371372340637163,0.00196040738329991,0.00103142930342381,0.000950036933113552,0.00209126146790891,0.00277541668142249,0.0010055928837736,0.00110467865676304,0.000985423638018562,0.00109817107542365,0.00107821575947127,0.00116443490465866,0.00260908735280856,0.00100847183000021,0.00180546062828444,0.00140724437793004,0.00104856172017769,0.00147165208280975,0.00309693616697994,0.00457683518925694,0.00313705866345002,0.000987054272709916,0.00105064390636396,0.00105693378151609,0.00462555919803629,0.00126958068076056,0.00136173159770875,0.00494266604472138,0.00411905998305082,0.00470098336275864,0.00579735126194855,0.00411100844194326,0.0043971511742253,0.00092406341251692,0.00126713829068439,0.00289691076713631,0.000935281016837103,0.00296229700915644,0.00274116334514023,0.000945533240068858,0.00269700506810037,0.00123249133928171,0.00104709543129153,0.000952136950773974,0.00107561720167582,0.00276838695839065,0.00114285438575454,0.00105755352156955,0.00100701353069873,0.0068599631882365,0.00456681225137277,0.00115856804210456,0.000996384288454182,0.00110966214655371,0.00112575033691336,0.0020271055903849,0.0021761381867355,0.00100503464419524,0.000955656077216038,0.000965867920513289,0.000956732690817232,0.00472013765656366,0.000926576105407728,0.00343902782104613,0.000935603786601518,0.00112762087069638,0.00490486337043773,0.00541045264141949,0.000902684187136841,0.00490791664449368,0.00112688614681169,0.00107417560517043,0.00276218440858998,0.00106659136125779,0.00269290695506557,0.00107567205631583,0.00439693596647725,0.00115513288913159,0.00115227192859404,0.00489156751427,0.00105596533921411,0.000969533083164514,0.00276989853105314,0.000967437750778027,0.00139842750459443,0.000958740602872215,0.00180262158807583,0.00105385296100977,0.00198819194059887,0.000858071113535556,0.00106174785868335,0.000947924622312476,0.00200594033770811,0.00104015714754076,0.00197567872404008,0.00107170361296537,0.00314538090707154,0.00487895195325708,0.00283168803710718,0.00570639835169551,0.00485371720931381,0.00435743104846372,0.000972828004620031,0.00123184214451946,0.00216213930818965,0.00604916382244861,0.000900147548265724,0.0010652593393219,0.00101306396654476,0.00101970280152192,0.0010659080981425,0.00108835605735054,0.00110155036587828,0.00084389361199053,0.00290823973238192,0.00601543298940776,0.00444756265649394,0.000994605055340204,0.00100065724222124,0.00153387144663393,0.00244839708813957,0.00394740753627979,0.00667098667520419,0.00365471829004921,0.00326149807182928,0.00428148252647696,0.000897602104565652,0.00426645826148785,0.000994143730447253,0.000948116095832515,0.00224275773979245,0.00106128058617805,0.00211287953554038,0.00104217268715861,0.0035052448625636,0.00147776828557416,0.00486897927591046,0.00113567917804962,0.00117026125791501,0.00320890955302335,0.00196280879336958,0.00212318452631895,0.00112353937687484,0.00495300300125453,0.000976976402478459,0.00381904475396032,0.00430443015667136,0.00192099353108079,0.00112974800422515,0.00256133232453774,0.00100137859918778,0.00320831501312345,0.00481908937527805,0.00622130376537629,0.000968073382595057,0.00098546395456567,0.00284333395436095
"DU0002",0.00191619791737056,0.00569070600850104,0.00114634290168733,0.00187293963937094,0.000903208367452659,0.00159418807012088,0.00102946970201546,0.00117196140912701,0.0021128301612394,0.00390030486682745,0.00111904537001503,0.00193692115740576,0.00189999734979641,0.00179523128766676,0.00174796950894671,0.000914172423004442,0.00203142666122849,0.00297187684462524,0.00294034176841913,0.0029396662519648,0.00395111749730756,0.00308609081363516,0.00593633885370993,0.00306607635365886,0.00100855227327129,0.00443406219829737,0.00118133270959195,0.00103842937073796,0.00150406215410468,0.0056923984173687,0.00305192201624974,0.00533465643684034,0.00192590944658668,0.00177399593480983,0.00173044592492955,0.00185661242371553,0.00130644267029874,0.0010200414224152,0.00282541941100926,0.00116337596269354,0.00109115943361444,0.00200013607451469,0.00226288222736429,0.0013336503032859,0.00176556133256217,0.00377111370869006,0.00305598114707598,0.00339778934956518,0.00390539513233768,0.00206263150445153,0.00110553289447326,0.00369513557903601,0.00236432288772218,0.00136443161230339,0.00197637054267632,0.00108590245459515,0.00161818740985434,0.00104560391975847,0.00282752416627589,0.5,0.00189537717043306,0.00106985821226259,0.00100988709613167,0.00192560686119018,0.00181496739073681,0.00289810090205164,0.00482400522525658,0.00182369951381619,0.00172666396274599,0.00109017566238658,0.00116800438211275,0.00102314447189094,0.00278894644657132,0.00173339238814849,0.00132533976497551,0.00357820020002003,0.0038186464384476,0.00426401149970577,0.00110721437517766,0.00106309359853328,0.00189652371080673,0.00399688139136561,0.00387668804311018,0.00203210701360846,0.00102718027743534,0.00569255622536439,0.00132694183957334,0.00116701969676982,0.00201593541211922,0.00110445317664638,0.00120492134061559,0.00290501970815446,0.000926551120305441,0.000962058502050779,0.00182504236322169,0.00639665543930159,0.00098733468822662,0.00380231472505288,0.00293939156583448,0.00102129868004723,0.00276562756702853,0.00193990792426523,0.00300495145396005,0.000916920888244568,0.00189826088435381,0.00278305195510203,0.00201123154720846,0.00098685549012431,0.000877238390702247,0.00121616163245351,0.00111226157832258,0.00164120632696852,0.0010121299656055,0.00186668219024952,0.00188542982221987,0.00180349239779532,0.0017241025435925,0.00170992916857209,0.00280567253306876,0.00379944229560112,0.00273013498385073,0.00109079667342876,0.00277369864089895,0.00261988553590041,0.00327205982690663,0.000894950725705483,0.00122580294844904,0.0011901355019098,0.00257802386067043,0.00119752571318239,0.00102329483556176,0.00102207866689973,0.00458601025631915,0.00096787018350622,0.00454030614548559,0.00286126705495983,0.00577243438748378,0.00102943833086416,0.00532760665590066,0.00126768889366371,0.00398903685794967,0.00257916774977782,0.00456328028687916,0.005986161874169,0.00630464660793628,0.00271710304797438,0.000899942847130496,0.000972166866342535,0.00391985960203829,0.00243261292811377,0.00130130556496518,0.00109086334930172,0.00303833993766169,0.00382600077913745,0.00113120826398046,0.00256886409688433,0.00301542385265615,0.00112866450070654,0.00124640544942447,0.00122344912810433,0.00112643717093445,0.000962945954620003,0.00103748905330026,0.00127162668747648,0.00102531431278507,0.00234336540509123,0.00449127838960944,0.0026528898948675,0.00105558727653964,0.00278071360936079,0.00433420392267017,0.00102753075279809,0.000967968919545491,0.0025437526030943,0.00124787921682518,0.00281952961229402,0.00108891170795137,0.00106244395836373,0.0027333990068439,0.00113118844730735,0.00410699446172174,0.00113894013999576,0.00323221422161424,0.00441639598725683,0.00305188338191929,0.00479072397643104,0.000898023703408445,0.00107318496137404,0.00094014505852729,0.0026642451216456,0.00136364097334423,0.00365175884332623,0.00136158250954916,0.00131668363824072,0.00101962512299645,0.00110191085305954,0.00539001270606834,0.00106942106343359,0.00118781755085085,0.00303271403211169,0.00292475580485381,0.00121519535123702,0.00106567689087496,0.00114509270385964,0.00276134105452796,0.00282806791799161,0.00771002024113522,0.00382884297246279,0.00465728284079199,0.00442456391061862,0.00409936792642314,0.00316247410516512,0.0011219871777531,0.00289033476298004,0.00101351110860205,0.000970304851919874,0.00298146956169936
"DU0001",0.00531828977750497,0.00197232823871895,0.00128801849705953,0.00221481463790213,0.00249315012669288,0.00208845203866344,0.00277768942786572,0.000922706889768172,0.000998824755977974,0.00205173334067563,0.00102657641396251,0.00206375034473698,0.00212986159040281,0.00476540915581296,0.00214572361777226,0.00295128352766439,0.00207244259368295,0.0012980898247624,0.00130718810827666,0.000999791719627661,0.00218258158529145,0.00100638302565719,0.00465892565944069,0.00118574121440379,0.00418566511885045,0.00107575168071015,0.00100434298368318,0.00108300852385431,0.00343188405383194,0.00199529067113117,0.00284903453034508,0.00112784410172756,0.00532045867753161,0.00334448437801245,0.00217397879413338,0.00317644528677044,0.00213777006711538,0.00109887690013841,0.00117969956594409,0.00390879616704447,0.0011645358379059,0.00206214168529301,0.00135060815173503,0.00306630100294708,0.00360776824237867,0.00199526826465106,0.00128365728771655,0.00113374884933201,0.00105367007132744,0.00218648985306866,0.00233872428897426,0.0019535744675176,0.00224228888423294,0.00390895381970469,0.00218700508821728,0.0066864250018934,0.00496223754964062,0.00492590751262597,0.00371372340637163,0.00189537717043306,0.5,0.000994640677965822,0.000961648571193638,0.00181465096558473,0.00219306872531076,0.00117536161205234,0.00120686593782452,0.00446525849471649,0.00213878547658295,0.000992406289221812,0.00120650479375256,0.00125440741873851,0.00101531161295472,0.00214645927939483,0.00111803198218943,0.00137647712426835,0.00205280866319147,0.00116292434324861,0.00143415200521215,0.00199462337848692,0.0021492196633423,0.00199751307363436,0.00198540367234977,0.00232701150485713,0.000972246268635062,0.00202767636850191,0.00145229752713072,0.00399104083283194,0.00365426252762934,0.00188016315726755,0.00113994919128661,0.0025490853132008,0.0012098771016594,0.00165618899320773,0.0035953021471866,0.00198264837060244,0.00101484432126971,0.0021195747594458,0.00113555652747025,0.00101105467576758,0.00106415809293961,0.00220029650426801,0.00211605758838497,0.00287428345781779,0.00210238156310628,0.000982983347377223,0.0012184462275467,0.00109956542584118,0.0010981070243841,0.00420697209766386,0.00104649055372192,0.00285820733671863,0.00204449107856356,0.00308948840606533,0.0020426585639615,0.00211423953820382,0.00305388764998624,0.00202380042779998,0.003953572692984,0.00304449631252912,0.00305356505892443,0.00117770181459265,0.00302794423016362,0.00430141087933156,0.000948803532628827,0.00198472436206334,0.00119963476372639,0.0010645573946824,0.00373561391079618,0.00124149318736696,0.00126996392023668,0.00140225605719664,0.00302445097369802,0.00295982749949676,0.00528152450861849,0.00303303296315207,0.00101221709288383,0.00211620286333261,0.00346122387769608,0.00440457758940067,0.00573623434059882,0.00277918328607943,0.00304563358621754,0.00295187916168957,0.00128372755328637,0.00391340762952545,0.00132171710029335,0.000982469142411601,0.00421630314866331,0.00295922640166316,0.00101831585969246,0.00314302586865193,0.00571111056547077,0.00286954007578272,0.00112827828899371,0.0030387368554075,0.00108997288949182,0.00112525163012337,0.00129659510080588,0.0041458474686882,0.003533879276739,0.0012343353268368,0.0014096845990767,0.00123416725722944,0.003759009448182,0.00424385313396529,0.00293933002958652,0.00312210543831839,0.00099757429059743,0.00314428479448391,0.00102414545580645,0.000999419301309838,0.00115307533620285,0.00304011892191577,0.00120430692601639,0.00552812076811329,0.00601833392434586,0.00108137833818818,0.00299957933801349,0.00121373655428774,0.00129161505046151,0.00254979142687989,0.00125975196582714,0.00537457745091543,0.00399490993620306,0.00115657487767197,0.00108959631852692,0.000959148794135429,0.00267077763546471,0.00289257286735132,0.00137042626508068,0.00294871067243731,0.00103865990924369,0.00104454980488684,0.00387136760121268,0.00119257658225932,0.00102745061292362,0.00370900007824844,0.00125688324424706,0.00110535712140409,0.00310598735808518,0.00127876808328358,0.00207185654262975,0.00115782490128772,0.00305740441646377,0.00231841431261331,0.00107672350562536,0.0030533869386931,0.0012584539941787,0.00292513545659273,0.000989332832647009,0.00228787785253597,0.00116107915541739,0.00111840970962675,0.00287676946852315,0.00101502569826305,0.00332730522358737
"CH0010",0.00101043159148649,0.00207771360024528,0.00227859506212199,0.00140766909531539,0.00157957698018715,0.00122111027958941,0.00150575888213022,0.00139767084297841,0.00244684985675398,0.00184748098542381,0.0022713812324488,0.000914081629894537,0.000804097920481045,0.000867287683203438,0.000785043417944964,0.000634756601324036,0.000985189391221758,0.00131870641060764,0.00199347856787879,0.00104239522149377,0.00114604867803031,0.001080872966395,0.00112250686929658,0.0028230345574053,0.00123074637607476,0.00106959658151965,0.00884230775889166,0.00131928341971982,0.00196371249032948,0.000960492834366743,0.000745238336786506,0.00104984774404277,0.000818761454933479,0.000756193282956537,0.00081232334143419,0.000793614899309482,0.00114504537897778,0.00234057901657847,0.00406810840779817,0.00126702520415748,0.00241569702495703,0.00231224331068915,0.00129416238177403,0.00181091525694036,0.00118203895313812,0.00116360817026278,0.00124817090995293,0.00406004115455435,0.00639364258812711,0.00672744278841295,0.00649150030407543,0.00197005183641378,0.00122649235947189,0.00217437347991589,0.00222677840052167,0.00108299812596805,0.000986478172515529,0.00100048853269677,0.00196040738329991,0.00106985821226259,0.000994640677965822,0.5,0.00967146615367422,0.003909460234905,0.000796557397601444,0.00389001586856556,0.00405350421482725,0.00129165346301891,0.0011567238817336,0.0074015348609117,0.00356968840799082,0.0015861884827227,0.00667573838323612,0.00231592742171068,0.000690019329046197,0.00100057061239465,0.00071929246242815,0.00205016851944409,0.00166498291728141,0.000990466588604301,0.000754796766723053,0.000787619329966966,0.000774485181734979,0.000882686123079889,0.00477577473108798,0.00213584177823358,0.00124032630377946,0.00112962686485307,0.00316575283572198,0.00349356896724523,0.00344652639289869,0.00138546032180327,0.00122356147040076,0.000547051531915549,0.000855834917667937,0.00109678278505462,0.00683705442500807,0.00111103160074804,0.00634778772423082,0.00779411226840083,0.00440071691890133,0.00115207844030437,0.000722336184152748,0.00719171515894825,0.000862952612698565,0.00918622268450684,0.00222901706923239,0.00539629042549834,0.00705252298326127,0.00106748466903999,0.00323501705664825,0.00153368150845358,0.00129704347166115,0.0011870225232869,0.00142019500271682,0.000734276203724664,0.000783472727405259,0.000719250101325874,0.000654607032934313,0.000901150928947109,0.00110713764629358,0.00104736704346688,0.00195650595886366,0.000683597951704939,0.000881109301677861,0.00159182766630506,0.0033767150576087,0.00396749550775936,0.00114102302039432,0.00139360646341061,0.00251833763878574,0.00149650242521396,0.00295138253229908,0.00533360907127521,0.00176455907976789,0.00203153534940949,0.00204084682183759,0.00135120683602749,0.00109484136799294,0.00121589679305543,0.00107287582823649,0.0037481406890753,0.00111096226114394,0.00262604547938182,0.00112484255888912,0.000668459386531857,0.00445841774883286,0.00827906354354351,0.00103235857239025,0.00173197773044169,0.00123346927903415,0.00297203552536845,0.00186350764281009,0.0014398265377305,0.00464113583923473,0.000911587629232165,0.00224916698428074,0.00128678301930569,0.000963494144302182,0.000863884679006479,0.000886346985995766,0.0011995577789678,0.00335431869646348,0.00315439127168767,0.000910274103539072,0.00215596277459789,0.00059578382169416,0.000900305792038412,0.00711246591820088,0.000824602132990595,0.0056887600987191,0.00749592425194195,0.00661161596158266,0.00112164816615423,0.000967241616852781,0.00169806896254787,0.00104496101388466,0.00730773244053288,0.00220215472753986,0.00330225772094435,0.00296329906280733,0.00195943227359352,0.00136747325714766,0.000903356099723085,0.00203781802849126,0.00204459463345554,0.00779923354602131,0.00417871102919967,0.00190946364220997,0.00212373964397847,0.00238352117586235,0.00105415979825531,0.00212888277682272,0.00198063124159511,0.0059879527032101,0.00334339112509426,0.00216901618081827,0.00123531460658446,0.00227576414943877,0.00153162033816488,0.00191551598974881,0.00244492033986036,0.00235344343073917,0.00123903297600031,0.00190664654843065,0.00221802955752651,0.00194793262384432,0.00102502295944806,0.00109622811023702,0.00101398215624643,0.000875287353417483,0.00116798802069444,0.00141687710469965,0.00124522533261331,0.00697842273281112,0.00727803309208662,0.00101871303822605
"CH0012",0.00101965059662752,0.00211445645110893,0.00223635457415982,0.00136127967115915,0.00148577984705079,0.00118452485888298,0.0022300391931438,0.00329056684519545,0.00229107293671125,0.00204454730635726,0.00233812605637215,0.00198157494139874,0.000893033946692316,0.000946367768672201,0.000834593960124985,0.000683613660004748,0.00115330029129914,0.000981875360706704,0.00104191781174498,0.00108632746704427,0.00103152075307831,0.00113374810660557,0.00112086637256411,0.00401361391341038,0.0030978920405565,0.00112583798579298,0.00436738992829105,0.00226486186677565,0.000900073593387625,0.00104176658899521,0.000815029215030675,0.00104013329348657,0.000878173385128203,0.000811102382959526,0.000823082261271262,0.000896443201386707,0.00106643085851615,0.00150213627208532,0.00362161097199543,0.00117745512696111,0.00337243206262035,0.00221483068585552,0.00213531811254999,0.00280654355754635,0.00113952181080577,0.00106015098378057,0.00108625562686258,0.00270626865434356,0.00941603824491042,0.00264614569176466,0.00583963499603978,0.00103488005351838,0.00112296920848243,0.00115045148913908,0.00228701383659516,0.00099776377813863,0.000970932060164533,0.00100134185858774,0.00103142930342381,0.00100988709613167,0.000961648571193638,0.00967146615367422,0.5,0.00273566141356449,0.000816716637164355,0.00490084617220772,0.00275331158022866,0.0013456003286123,0.00111239226398193,0.0084112789267279,0.00150738883599393,0.00148120951534583,0.0073473150515973,0.00355732430035494,0.000872914960809108,0.00102335741092637,0.000778892555971781,0.00123027534921247,0.000852951447137555,0.000991632303515387,0.000803005301266342,0.000927345928608539,0.000848043569083667,0.000912711503154887,0.00422930991342188,0.00118036636246316,0.0011071083140712,0.00106836413675403,0.00191519345637045,0.00431730164656659,0.00138350524562281,0.00131831479342606,0.00121838006609941,0.000595393048302318,0.0018756852927035,0.00103425060970657,0.00927283132535342,0.000995662504674439,0.00293347553024505,0.00815244627869574,0.00448345504348505,0.00225578275718511,0.000785983522991884,0.00673687657511678,0.00197606901070327,0.00831283617440783,0.00212641711867845,0.00478338438524086,0.00676831310976515,0.00112607084548037,0.00232477979779643,0.00134064626664733,0.00123183932738272,0.00121347930401594,0.00403493961679079,0.000786637248392015,0.000788816837052076,0.00075445238121579,0.000730593745174642,0.00289066002744752,0.00339871189815901,0.00207520415290596,0.00212647841457521,0.000712318185087058,0.00111887717820091,0.00151868110515415,0.00236607154772028,0.00384559219796497,0.00115732425215852,0.00146948230280171,0.00223405721964879,0.00141788541387861,0.0010578332361268,0.00537190527792567,0.000860198813240377,0.00194833748806144,0.00217950004469046,0.00129909593936943,0.00109734493030792,0.000987072786620068,0.00104278841157137,0.0054641224314538,0.00100774970218471,0.00177947372191035,0.0010635707938099,0.000748298967775513,0.00629085724513721,0.00907897998971426,0.000874663528624234,0.00101015250829544,0.00206027474584617,0.00128118391601894,0.000853829651443509,0.00136168341344168,0.00458732178896346,0.000925652990571117,0.0017570095576506,0.0012902643066091,0.000949601490826676,0.000893458662929141,0.000917387423554727,0.00120960542267373,0.00226071665708318,0.00131657139691559,0.00089724312793639,0.00105967823787278,0.000649553244772114,0.00090461914115921,0.00877847250736805,0.000845214515829397,0.00429891898898267,0.0102058089942948,0.00685777918319881,0.00108355990355946,0.000987159929704844,0.000825980436446203,0.00102134441264376,0.00658571979968125,0.00539272107974666,0.0041587853670518,0.00204672082504774,0.00304885150215611,0.00124494841457128,0.000820276167769337,0.00105215754441987,0.00317789544670473,0.00734563471516319,0.00582924521567462,0.00226158641220761,0.00357062150147169,0.00130228260607264,0.00100063909909447,0.00118931355686114,0.00300593279331303,0.00626171011576018,0.00570023266173128,0.00299457316641288,0.00115322503652524,0.00216068064727528,0.00120456978748616,0.000925225935827223,0.00135656368821771,0.0024526323046273,0.00132502288346343,0.00205510880071578,0.00183869104624684,0.00106852301938197,0.000943222430590678,0.00205325738692412,0.000915061819443289,0.0011002350882563,0.00103151974433849,0.00139629955185112,0.00116036922184892,0.00737898400767218,0.00754369301382648,0.000899256959785311
"CH0013",0.000901877650098433,0.00194185328555818,0.00137298027148446,0.00208678191099223,0.0115774613733703,0.00651198760601728,0.00451619288228556,0.00103392365962434,0.00110720309268228,0.000829929230809756,0.00126851338682212,0.000775656186065666,0.000746561041200309,0.000731708209679913,0.000705658191521283,0.000802014894400137,0.000895356893978292,0.00090115528381,0.00131502639024696,0.00264597398936039,0.000917629414812632,0.00280197033562309,0.00567341566934747,0.00359820806690942,0.00138872758893174,0.00122432400478542,0.00127447890329904,0.00122297522814286,0.000770765513440472,0.00113085514244669,0.000782001351395628,0.00116141774563378,0.000711986771195906,0.000676496223382256,0.000797042407970244,0.000671830932111096,0.00100956953038458,0.00411225866735782,0.0013481783558165,0.00477555104257089,0.00176980732187122,0.00100896241360173,0.00387634929166007,0.000990122011144639,0.00601206150605187,0.000972519724053385,0.00118844579597599,0.00536844598972498,0.00331884785226941,0.00121365394233683,0.00427737400652581,0.000943646045541917,0.00235865425016394,0.00106511177199889,0.00105597741380727,0.00137955346044203,0.000991264912447813,0.000988412196546491,0.000950036933113552,0.00192560686119018,0.00181465096558473,0.003909460234905,0.00273566141356449,0.5,0.000776820693890384,0.00140269982674316,0.0060766650590936,0.00139846449616828,0.00625917977493011,0.00376388846631534,0.00171953951052876,0.00184130168035008,0.00329959720527589,0.00322851927346559,0.000743007445351458,0.00215638612308536,0.000673440963410618,0.00138541755299197,0.000953570172218713,0.000979747835365586,0.000670632090120212,0.000811336811948673,0.000708256886647435,0.000968465493775582,0.0012055187588902,0.00216945031012012,0.00129047129485839,0.00266513600838884,0.00336154310761362,0.00139413277217914,0.00122703893899154,0.00878393820397675,0.00119731010203277,0.00056569321189417,0.000792945001329579,0.00214664405694139,0.00276803540548844,0.000877564710941298,0.00623793675347396,0.00476312112690459,0.0036316928589156,0.000939163280067415,0.00144555333098089,0.0075911106918259,0.000765272096195208,0.00384799084474547,0.00149997820318586,0.0038586481920131,0.00379020412292929,0.000952114360624372,0.00125784352316832,0.00386978257315472,0.00591944039805272,0.00326220691188428,0.00104606750345748,0.000645020673237842,0.000735704364634799,0.00066863771071246,0.000620964701405486,0.000833335511388057,0.00084822687760316,0.000954682508444872,0.00108562728604918,0.000621675083328475,0.000837701832887153,0.00574122160655716,0.00123331745871575,0.00128067024675182,0.00241696662811859,0.00137093591197279,0.00562617154623704,0.0115070713094614,0.000900558633496326,0.00601966480176148,0.000809420912376294,0.000991530634491732,0.0020648433554741,0.00291700040474115,0.00153742051008903,0.00117136180518048,0.00299932069661457,0.00109443476037626,0.000913162249018631,0.00177834457638415,0.00202468169682486,0.000612584152424313,0.0178524422093764,0.00370717319150481,0.000884744409807268,0.00352149918656312,0.000945370963499275,0.00632633727845766,0.00080027138701431,0.00776855667859625,0.00350323512239561,0.000914746708726793,0.000871652418621681,0.00109543595869053,0.000882447985730383,0.000830822756297526,0.00231318136441813,0.00130041366063841,0.00564710591182268,0.00122972924044668,0.000974500554104108,0.000999202146863493,0.000609641051984006,0.000852701369824423,0.00460601478120297,0.000726914183332556,0.00547226587143181,0.00311637816264401,0.00422910120694185,0.00207817814341571,0.000911066933455259,0.000741446369295835,0.00295252600777687,0.00466222949457035,0.000972515376366555,0.00123544283618506,0.00204199000713031,0.000975321697238651,0.0011279725305767,0.000722367295167523,0.000936520899168146,0.00204407643440953,0.00590095709062924,0.0013745214629264,0.0242107004401796,0.00103815298933815,0.00157490161811314,0.000974373732480476,0.00091120130103726,0.00109864786692388,0.00444529565728719,0.00126694536589229,0.00312563554218751,0.00146766972482846,0.00143697541124425,0.00109741369049745,0.000785094460116213,0.00171906966839869,0.00320868229841489,0.00126215169117576,0.000961360168903973,0.00326047889539319,0.00194512645988843,0.000919937516094143,0.00203983310655533,0.000896133475346742,0.00111018061397801,0.00112637470298189,0.0028440590279012,0.00112804623324817,0.00656258755536011,0.00408597151155237,0.000819309340977195
"DU0090",0.00455857937179516,0.00194301987929272,0.00101122554357791,0.00199375513001141,0.000853241096434516,0.00261620532554387,0.000898132462204676,0.00102997752020938,0.000866851390846402,0.00542211639206479,0.000972795745061792,0.00505450846685296,0.00513282759387361,0.00465381797655053,0.00725592334722223,0.00331185952253628,0.00496395470983243,0.000824672198867271,0.000953861422010243,0.0010159532308985,0.00196689461715601,0.00103655067075289,0.00165255927469363,0.000933446307465357,0.00150388191383857,0.00114369748208305,0.000783353713539025,0.000989797728165616,0.00095836301538567,0.00211864419220996,0.00553812781781705,0.00135557069128702,0.00254263302076645,0.00558741862786447,0.00767670582566282,0.00512715325349313,0.00206218795935329,0.000857962424745622,0.000894652930128702,0.000908620653203136,0.00105031174196533,0.00195381892766619,0.00103455755707294,0.00107503186622356,0.00174038697620607,0.00182780037120644,0.000972486054544825,0.0009071079206721,0.00109714918913691,0.00212391402238335,0.00100508400071463,0.00180804192681604,0.00214989896893149,0.00100952266114536,0.00197652459443567,0.00139550816528568,0.0049087479599764,0.00361272796798457,0.00209126146790891,0.00181496739073681,0.00219306872531076,0.000796557397601444,0.000816716637164355,0.000776820693890384,0.5,0.00086682243351018,0.00121346709106289,0.00213713910880439,0.00170395023131375,0.000892494954220129,0.00320079563718876,0.00365699408331401,0.00087097300736649,0.00169203662406471,0.00417544108368297,0.00362757758123912,0.00549911918096357,0.00125614281947093,0.00472717991574484,0.00374846946627069,0.00556101523202221,0.00482248801532276,0.00529879277323625,0.00246954889803276,0.000815584096720614,0.00183936533590661,0.00132437664524858,0.0011902463679306,0.00225089498805952,0.00101742753524575,0.000928224897505213,0.000767627326233621,0.00417018547615858,0.00433008329469486,0.00486399116101068,0.00188271967630995,0.000998981789874579,0.00187772048086216,0.000896384680460224,0.000844136197300631,0.000862211688981481,0.00204495411654089,0.00523085258152961,0.000831294152646049,0.00523745336226035,0.00077426627993829,0.000927057126238321,0.00276342572486354,0.00310823251509112,0.00133408960416279,0.00095064102470008,0.00333071630108442,0.000883034041417684,0.00195727423440631,0.0020551291546785,0.00751712833303173,0.00722846992159794,0.00687005010760705,0.0061577527983144,0.00318401552130236,0.00312363907900685,0.00146499372364724,0.00300576284103884,0.00620787233680884,0.00316661473699406,0.003218646035956,0.000995523611483785,0.000855367189706524,0.00287272346400479,0.00109739377124697,0.00128209667636263,0.000829163763660941,0.00293896766269177,0.00085978686147543,0.00286199627004478,0.00297861176246511,0.000957308626402968,0.00294522274326645,0.0012387867662046,0.00133899526564008,0.00213960478271254,0.0027172118280186,0.00285238669959738,0.00285405462286759,0.00106727324854294,0.00476315782103965,0.000805700930842299,0.000891804311995576,0.00303607472433812,0.00264093038774146,0.00123630822445581,0.0009304675714823,0.00303373283366678,0.00101533869233548,0.000897213436836088,0.00495646892198236,0.000736786738252382,0.000992740909792163,0.00511446471753868,0.00160911500311032,0.00449846019345405,0.0032238075871308,0.000963562268957506,0.000996971359771818,0.00585923216627179,0.00110036788104825,0.00743136912983239,0.00515813361004034,0.000970498489243376,0.00318595308005056,0.000917319956767487,0.000803677347622442,0.00323575045827157,0.0027711784312754,0.00285944499463972,0.0030611378894713,0.00222783803887612,0.000871686015877832,0.00290680882057661,0.00105063794033827,0.00105605337382029,0.0036647318692054,0.000964239105707323,0.0028846938582049,0.00112916695264288,0.00104370919684513,0.000844212520797564,0.000823221305364741,0.00086159718838748,0.0028866882060759,0.001009377773817,0.00287242657417273,0.000953444674136668,0.00105827282265168,0.00100992801493842,0.000946885625624667,0.000826250244516865,0.00316830789197797,0.00102895238435406,0.000721538282421249,0.0029550716571227,0.00103246176496927,0.000923336170961721,0.00114964723772151,0.00301443471452202,0.00342486802371884,0.000971069278180625,0.00292038714623595,0.00121393631637476,0.00278566257686806,0.00119120850430166,0.00103577436805078,0.000977828765457949,0.000922863838150999,0.000832761476710481,0.000917919464822555,0.00308276372448019
"CH0049",0.0010713387816813,0.00118243441099686,0.00470898326424403,0.00115259673519433,0.00543077007924955,0.00113159310809308,0.0019976478391441,0.0037837777638293,0.00213570777635703,0.000907645014537591,0.0011402659174136,0.000888469911696765,0.000826992490646236,0.000958506008202172,0.00084450943777969,0.000699026497632774,0.000876860920210196,0.00296616231817751,0.0063125307038894,0.00268306396989236,0.0030488165835672,0.00280096659074605,0.00116356510963446,0.00666497231520458,0.00420954705078325,0.000981315297724909,0.00131963678961824,0.00103688888904003,0.00154084053446301,0.000994460546246872,0.000862033216621429,0.000978046459106818,0.000966727373728211,0.000870096004228133,0.000850553246249456,0.000853822070058452,0.00108224924707349,0.00114501846360853,0.0089753305116907,0.00114001790713263,0.00393013428168778,0.00129146821579449,0.00656051782038038,0.00111798690246308,0.0011859798116421,0.00297569868240627,0.00662559080220538,0.0045316605862267,0.00110479190443032,0.0012870274270781,0.00114773948020195,0.00289232653024637,0.00131239106869193,0.00229044978456885,0.00124381350356326,0.00538214729436766,0.000978142432781499,0.00117678735672112,0.00277541668142249,0.00289810090205164,0.00117536161205234,0.00389001586856556,0.00490084617220772,0.00140269982674316,0.00086682243351018,0.5,0.00109728211808491,0.00111511409774889,0.00115346659223787,0.00120597257378518,0.00158085006416966,0.00265900799841151,0.00282772595755971,0.00365066146725372,0.000895828841636896,0.0026150229892901,0.000850028268117349,0.001094605859533,0.0048046145102572,0.00087747333904449,0.00086590654413868,0.000850942270759462,0.000866044122881265,0.00102290890193824,0.00308555892135782,0.00588152445183964,0.00656604541349766,0.00131099685330514,0.00246928028148889,0.00360757075785173,0.00228252955678395,0.00117315190923489,0.000929485156347927,0.000648068371382263,0.001001885726847,0.00302669027230787,0.00116651499516076,0.00291839409392877,0.00300597967710287,0.00348691454806874,0.00586901152731866,0.00106015204873197,0.000841108712216739,0.00121602597610878,0.000917666910476235,0.00304154105618028,0.00585753850105171,0.00390857685849005,0.00112798682016779,0.00121194283516671,0.00117300657493034,0.00103315189239466,0.00452758768468298,0.00110582318181678,0.00371440690580803,0.000828293559801451,0.000861239496087213,0.000768417421909332,0.000717992727092812,0.00278532673051369,0.00327614781645677,0.00178213544512058,0.000970319360865635,0.000835603372566159,0.00101479412613519,0.00143280737539627,0.00220717326518719,0.00517371418240964,0.000964392024606837,0.00109870522757365,0.00142623296652502,0.00438203263087637,0.00292005334402562,0.00448817945627773,0.00193820341283785,0.00202809001606316,0.00104210692646955,0.00447016862460341,0.00477502365582394,0.00640046471301858,0.00438656809063368,0.00356699514285983,0.00271450598331274,0.00106708631567961,0.00499607469233421,0.000728878489186808,0.00341042362226067,0.00432856214137351,0.0012177268224287,0.00100844272335192,0.00123888233314711,0.00436005145321315,0.00200494404482085,0.00266900730798702,0.00483660443377341,0.000863576852067306,0.00298919065445027,0.000992920841338755,0.000850766214578286,0.00110323292156536,0.00113741831381033,0.00102655385844222,0.00134931001523797,0.00575831629965973,0.00455490415658949,0.00216607156172476,0.000727979004457371,0.000843323427902119,0.00115819665678258,0.000834986298350939,0.00127258048191193,0.00131119139832627,0.0010940757196145,0.00100841176714123,0.000888155799380375,0.00262023444587004,0.00146211731864137,0.00132044468013414,0.00324945052336425,0.00419399476617504,0.00148829509900173,0.00137204418226981,0.00302361183020953,0.00260741729050302,0.00610039307584503,0.00117112167026057,0.00119899398483187,0.00501970515997909,0.00148867778192074,0.00357396516645717,0.0065259791625312,0.0019490589866799,0.00144421906360142,0.00113475680006045,0.00130323597452755,0.00446458448161718,0.00115107635302311,0.00402582394799601,0.00464258422688544,0.00301114439806462,0.00113861533465076,0.00546218837484793,0.00689973183965022,0.0011110750046431,0.000927230205861492,0.00312379923222421,0.0027085017640802,0.00198932897224712,0.00451242256908531,0.00266029156090114,0.0010555421948758,0.00459543929762018,0.00117715663397747,0.00285000386989023,0.00127296716453479,0.00117957958293587,0.0010726987682182
"CH0043",0.00202058058140549,0.00463146907798764,0.00106723815652541,0.00117525254767382,0.00146445348587204,0.00125061610426196,0.0011757311439477,0.00119414258090054,0.00106327795742997,0.00114861189703206,0.00112852841317084,0.00114115083428868,0.00297982874673232,0.00103180882232091,0.00191841924591352,0.00134675410417043,0.00120862626563786,0.00084643732200536,0.00097243092230812,0.00118291012293586,0.000941322191097368,0.00123980255320344,0.00440606955975913,0.00375390819754907,0.0013287157736862,0.0041606857232762,0.00116495763415627,0.00112094752838209,0.00082354181377824,0.00468570369866944,0.00123249815617783,0.00518917143211638,0.00192736709242992,0.0018874035905048,0.00119520446085524,0.00101924695499649,0.00205343713090943,0.00118877863988317,0.00109996786842273,0.00113914734640086,0.00221595922530011,0.000940383895472549,0.00107209128294227,0.00108559137780691,0.00121745181561884,0.00109122074668916,0.00109287236315677,0.00705686163642021,0.00624750025974551,0.00122736761376402,0.00461986366635354,0.000933768538443286,0.00358262371851309,0.00114730975880926,0.00104760523302816,0.00111838292405111,0.00130577651262476,0.0013145282244565,0.0010055928837736,0.00482400522525658,0.00120686593782452,0.00405350421482725,0.00275331158022866,0.0060766650590936,0.00121346709106289,0.00109728211808491,0.5,0.00122422563836377,0.00109145365473038,0.00381568029673457,0.00650940799923127,0.00261961066392755,0.00351899104936347,0.00123637608809791,0.00185561515557212,0.00407303342976683,0.00114452112825214,0.0108095416730718,0.00105660262861562,0.00125285293309846,0.00105174911072745,0.00125449026671286,0.00198633243400043,0.00133893241861066,0.0010869207632771,0.00374294682217164,0.0011208488899866,0.00120252965308162,0.00364747863337248,0.00126257327215491,0.00113446925047652,0.00307633897195249,0.00133989667702941,0.00181458207662237,0.00203677591336961,0.00364223928301361,0.00447360421073133,0.000893310239004911,0.00482424044566456,0.00472372331826089,0.00378565974657047,0.000965443602479498,0.00208642580761504,0.00398038743880778,0.00106067449121533,0.00398421727002267,0.00100583474116492,0.00428442875392227,0.00394309988619659,0.00300111191282255,0.00112628063908628,0.0317573472304036,0.00111479834158861,0.00102973988470965,0.00113372303055813,0.00187991273490758,0.00115549705905767,0.0010643604703131,0.00263262861807145,0.00202175604038246,0.00180378640677589,0.00116133363095466,0.00101148863686857,0.00167299627168534,0.00215230313933258,0.00245148686557358,0.00113387382505893,0.00116310717670583,0.00174990169872425,0.00307085153238565,0.00499732805072468,0.00130542970681495,0.000895961092730174,0.00417190816814808,0.000834271806366177,0.000915458967018922,0.0051668000743785,0.00132110960778816,0.00461103552423834,0.00100015317394017,0.00465427832355882,0.00104978244709791,0.000882138754319813,0.00404486518601456,0.00474330934441502,0.0017621234088598,0.00141807201454609,0.0038778233861424,0.000876787607892901,0.00104585604294637,0.00297369311798354,0.00143058866876318,0.000832281717634762,0.00425838680969818,0.00356264394033203,0.00103869559353804,0.000908263281006489,0.00103964027633884,0.00121629590326299,0.00196868400581685,0.00124453021679286,0.00128089552831354,0.00379318208467138,0.000970071296839697,0.00118560241229062,0.00108369283737163,0.00249161980884573,0.00103566005819498,0.00284296748162617,0.000915051647614742,0.00826466155258293,0.00248288509909734,0.00380479652186889,0.00102328939555544,0.00201628563668829,0.000854014943221025,0.00128521022912698,0.00462533674750296,0.00094244642517923,0.00128840125723192,0.0041019414799055,0.00114182468331555,0.00211980841082452,0.000816336345202088,0.00101272450319638,0.00452001104539315,0.00444174335883179,0.00163222481896001,0.00169260556291096,0.00183080049439233,0.00112476226187752,0.000842930443717388,0.000943168758132014,0.00116977062744979,0.00520872964360024,0.00120496487155154,0.00465930257605543,0.00219260487870311,0.00103956906493167,0.000918124413614478,0.000808409061931456,0.00121861482352249,0.00117009499775344,0.00215443336843917,0.000947307418660428,0.0035962176135219,0.0046370857506095,0.00103200184222952,0.00429242369843697,0.000991069542129919,0.00382315744621912,0.00116081230816857,0.0021041847771526,0.0010503128264241,0.00382412118774243,0.00417827887335834,0.000851438701929501
"CH0041",0.00229653088595362,0.0020213577737087,0.00388366558408526,0.00456650386008384,0.00363456212523506,0.00490157861339358,0.00440683318629358,0.00291199761038062,0.00110755689604703,0.00204789164899854,0.00395805957935443,0.00206562230003648,0.00208305722822525,0.00203494525751573,0.00205042436524994,0.00186322421139335,0.00214571523046878,0.00100509691203519,0.00117627786381804,0.00112490322280016,0.0021063660295323,0.00113127375583046,0.00197303023483797,0.0012574962804238,0.0011077521877082,0.00107123050655102,0.00112106385371951,0.00424119377146554,0.000956360989884436,0.00191747220608343,0.00211824352423161,0.00106159064834398,0.00208569885238343,0.00197959649913111,0.00285418930700791,0.00200878080421114,0.00121969016013864,0.00140753207569447,0.00109497021622191,0.00203563865667912,0.00128965688693613,0.00219111588276169,0.00128757182390981,0.00119777877505837,0.0028120293502605,0.00202878552932326,0.0011757624947249,0.00115840802057433,0.00128966525462442,0.00331307873572264,0.00126237815589079,0.00200032539894646,0.00220085859169966,0.00120580025376307,0.00354982549984911,0.00334949011422167,0.00222714873455,0.00208128634574578,0.00110467865676304,0.00182369951381619,0.00446525849471649,0.00129165346301891,0.0013456003286123,0.00139846449616828,0.00213713910880439,0.00111511409774889,0.00122422563836377,0.5,0.00217402951784925,0.00144282109101027,0.00129286137208128,0.001350034413222,0.00128026934921978,0.00210919495174261,0.00105826091481854,0.00190531352831719,0.00192933962967925,0.00101622734860108,0.0010505651844403,0.00128896415192576,0.00195458717296226,0.0019518268750601,0.0019750377264589,0.00217474076902568,0.00115876035478823,0.00200082658097046,0.00116009606045038,0.00148256606553795,0.00111057337143034,0.00220590258152051,0.0013333249511161,0.00129172575138169,0.00331998174671678,0.00125187229151569,0.00215077317408842,0.00192329685940452,0.00430376174365945,0.00204133532578781,0.00119042725348826,0.00395889015240315,0.00111939500824695,0.00228457422589619,0.00200974258043188,0.00534092325943175,0.00211165166838463,0.00122725025567478,0.00405481286638859,0.00115559582609524,0.00491406180456896,0.00118476393332929,0.00380950530408316,0.00287602350171202,0.00394894861314928,0.00311644561956463,0.00210353657543846,0.00197179459673719,0.00284747173201225,0.00198014531186754,0.00307715687885485,0.00300095403642408,0.00310919336048558,0.00108893384085253,0.00587855557020433,0.00291987749590818,0.00110236823563926,0.00493912259211063,0.004169586253034,0.00117198472224179,0.00649698575617607,0.00122105413230273,0.00126891757867628,0.00147860398025653,0.00307977245950839,0.00286115107914797,0.00298568847682768,0.0032537866492842,0.00109135789922446,0.00270994302825692,0.00299442444519075,0.00118107395925228,0.00117807869900094,0.00297711549652696,0.00299983692914808,0.00293925523811145,0.00100742151843796,0.00304179676890766,0.00131139715585319,0.00129059021545008,0.00323287289620414,0.00503226332762627,0.0023526227765961,0.00256583814501942,0.00318198342964947,0.00267882931960626,0.00116385480359692,0.00379927633187336,0.00166953518108323,0.00204209886687754,0.00196895243678701,0.00107397226548727,0.00315518633525368,0.00455612412917776,0.00373585106408001,0.00122524223271226,0.00114714340807158,0.00121131928060775,0.00286221638982962,0.0039481002136727,0.00139511038414779,0.00307958932853148,0.0011495063375085,0.00243268341963609,0.00152529211981598,0.00627348991394865,0.00112627425133198,0.00293487672225152,0.00206761965984794,0.00371340953777399,0.00312183395371859,0.00118398699517984,0.0010731415032725,0.0011559956572196,0.00102818896717203,0.00297582210045062,0.00110408057468603,0.00110154853942934,0.00377996052563526,0.00116994716825053,0.00245908610739572,0.00379012725803717,0.00149207394852904,0.00534845307633654,0.00119360518202112,0.00370036042182487,0.00120366193810694,0.00121696322019791,0.00107938458900186,0.00124813134892534,0.00126779076811412,0.000968512199767055,0.00320287863251781,0.00429979736489716,0.00220495038382245,0.00124356913575706,0.0057593962128618,0.00107908886382328,0.0010032620001296,0.00310387460232133,0.00108616546577022,0.0029708391529394,0.00104957474267155,0.00116020143683638,0.00215173690482539,0.00365942783440211,0.00239032065200574,0.00423570500348791,0.00322373915902307
"CH0040",0.00187314276788053,0.00175797237937648,0.00126892906826536,0.00467263753757842,0.00558631987463372,0.00565076847704355,0.00383018550173047,0.00109359465675454,0.0012293170574755,0.00167685421361347,0.00132877406723989,0.00166767128129736,0.00167373508201658,0.00162839751859542,0.00163336215015974,0.000950596212107709,0.001736848010858,0.00110337825245713,0.00224497429930853,0.00305289310025791,0.00406524248957506,0.00318869607129862,0.00646089497894348,0.00130519966746482,0.00111311724940653,0.000935769740179942,0.00109485751997485,0.00114231471108787,0.000931550302274759,0.00167546036444628,0.00173199642907573,0.000949951252801353,0.00176154497845831,0.00161340795223143,0.00168263983612848,0.00161263627866291,0.00122053185039635,0.00530632556239164,0.00112937452038298,0.00609618512547064,0.00361071381624801,0.0043731776083419,0.00248338869298236,0.00305371509267947,0.00873649988113754,0.00381379531264603,0.00326771470241312,0.00124979757133635,0.00113173818223951,0.00283161698968778,0.00115052605107672,0.00423102467072776,0.00200122656677641,0.00209777761347176,0.00412566690635221,0.00124088687829376,0.00182212840685963,0.000961561848048658,0.000985423638018562,0.00172666396274599,0.00213878547658295,0.0011567238817336,0.00111239226398193,0.00625917977493011,0.00170395023131375,0.00115346659223787,0.00109145365473038,0.00217402951784925,0.5,0.00130047533210668,0.00117447123220761,0.00354113312558231,0.0033340467033574,0.00574952262942346,0.000996950276904309,0.0010219643847861,0.00158989705816414,0.000832386339454736,0.000968992967347859,0.00103359694073029,0.00160207652693083,0.00163465089925834,0.00159521275486869,0.00192374540176795,0.00100584116657613,0.00182062433370521,0.00122153810411215,0.00436061646032123,0.00112526088963024,0.0011589685699279,0.00123470895328361,0.00685143565323529,0.00289772814063279,0.000722703377139868,0.00174889799445683,0.00179870901216237,0.00135733584486885,0.00411854907400551,0.00302165255346442,0.00126561528279903,0.00118601474936896,0.00300732929693761,0.00166365876455005,0.00411390035127554,0.00167237357383663,0.00120130301694141,0.00140274422784602,0.00109777987562846,0.00130684918549045,0.000975351649063184,0.00112750495561734,0.00167772785466324,0.00637049372049988,0.00624729953666361,0.00174313439491694,0.00159307070620086,0.0016392378240013,0.00158696985999876,0.00250969122797687,0.0025437324988105,0.00258331393948942,0.000891535595833774,0.00277469179572988,0.00241457589301728,0.000919140008729791,0.00147891231782604,0.00124519447578331,0.00107164168774056,0.0040901999797396,0.00195865036186048,0.00277398015076951,0.00596889178902264,0.00357878791271778,0.00302047188679194,0.00463207377640803,0.00288314969620245,0.00101138439395232,0.00267854639529844,0.00121747259041524,0.00118532740011941,0.00267433237358215,0.00249045556720222,0.00357615106855729,0.00257130757514927,0.00105546992974952,0.00250768000584695,0.00184878552351472,0.00112829954382927,0.00373553482416452,0.00650041400910081,0.0011219742785509,0.00558762914452635,0.00291924216013769,0.00437797261295015,0.00119562162124326,0.00468364600169028,0.0010189150352597,0.0033932836773524,0.00100220279758098,0.000815369256044964,0.00111608821436875,0.00120190033587609,0.0057068388911588,0.00328663932708437,0.000986837869582706,0.00208287203905942,0.00237296402051356,0.00512070818150368,0.00328521489462149,0.00457850544768087,0.00114267646079127,0.00129173751906888,0.00342702263332062,0.00537460046411609,0.000945966873936999,0.00252789602472897,0.00270086523275836,0.00135477080486459,0.00263921336049645,0.000959264580030088,0.000945775545016993,0.000857252624995506,0.000966984691793021,0.00268576285215395,0.0010328325535917,0.000944310833108924,0.00319222995476457,0.00102909698514499,0.00488641482178906,0.00260278729890554,0.00142968990417442,0.00369686065590162,0.00301244336928213,0.00123745753483587,0.00105587870321127,0.00102065326255062,0.00104381257962728,0.00129099635380478,0.00358256202808898,0.00108393361858593,0.00284825404266329,0.00144833414013242,0.00342143418505442,0.0010823789078027,0.0027412622093154,0.00109002365442137,0.00105057565351228,0.00361692723213338,0.00102537071872997,0.00427850978319338,0.001055922702842,0.00124606903154436,0.0021654716638895,0.00112272310022614,0.00404056482725214,0.00129980783342101,0.00479238861716967
"CH0047",0.00109175796648448,0.00105934066513096,0.00123885755388328,0.00241720274608691,0.00168988942168163,0.00144480184819933,0.00149256489759384,0.00323680699466085,0.00346164069663136,0.00111517291179738,0.00238891496516032,0.00310012370419036,0.000956848514225085,0.00287131104520132,0.000859395714622869,0.000754913235387022,0.00321961046725996,0.00166736322525041,0.00106558941596737,0.00118878429245742,0.00109811804174378,0.00123760519874866,0.00127434632125978,0.00171402334333765,0.00295474309619472,0.00117973769287551,0.00467036810915845,0.00234431909451724,0.00164065368000272,0.00295876230090525,0.000872429459930709,0.0010514130274418,0.000928565781331316,0.000813254954312925,0.000882299964472993,0.00192605842101076,0.00107603466627161,0.00221371976204599,0.00123921879460502,0.00126449029456416,0.00138382012916488,0.00117628137439699,0.00112056440479946,0.00195465857205167,0.00134032572019117,0.00110550089342292,0.00113765016716469,0.00282242162756851,0.00810231017017479,0.00262554605750606,0.00815861356298508,0.00108192113842878,0.00110191528263345,0.00113852955634058,0.00114728054489567,0.000994275681602686,0.0010275806743818,0.00105173651694889,0.00109817107542365,0.00109017566238658,0.000992406289221812,0.0074015348609117,0.0084112789267279,0.00376388846631534,0.000892494954220129,0.00120597257378518,0.00381568029673457,0.00144282109101027,0.00130047533210668,0.5,0.0013454866998783,0.00148681751953043,0.0078718459552816,0.00189703091369914,0.000978527285558815,0.00102555192806388,0.00177753928115255,0.0013330039424401,0.000843379201768088,0.000988555283702791,0.000944116809439147,0.0019647056806586,0.00279929171111368,0.000980200193986829,0.00137460106099713,0.00112846869438194,0.00104809110877984,0.00171452522267718,0.00200848217061691,0.00133538160292473,0.00131534872540187,0.00541769553716362,0.00131888426442149,0.000714722027232837,0.000903485056920714,0.00105995414396886,0.00999226760611496,0.00106631791033224,0.00401223559992821,0.00672677255993486,0.00231649167983994,0.00118181548847151,0.000902256482531371,0.00801531192256456,0.00101545803196292,0.00985364191335478,0.00201125872717388,0.00257178596434444,0.00792150601464061,0.00119471145159313,0.00127119186618488,0.00144819190694769,0.00144963377505151,0.00128627742644971,0.00221044495917449,0.00084297884802934,0.000826086092259491,0.000805824774961118,0.000818686799366119,0.000858966532282844,0.00100368751654385,0.00196160499187749,0.00186608293262315,0.000723756782352453,0.00291076344119774,0.00152528462456552,0.00133524765119377,0.00129940876988549,0.00198817017305114,0.00772686474419474,0.00239525330585098,0.00769784909010839,0.000995192545882915,0.00269845686763477,0.000887659556905824,0.0018326447038572,0.00215081062809626,0.00208388598988555,0.00183498939281891,0.000979898918019653,0.00110507647858419,0.00117753416064996,0.00400444935732245,0.000926736843431804,0.00102738264005082,0.000779106861391053,0.001622970994778,0.00657624455174292,0.000917992089301381,0.00168650082679066,0.00167416915367791,0.00145623731614498,0.000853112089009849,0.00147857953202477,0.00165371907790813,0.000970694098911611,0.00384671699016296,0.003278533678004,0.00100747138315866,0.000985172495096105,0.00100714637006947,0.00195312913390209,0.00366329472790688,0.00123892569730103,0.000875105540576123,0.00109563338114918,0.000720100947045286,0.000948459687154877,0.0106191623689336,0.000942943607302254,0.00640804318733628,0.0116269008732373,0.00736423007736673,0.00233726823233645,0.000990971813602514,0.000858197615081721,0.00113686759021636,0.00614964940139496,0.00105691560281448,0.0032515811709219,0.00109879880166432,0.0020118621194021,0.00395551345904115,0.000872150242773707,0.000989149574653288,0.00125443873080573,0.00859396714707262,0.00144692834569383,0.00166151482319572,0.00354195687819577,0.0020829022970508,0.00106024611370483,0.00157816370938268,0.00136051762788201,0.00557719686466692,0.00141793571221041,0.00128430085221801,0.00106147904177645,0.00125613255994513,0.0084917371171002,0.000927821828608064,0.00141797140587725,0.00207775554030862,0.00330940108829959,0.00261428856932753,0.0019554236809893,0.00112157412040709,0.000999281010037422,0.00207210510227263,0.000989684375379402,0.00275252060448783,0.00107274014763277,0.0014443347929326,0.00126921620251961,0.00799632165099472,0.00892417222257526,0.000917838557648966
"CH0046",0.00120304773691464,0.00125953191537625,0.00120377785911462,0.00120302792770891,0.00603782432275883,0.00390230077310935,0.00363809598737215,0.00211198972245834,0.00119757378016298,0.00102733843606382,0.00131668595522278,0.00102482446484636,0.00207763989927356,0.00117506779184327,0.00326723512721415,0.00155816179857145,0.00113393661344648,0.000836124302326938,0.00230345338280985,0.00100824497021719,0.00100636443537214,0.00104464474562846,0.00127161612664793,0.00489802803356696,0.00591480475521225,0.00124332075566003,0.00117465364965235,0.00123700055289956,0.000867741565772167,0.00141662872719761,0.00123898766519066,0.00292930196034034,0.00126354178730983,0.00308542912367779,0.00299900029427156,0.00114765618979935,0.00289682739964547,0.00343046425417719,0.00326105121088094,0.00118686749796853,0.00533842322763855,0.00109516847692246,0.00146272778935732,0.000951764494640564,0.00118553405904076,0.00103994755807849,0.00127662264420668,0.00443622490529529,0.00147774220684026,0.00141044639116331,0.00137116937198895,0.000985894947752279,0.00125655681487774,0.00335537525604989,0.00109541882497291,0.00237529821846852,0.0028542674911164,0.00218931887499742,0.00107821575947127,0.00116800438211275,0.00120650479375256,0.00356968840799082,0.00150738883599393,0.00171953951052876,0.00320079563718876,0.00158085006416966,0.00650940799923127,0.00129286137208128,0.00117447123220761,0.0013454866998783,0.5,0.00687670634690193,0.00128907780785664,0.00291075990223763,0.00256300262341697,0.00336479409509985,0.00196701161473734,0.024576488590089,0.00314932923959249,0.00316549413189437,0.00111761335261841,0.00118941801501735,0.00111834957555216,0.00227048187681949,0.00340120133207943,0.00127980134441109,0.00151724464901151,0.00120898945141871,0.00473460771325626,0.0034190504099642,0.00126395046923579,0.00121299204345449,0.00305137257472271,0.00269465727099772,0.00343807468678055,0.00121355717319685,0.00219236311875065,0.000965722692352115,0.00257701268941304,0.00152719754904142,0.00629209376393081,0.000997585875586582,0.00122426322357566,0.00147782174877839,0.0011338972766348,0.00320267600006369,0.003343331542937,0.00680093959178206,0.00315499359200054,0.00117868236240356,0.00120822084681665,0.0193056798883141,0.00225086379172584,0.00107094785121764,0.00135805477880839,0.00306996681387756,0.00311400745319115,0.00301505203910306,0.0010704571987071,0.00205209048406313,0.00114162040126004,0.00205908170529295,0.00111027625058159,0.00269005771636604,0.00110202513853477,0.00519650391790974,0.00119933331261432,0.00282140402913298,0.00103112984210286,0.00117467323350479,0.00481404081203163,0.00244438663494944,0.00311432261987332,0.00471171339674015,0.00085523723493195,0.00202992563877397,0.00212591537950876,0.00151610471712213,0.00147238890280119,0.00145229958492403,0.00312059586217626,0.00191654905650134,0.00087039549288368,0.00109062906079056,0.00126080310714318,0.0018232257673268,0.00136152972790631,0.00288069561248295,0.000906547457272403,0.00108985354997931,0.00209084549614895,0.0025018507966475,0.000892918332486276,0.0045096409218246,0.00608320896915041,0.00183911913481736,0.00091083606033429,0.00102823093371487,0.00120948176892523,0.00223213260651938,0.00124982944429352,0.00213087232216847,0.00377657748354346,0.00215507854025443,0.00341121386314971,0.0010903312219259,0.00260605480695855,0.00187480727893172,0.00143062737899247,0.002593562962625,0.00280220111301152,0.00130113172401066,0.00231284312008541,0.00190688970525037,0.00130976629196042,0.00092265735284701,0.00129796622955158,0.00147162246083379,0.00109858221327985,0.00318225008455252,0.00133379080358399,0.00113175765222549,0.00340037430194997,0.000848852524654255,0.00108577247576894,0.00122696499503152,0.00348537141916875,0.00277426637478344,0.00141187771173385,0.00323914791952565,0.0015506968666628,0.0018131285489022,0.00196567878320389,0.00107105829997955,0.00238252318269154,0.00352154801843075,0.00131289674328196,0.00625915529365567,0.00268975415380069,0.000905326516286483,0.000886453696688714,0.00406263364426276,0.00230556303978642,0.001226524250007,0.000974273873739398,0.00455167061189395,0.00118432340613682,0.000936412702641291,0.00130214747638317,0.00092182227475182,0.00115014312790663,0.00111313980673875,0.00348840542122904,0.00107763969644239,0.00146670654561097,0.00230502226363779,0.000876353786661861
"TT0062",0.00223009271450009,0.00109728470841168,0.00145589931652889,0.00133802244002674,0.0051505834922955,0.00222983549787059,0.00131830966812731,0.00108419717933058,0.00296102317000908,0.000963742329149916,0.00136423519123659,0.000957151610742126,0.00105881378358421,0.00108960937419428,0.00328652201910008,0.000990575790301566,0.000997599046447934,0.00111828790377498,0.0043903505274721,0.00297580555841667,0.00351827306796486,0.00316410256070404,0.00115628612477592,0.00620148807160742,0.00632069190282981,0.000908822216791136,0.00109268863192836,0.00112540340220835,0.00109276384496918,0.000964541687203056,0.000985649063250389,0.00100963128074207,0.00109602617379048,0.00208164457945389,0.00349072779677374,0.00100260555855114,0.0019714954304557,0.00358886100549098,0.00147750422516792,0.00129690011657512,0.00842589737825255,0.00374002453829579,0.00309210976358414,0.00115235308355625,0.00236280686290726,0.00224704185693846,0.00365284962839804,0.0051988272397608,0.00138560038178427,0.00213835115432928,0.00156080862856077,0.00239297209961723,0.00129278092927925,0.00124771150506728,0.00133999959825232,0.00298334512772235,0.00400859392420242,0.00345917718315414,0.00116443490465866,0.00102314447189094,0.00125440741873851,0.0015861884827227,0.00148120951534583,0.00184130168035008,0.00365699408331401,0.00265900799841151,0.00261961066392755,0.001350034413222,0.00354113312558231,0.00148681751953043,0.00687670634690193,0.5,0.00346742352059836,0.00129828424217301,0.00107931838875982,0.00355375484107354,0.000965216867317458,0.00143506420728749,0.00158104146778588,0.00323188213214386,0.00105366988517278,0.000873211476405166,0.000886361077564732,0.00114206269876027,0.00122291462979196,0.0011784874560994,0.00542328773860287,0.00139500330239252,0.00576874692519697,0.00123970465357005,0.00552747578871408,0.00126392042524634,0.00639259775321799,0.000897160338122289,0.00345031703439542,0.00110822842761498,0.00252121156672607,0.00232439399419029,0.00439933739882447,0.0016797780329153,0.00513111124515651,0.00122110287238535,0.000998464499823468,0.00166062683411826,0.000956282465381786,0.00151680311933677,0.00429731301013453,0.0065902639603256,0.00372942230456294,0.00115355403315141,0.00121615840940275,0.00398253020689115,0.00260659024720759,0.00245441795194059,0.00104981632446224,0.0029094769720825,0.00325209388307319,0.00301902691590463,0.000942749387380159,0.00094239753460066,0.000952842273672691,0.000981052714886325,0.00100759128042834,0.00184945897868937,0.000875089182278123,0.00766313594423206,0.00139276143781917,0.00122349336732835,0.00108595128462902,0.00209200845598053,0.00575506887769362,0.0041866719946763,0.00204376263163107,0.00455031195978682,0.00112700866867468,0.00326400020193967,0.000965720867814056,0.00354427802006368,0.00134405646607147,0.00292355867110912,0.00133538628524756,0.00100606069998687,0.00109170807338094,0.000989825742476849,0.00115358004001272,0.000970846951405694,0.00122322519207608,0.00150150799430648,0.00110459037160065,0.00127298217483303,0.00115164426570301,0.00413726441504609,0.00108456974906999,0.00579164837893077,0.00543809629652013,0.00536066220028233,0.00104903400853682,0.00123458958365476,0.00108105679591703,0.00113949540850724,0.00119278403360504,0.00335738988456188,0.00615631979013751,0.00405590094474836,0.00362013168626179,0.00121730026504021,0.00168052673064677,0.00430728902853885,0.00381018573954221,0.0011554116550992,0.00415791106432531,0.00342887766002221,0.00606908088384035,0.00131891435038801,0.00102783404446654,0.00107728603774111,0.00216814138547859,0.0016910332544308,0.0010391069652179,0.00114020416064424,0.00106853235794812,0.00108600685451947,0.00110336171220399,0.00109353274720771,0.00126070397910317,0.000932464157177008,0.00156987901277804,0.00126961894619062,0.00141561974746214,0.00101493838292252,0.00185265986889754,0.00338324436118306,0.00357571049259682,0.00117396721258724,0.00285231754071831,0.00119089372878704,0.0010851821155638,0.00756773263032078,0.00746072540631721,0.00108639769254833,0.00112906972114436,0.00544376410874419,0.00144134155758141,0.00121342681547674,0.00100545255897519,0.00550696865757639,0.000997911745570117,0.00114020306289933,0.00114647153408971,0.0011297865583077,0.000958635779542796,0.00121652580958178,0.00224404888779841,0.00120611245090817,0.00159466659952263,0.00151574287614945,0.00122042171938587
"CH0044",0.00101783845511135,0.00104960906784281,0.00113545153496479,0.00129659457715656,0.001321643333126,0.00121989641716314,0.00117801511325874,0.00126545308172133,0.00398525162565601,0.00093467779927876,0.00313429639625973,0.000913760512076731,0.00084574753006241,0.00087403793786333,0.000843034403604049,0.000621279413247974,0.000977998373243413,0.00529007715187935,0.00498340256082784,0.00518393642510163,0.00317159835437908,0.00550028056017707,0.00107946466473286,0.0034228282068642,0.00106303337502266,0.000843059561826386,0.00142982430679485,0.00101713243279091,0.00246080576080587,0.000976068932669881,0.000794536286097604,0.000893639555099147,0.000878532165582317,0.000777074864746553,0.000887293912127661,0.00080976910032006,0.00365343188024391,0.0030725421480711,0.00276207151520096,0.00319293570407685,0.00233043098353379,0.00418952078630962,0.00228408518169563,0.00350489751259685,0.00414096660972278,0.00599108270761553,0.00626847326718852,0.00363974662091983,0.00702952646941592,0.00136543742592642,0.00564300689693912,0.00565787916818349,0.00217246683192713,0.00211126682348123,0.00134669259659124,0.000946394987303372,0.00110167539200861,0.000916230017414429,0.00260908735280856,0.00278894644657132,0.00101531161295472,0.00667573838323612,0.0073473150515973,0.00329959720527589,0.00087097300736649,0.00282772595755971,0.00351899104936347,0.00128026934921978,0.0033340467033574,0.0078718459552816,0.00128907780785664,0.00346742352059836,0.5,0.00121868347634948,0.00109260973359185,0.000925294577577708,0.000759354943811621,0.00106161705801261,0.000735462232746003,0.000824815493697904,0.000774555046213252,0.000836237907401482,0.000800128161212291,0.00111441790087521,0.0011702030540342,0.001340761393171,0.00211056857296857,0.000955248768961557,0.00205536583264574,0.00110073917144785,0.00120739759691531,0.00121080532697178,0.00200887110501586,0.000550678792939242,0.000905708916737149,0.00289142171057655,0.009384483827164,0.00307575691526903,0.00852191422057976,0.00592942693121632,0.00377619642769612,0.00116480845093992,0.000775395863247883,0.00658613229863577,0.000822665804225883,0.00800965645014437,0.00130282745067369,0.00229628436278296,0.00653631010534931,0.000933635528574841,0.00108662142516072,0.00344689358548256,0.00119505983062596,0.00230525832668732,0.00104352971430836,0.000783050136395159,0.000829405183153343,0.000777768182698691,0.000739650772693824,0.000789665882528972,0.00089474977408542,0.000752439145246339,0.00101634837112347,0.000705659240301289,0.00107479699518332,0.00138427532080252,0.00130039230482544,0.00197695144220551,0.00108280182760775,0.00129009680215651,0.00211466215158992,0.00136606144376377,0.00277380344598439,0.00238614831559581,0.00391866378222847,0.00124266435932175,0.000987564861502778,0.00130917901595545,0.000955276965188722,0.001100980979082,0.000976163437608391,0.00103999820374556,0.00284843944958751,0.00091759897323949,0.00190680691891799,0.000740606538328424,0.00128473056367802,0.00584331892224322,0.00327054970348569,0.00258024488135642,0.00141487540540039,0.00120207771683814,0.00217420455010817,0.00126136093105054,0.00162212590647095,0.00289981571401698,0.00329804557150339,0.00209606818049816,0.000838069534376862,0.000759168999292504,0.000784250569304318,0.00113211977561313,0.00217936108463529,0.00229970708799596,0.000828935415971916,0.00128365788160235,0.000660500624283528,0.0028258781906817,0.00866095889500281,0.00100515713807386,0.0040225484941404,0.00700300170079267,0.00958139153180707,0.00105126754144691,0.000775149792726804,0.00182992327296433,0.000927326716438627,0.00649875443795191,0.00101552664436493,0.00110428442602351,0.000977383487802647,0.000847727841865386,0.00290283774931957,0.00260142656234603,0.00273653781112722,0.000918049689988577,0.00697236807768742,0.00120208871069354,0.00133469554064684,0.00105613526758705,0.00144174846962428,0.0039046036099998,0.00366073752665858,0.00145306465787636,0.00427350481368829,0.00112575598602355,0.0010742348764361,0.00126700866054942,0.00424057377745197,0.00339395852472025,0.00196447442397167,0.00146732364712915,0.00121027321046566,0.00106895285507476,0.000982666292841092,0.00352938608245537,0.00259949433350283,0.00516763367138976,0.000903800090874173,0.0051584456043961,0.00124239621397274,0.0039733235984464,0.00111365861144831,0.00275826790760417,0.00709662186294361,0.00636386597514234,0.00201442898717464
"DU0100",0.00191224189852362,0.00180463768108978,0.00133845417202969,0.0060788439490087,0.00248914189484052,0.00225489135094066,0.00226047812465408,0.00331195019860096,0.00114240868915594,0.00172922497493307,0.00116836251723413,0.00179857471931044,0.00178411968828107,0.00172055304971477,0.00168394230435773,0.00599964155131811,0.00226663087031074,0.000944918343507344,0.00113672313601707,0.00084574664677158,0.00185122738305315,0.000878457735052447,0.0102154386329852,0.00134517616334896,0.00118660110761486,0.00104191641696379,0.00131299112608078,0.00121860629892357,0.000884108808863043,0.00176674778095322,0.00180157737291235,0.00102674270755046,0.00180618110200725,0.00171448297866001,0.00168176956980138,0.0016697612660984,0.00106750031120615,0.00253118849164263,0.00513124286995704,0.00141686184414286,0.00128977550377258,0.00187612648146291,0.00125322699810895,0.000929503820771052,0.00325018152370015,0.00173738923274713,0.00115541505583815,0.00137484261800836,0.00127180690203737,0.00216657837428149,0.00127868774108796,0.0017089949819604,0.00197619928398317,0.00114174664712163,0.00191271856487771,0.00122132355414756,0.00248561293045856,0.00107604448387319,0.00100847183000021,0.00173339238814849,0.00214645927939483,0.00231592742171068,0.00355732430035494,0.00322851927346559,0.00169203662406471,0.00365066146725372,0.00123637608809791,0.00210919495174261,0.00574952262942346,0.00189703091369914,0.00291075990223763,0.00129828424217301,0.00121868347634948,0.5,0.000793304477801059,0.00112010326802058,0.00166300084264058,0.00107224292245215,0.00107904809655053,0.00108421751690151,0.00167399043561851,0.00170976058797096,0.00168545006669294,0.00245639518773692,0.0029804781312607,0.00186420578220988,0.00117438144995986,0.00635437146536263,0.00119944263700981,0.00370866901511358,0.00126262559846195,0.00539464269759252,0.00105580096850654,0.00225724774375541,0.00181835734918035,0.00179554661082695,0.00135607782159756,0.00178329504285658,0.00127020123288446,0.00148735994617022,0.00513601719830464,0.00190117870165085,0.00172871925696638,0.0016618544413267,0.00181380098593415,0.0020898681922321,0.00133535558690659,0.00474185536454586,0.00137393237375516,0.00112065056729966,0.00116922836384295,0.00109050463841553,0.00483423346504655,0.00210470630298993,0.00457477721597657,0.00165285065233008,0.00169335771436326,0.00164472770927469,0.00257977936920636,0.00349483057565641,0.00459082672766701,0.00119983789542352,0.00282878190238342,0.00248299072584728,0.000958381868231071,0.00140545378732596,0.00116763455669209,0.00478902309462643,0.00291715143030564,0.00175197406561803,0.00151703018393083,0.00283477610680939,0.00346798622814922,0.00587058830889617,0.00254959679238542,0.00278519525420529,0.00108852396687766,0.00298490163465214,0.00273249757391701,0.00117012698641695,0.00148052115840749,0.00610536430790965,0.00262104195572568,0.002603647594165,0.00116338673207509,0.0038641444713003,0.00395389709402223,0.00573112859095981,0.00271858969829095,0.00721198706055427,0.0011758237944384,0.00862558090586135,0.00270224566255205,0.00164015298953562,0.00559676143882692,0.00257617743579369,0.00101164357252865,0.00171779274128517,0.00104586965743595,0.000995205990840486,0.00118481336445376,0.00122013986866119,0.00795335626136791,0.00127432613692103,0.00109020076759511,0.00109444515442029,0.00242933154647241,0.00261765326124044,0.00132171483451686,0.00263019721673782,0.00175021850795582,0.00132783316859946,0.00123477686657514,0.00722733500009204,0.00150436822009325,0.00252170513072727,0.00437792523186051,0.00140317781077316,0.00519600740687516,0.00492248927760124,0.00109829005602749,0.00106991462041125,0.00106919896249019,0.0025407849762471,0.00110867424589551,0.00115677198331666,0.00228869312442025,0.00499428838993089,0.00323677261231881,0.00547277464014759,0.00140988755109177,0.00264538890160416,0.00169634778203813,0.000970815912104319,0.00128543766636491,0.00381795333132168,0.00109517708554073,0.00125715499033459,0.00121682799549003,0.00099185269086425,0.00269369460826179,0.00137913496035253,0.00513723975342931,0.00120308782773562,0.0027528737592368,0.00117879105798879,0.00105630291060661,0.00259787354033268,0.00122051148369093,0.00251473062718984,0.000872247356068558,0.00113441737355278,0.00140760154174313,0.00108620620570267,0.00862957429657258,0.00144084503944697,0.0027235556207522
"DU0078",0.00220781464671791,0.00131196976994635,0.000912364532064546,0.000897544865072655,0.000635303438234341,0.00086933436733278,0.000725310814201585,0.00990406948724644,0.000795445735309197,0.00416020565230939,0.000853060312413534,0.00391030999458775,0.00531571338970447,0.00358928255796447,0.00519894566855406,0.00300742706017414,0.00374847433474615,0.00175544072564482,0.00118392963344892,0.0216915783918118,0.00106156612234874,0.021915301885165,0.000967738315319738,0.000894625290874198,0.00283252395970252,0.00284433134207791,0.000785785793195412,0.00102481335320012,0.00178902463348752,0.00319697496340996,0.00468887103137515,0.00297524723282043,0.00336546092002734,0.004210139704963,0.00381966982243753,0.00470860657320748,0.00286596625928532,0.000707193995558663,0.000807477920021058,0.000946318058947447,0.00104073063481044,0.00110745547980701,0.000935977366071224,0.0191087358196706,0.000994314629819324,0.00136781857294407,0.00113674362421071,0.00100755039802627,0.00194896306108035,0.00116431120309641,0.00092756771909338,0.00116351950770718,0.00134817644914893,0.00106425838225129,0.00123373142140154,0.000991576443606293,0.00105561086223491,0.00103050561319324,0.00180546062828444,0.00132533976497551,0.00111803198218943,0.000690019329046197,0.000872914960809108,0.000743007445351458,0.00417544108368297,0.000895828841636896,0.00185561515557212,0.00105826091481854,0.000996950276904309,0.000978527285558815,0.00256300262341697,0.00107931838875982,0.00109260973359185,0.000793304477801059,0.5,0.00111435381705306,0.00590164735447915,0.00143189340958013,0.00493701573201042,0.00220259253425381,0.00586419995494695,0.00387478662586059,0.00493335608368316,0.0033877356942541,0.000770131288993534,0.00110686393352177,0.00123397078904893,0.000786686310368207,0.00190518595887491,0.00084011577935972,0.000732138068609931,0.000651126210341601,0.000752250204328805,0.0053216901001509,0.00318944985259915,0.00128923014497175,0.00173800901930091,0.00110183310172282,0.00115555788728498,0.000837325117152789,0.000869238854811576,0.001207524912271,0.00563085681171514,0.000692976208885914,0.00396119479378453,0.000715718261886878,0.000941847783131571,0.00243689271400589,0.000848551489335268,0.00196299725004235,0.000997044800427771,0.00116095992773985,0.000652930932557918,0.000936708788898691,0.00139705960019762,0.00589106995487693,0.00357555451115653,0.00424246755507295,0.00445934649316622,0.00282176390579438,0.00267718996701755,0.00294828951015006,0.00113258456738791,0.00461087409498722,0.0128864254686409,0.000833414018994425,0.000999662520503955,0.000816418560441685,0.000914808296107039,0.000876998872145829,0.00115275554696739,0.000598394339377787,0.000947025809433227,0.000681116585048363,0.00118359724082025,0.000878059794891192,0.001171510563869,0.000648338674234072,0.00116319705095242,0.00194849707470066,0.00195194592121349,0.000985206264161369,0.000962163075259442,0.00111689832703692,0.00118851422746982,0.00391520408042364,0.000768631843332875,0.000877338054507801,0.00118384789682361,0.000791217798160188,0.0117533751215557,0.000618869128972434,0.00108687163784575,0.000977398691158384,0.000793382819656996,0.000915471879369918,0.00273382907965345,0.00117403324125465,0.00439797278861966,0.00302239939643479,0.00369736948943314,0.000827485912720469,0.000707826656247957,0.000768974111363176,0.00311553244232116,0.00102213918990805,0.00512940015186814,0.000979492279411869,0.00104485403537801,0.00273206093773658,0.0010300565304057,0.000656921564128649,0.00101425714147391,0.0008382770970173,0.00428202910386825,0.00189030658054632,0.00089075098474281,0.000761000743019953,0.000980448105809229,0.00101167935301897,0.00112874970431411,0.00321833753843634,0.000977133634297471,0.000970340919513905,0.00116468521442191,0.00125334213422021,0.000749501834066595,0.00071686220647733,0.000646177094147463,0.00107853155960947,0.000780927110111518,0.000903996938742435,0.00586134678374717,0.0222741821990281,0.000973687956241641,0.000994847457953298,0.000968390723781018,0.00288892251386918,0.00085722245593721,0.00212753998522994,0.000872791204531786,0.000954670596912262,0.000710207327367042,0.00106002983967739,0.00108930761520421,0.00295920453501819,0.00113802900174454,0.00126540613897104,0.00144008279285907,0.00121628589843113,0.0216313189451001,0.0011398132046924,0.000735930977534836,0.000933969349982704,0.00068985103481231,0.00103042650139572,0.0010576186151174
"TT0049",0.00224293347309688,0.00395615740834979,0.00474437700560413,0.00198802515751515,0.00113966429682589,0.00290731681109671,0.00118838787747931,0.00095432825918171,0.00106102225587611,0.00117947200998566,0.00122807879383155,0.00117092230328543,0.00116069883422951,0.00121380342987037,0.00312573641875157,0.00186170307477533,0.002257416323318,0.000832502811848053,0.00131316212811826,0.000949771730337856,0.00102236388667495,0.000982743282801862,0.00333465705323008,0.00109617622907123,0.00131183224200802,0.00396160157146983,0.00107087402776226,0.0014869153297578,0.000907806624752287,0.00353233871563751,0.00126592171948244,0.00368850520798318,0.00116220987065896,0.00201449523195877,0.00350517386611577,0.00111770499476429,0.00195010199084498,0.00112324113360489,0.00394663295757502,0.0011105549356012,0.00111332607839197,0.000997229626951963,0.00304956676410558,0.000955682941433444,0.00106424647942759,0.000945010930895987,0.00401533401603763,0.00351998838278889,0.00376433038881196,0.00109986530984074,0.00105834031167766,0.000909387455368152,0.00246151253987127,0.00456046786055544,0.00105877775131826,0.00319952002075132,0.00413860575757414,0.00718958883751516,0.00140724437793004,0.00357820020002003,0.00137647712426835,0.00100057061239465,0.00102335741092637,0.00215638612308536,0.00362757758123912,0.0026150229892901,0.00407303342976683,0.00190531352831719,0.0010219643847861,0.00102555192806388,0.00336479409509985,0.00355375484107354,0.000925294577577708,0.00112010326802058,0.00111435381705306,0.5,0.00121078045149341,0.00426241902240997,0.00289527753357739,0.00336996469654658,0.00116126126114038,0.00220550057012513,0.00122804724015789,0.00109564422705442,0.00129423439138327,0.0024801702815559,0.0030261032925942,0.00479038574882151,0.00123126094288214,0.00126823215998856,0.00127735496384771,0.00142055331609815,0.00447821692310041,0.00120095455367834,0.00327447011528025,0.00397893099464594,0.00106782586963162,0.000930064705638518,0.000988015691141918,0.00111480582323831,0.0010076471250892,0.00103878135352865,0.00336560336992324,0.00107888655051889,0.00118537320953065,0.000917170408459394,0.00150364281867541,0.00186656461012808,0.00320222910585708,0.00502793418753738,0.00122717921731435,0.00610059571890106,0.00369383002723233,0.00186369138584323,0.00106100479733645,0.00203092734364301,0.00322429343421011,0.00298982691202833,0.0010798988659569,0.00315701273316112,0.000957404934260984,0.00138904656774409,0.000976897463085128,0.00183322269453021,0.00202227657316959,0.00332430707208187,0.00137203071447516,0.00124134964819914,0.00169251148826924,0.00307916577502595,0.00115638897090452,0.00142124469946029,0.000936064608138972,0.00107126516641581,0.000833642086469242,0.000934035124507112,0.00371865107198863,0.00650916565113525,0.0073977117380999,0.00304010394319132,0.00582800727806955,0.000934868339992185,0.000847625372768982,0.00357765029406582,0.00743951566861656,0.00103692785617645,0.00119728143062825,0.00101401604168903,0.000897443441272659,0.0010596957425785,0.00105116214388166,0.00239758735392691,0.000853519341668999,0.00378346094947406,0.00103233872340379,0.00300415071283253,0.000776898271738839,0.0012414307805844,0.00209736262032164,0.00494078428684981,0.00513080585652456,0.00478915363787756,0.00116482566798854,0.00445684112401166,0.00649520269003229,0.00121494125345614,0.00266499779955384,0.00309018860395005,0.00100539233607399,0.000916384180273254,0.00376619027228721,0.00105636513069431,0.00330398399790075,0.000989346336744145,0.00121576691133451,0.00102386093638395,0.0069938469288791,0.00106631005848606,0.000905439834187556,0.00498287964774653,0.00795914407064494,0.00522521371981766,0.00291188264651758,0.000917816783454724,0.0049675989748108,0.00701631818613813,0.0010104484038103,0.00118187213247582,0.00217032449411616,0.000941206454609532,0.00526011792044564,0.000903767838652423,0.000900256678346016,0.00105266626911452,0.00113844588578059,0.00520810803867045,0.00401174800239239,0.00286200470818279,0.0012279846099136,0.000781375518685887,0.000909399786102949,0.00122842208777778,0.00525769179856219,0.00395087931279603,0.000971662683058692,0.00113881240783596,0.00346202146592547,0.000908884214317027,0.00730905247362655,0.000881812597288991,0.00334480279675919,0.00518095964377071,0.00126885559441421,0.0026442914908078,0.00112498933050011,0.00103474306954626,0.000905725275159387
"DU0072",0.00238559486614359,0.00302418391387953,0.000852584215196985,0.00188100699127342,0.000694472834901327,0.00157950770476671,0.000853299757431494,0.00128265193229845,0.000942492308730044,0.00655730419520715,0.000964182217947026,0.00514063074710064,0.00605222487410292,0.00436610926291229,0.00497053070485701,0.00301721847539064,0.0050329884723172,0.000830506124100796,0.000908255468305529,0.0012410340762355,0.00191317788260797,0.00127839846915929,0.00247839822502715,0.000829630240755413,0.00331697926175336,0.00318088517642625,0.000822483685435761,0.000892275312970462,0.000925360987849024,0.0043450076321213,0.00642132063955698,0.00433805399108595,0.00460959024837616,0.00552785806478222,0.00509448975648093,0.00690103633552892,0.00309761896502696,0.00079674108371697,0.000843256825602302,0.000917744515500763,0.00090940553832287,0.00186127266691921,0.000924321304639065,0.00132681572238955,0.00163218522011418,0.00179705946463827,0.000873013386201161,0.000852802028766309,0.00113691408511058,0.00212732454130381,0.00277459862068714,0.00174536212708139,0.00214240346271438,0.000928479359165108,0.00194969895454517,0.00116268076499313,0.00197953689036232,0.00120187464833923,0.00104856172017769,0.0038186464384476,0.00205280866319147,0.00071929246242815,0.000778892555971781,0.000673440963410618,0.00549911918096357,0.000850028268117349,0.00114452112825214,0.00192933962967925,0.00158989705816414,0.00177753928115255,0.00196701161473734,0.000965216867317458,0.000759354943811621,0.00166300084264058,0.00590164735447915,0.00121078045149341,0.5,0.00224469424931189,0.00558239577155012,0.00164089518349257,0.00745505122182389,0.00701866584095185,0.00743946068585455,0.0046792265619995,0.000770168931136782,0.00190639161615982,0.0011931047840735,0.00105403038088644,0.00107772748221918,0.000980010552816796,0.000868870288942497,0.000757157903913063,0.000879102673224579,0.00603758971712354,0.00261533687246059,0.00294816556358755,0.000873275331838231,0.00184074836689227,0.000808591542954814,0.000726622904924631,0.000804455682075979,0.00201986294410977,0.00741526593983235,0.000660016724523641,0.00524780167243208,0.000716950272565568,0.000810794000044892,0.00278537385200274,0.000818455616410155,0.00127036401399543,0.000934731772122004,0.00106803057786219,0.00073394894863054,0.00184068751882928,0.00316234448576012,0.00736921864013645,0.00481508874270598,0.00480686345797266,0.00611847913369614,0.00512669688645712,0.00404656754637407,0.00346044577311153,0.00294047719365028,0.00598207578849099,0.00521775604963735,0.000855305624850669,0.000915798771504591,0.000828517061796554,0.00275623659232558,0.000986206553427025,0.00119810593066565,0.000702650004440492,0.00290083672316844,0.000788518720845738,0.00284419320745409,0.00286793878582018,0.00197500675727949,0.000804224029505862,0.00226053295170942,0.00119056177166493,0.00323853431085118,0.00271729879869992,0.00282366324546066,0.00294533693615931,0.00207297348279729,0.00472288467769998,0.000769816384564552,0.000923990496020676,0.00301756633242924,0.00248948809108765,0.0015164757037673,0.000789190730840183,0.00301009981804612,0.00101639402846806,0.00084713615283605,0.00279606629458081,0.000794213191072017,0.00189363432050031,0.00427061998689316,0.00343529210536875,0.00412653675877988,0.000922661464757468,0.000826467223458405,0.000842945821496895,0.001526351775093,0.0011638968812848,0.00766484541701159,0.00292626029518658,0.000900559612380064,0.00504475475655127,0.000975861630004515,0.000706658092277795,0.000828433815278718,0.00265241264374224,0.00600820257096346,0.00294825860927693,0.00108240445741799,0.000758374485171881,0.00291664379904691,0.00103825388992676,0.00112021848285373,0.00338252595507902,0.000963225902967256,0.00282588329773696,0.0010260090242313,0.00203833520756846,0.000697928336000766,0.000822020396152483,0.00072153228499012,0.00376639963435221,0.000865439928560223,0.00276114579875708,0.00100588493145812,0.00130553452611548,0.000887636708370517,0.000870286472412881,0.000890891435036874,0.00315169591051372,0.000867189655286986,0.000756098425349321,0.00287727100731871,0.000866963815622369,0.000788315863433308,0.00112547104920349,0.00293642466817437,0.00219685342866648,0.00289991671219248,0.00287487243003489,0.0040981051657526,0.00274546571010244,0.00400310050566603,0.000970730268335514,0.000933320522370081,0.000814792990197083,0.000701595389763478,0.00169782593606108,0.00304426053755336
"DU0073",0.00108077601153754,0.00425675252339755,0.00103549361066594,0.000881174138314108,0.00114925099117688,0.00106466595940455,0.00131488910399557,0.0021511739973073,0.00133911444933865,0.00230135390680472,0.00332620153801709,0.0013202830575876,0.00121449204070566,0.00308823783768705,0.00108636320197177,0.00102140492634464,0.00338388780805715,0.000771085762090231,0.000925940029661496,0.00124894775351757,0.000942814946257722,0.00132660883886419,0.00367454145118248,0.00141459129512507,0.00141851555270906,0.00454835151713658,0.00226108594406932,0.00335811875080412,0.000793677236424188,0.00530332122603219,0.00338895280065144,0.00450055695683138,0.0030305148997167,0.00112951246275965,0.00119339118423958,0.00309578106349555,0.00139114628734499,0.00126792484308708,0.00122885930022722,0.00115325638357058,0.0022667564625189,0.00089372393295782,0.00101699147551838,0.00203418496069304,0.000931696729981793,0.00098810437725751,0.00107703469845102,0.00288182153545937,0.0040659865993595,0.00371653257581399,0.0014209122689741,0.000885235648401915,0.00139728860747935,0.00171542131498272,0.000933841733584631,0.00119110479756034,0.00122720857886021,0.00163744180690612,0.00147165208280975,0.00426401149970577,0.00116292434324861,0.00205016851944409,0.00123027534921247,0.00138541755299197,0.00125614281947093,0.001094605859533,0.0108095416730718,0.00101622734860108,0.000832386339454736,0.0013330039424401,0.024576488590089,0.00143506420728749,0.00106161705801261,0.00107224292245215,0.00143189340958013,0.00426241902240997,0.00224469424931189,0.5,0.00124217859882256,0.00149239486521937,0.00120020050404379,0.00540003656412287,0.00317986431129606,0.00220545605026397,0.00235039950984082,0.00267511606190089,0.00105425596587928,0.00136439292026471,0.00141488608873856,0.00153426661715313,0.00126628249218322,0.00149516468889036,0.00150751127206403,0.00114286297454921,0.00117566612033887,0.00393701049186471,0.00104672554105499,0.000902295091832225,0.00115358024887551,0.00205320837704926,0.00147699409695024,0.00210491865197564,0.00320462864594726,0.00100771968474333,0.00314260733570415,0.00126832022230579,0.00104813428630082,0.00154743439491605,0.00114605422352869,0.00157467983772433,0.00132854601898906,0.0239322940219729,0.000927199337216557,0.000845566686291221,0.00330630839508058,0.00118777070388757,0.00116030292865292,0.00104019064220478,0.0018683844738748,0.00424073906733787,0.000985224867707324,0.00256325580602789,0.00282441477662047,0.0010069628560456,0.00350644220797685,0.00140024027082805,0.00126998343280514,0.00134023102373494,0.000774327804225301,0.00182395306546908,0.00137651881157872,0.00102351919174883,0.00103130225617645,0.00142395139683006,0.000798427186834557,0.000936475457798393,0.0129090623853607,0.00111351067903071,0.00442029311231796,0.00105145904358204,0.00957946284600515,0.00191651272050728,0.000997611072072126,0.00373627419475484,0.00437201846908341,0.00101498387753121,0.0022565705322828,0.00123107757904033,0.000838216425568941,0.000789244086360507,0.0013216038186043,0.00106318520349388,0.000763081246203598,0.00411786060108937,0.00145628962809606,0.000951078781669619,0.000952640556385694,0.00131911025248953,0.00135507751632381,0.01006756377772,0.00180696612515233,0.00155281998296385,0.00113994243095279,0.00108702280273916,0.00121083451225575,0.00128660255947475,0.00205599216253097,0.000958956389602662,0.00294905440992352,0.00105922446488635,0.0061470019181787,0.00115920418214542,0.00120538470138191,0.000806744792418066,0.00306655100897243,0.000907948783985627,0.0015377140687121,0.00102184232025054,0.000980573420077625,0.00364043743472484,0.00459341765909429,0.00169498905229258,0.0238171344424859,0.000849175291852544,0.00121529547028803,0.00490631765104906,0.00107082958481241,0.00712981578347671,0.00224011636775731,0.00110587215318708,0.00104773670914781,0.000846940370494005,0.000955305980202568,0.00209401940071628,0.00205052519356529,0.00169432077987142,0.00525231255868032,0.00125096716093689,0.000823293154104548,0.000936433813291148,0.000776904869397657,0.00115011748056766,0.00103349408010301,0.00170958087799115,0.00188658418788085,0.00135122047090454,0.00425724500796306,0.000906755562061625,0.00440414949248368,0.00088309247910013,0.00559394793244688,0.0012601466846756,0.00138627838032308,0.00148869893850276,0.00108434102854652,0.00111398450807461,0.000831224399163256
"DU0070",0.00261861434776049,0.0011831132131946,0.00460709469561014,0.00103884513432382,0.00359867949811163,0.0010769644393193,0.00108298748367129,0.000890048233590214,0.00109809289460258,0.00355586297025479,0.000985832051066986,0.00150358893123192,0.00257444430798314,0.00472447900692979,0.00569480155876237,0.00418305290734322,0.00137174535537636,0.000924459786350167,0.00439077044202213,0.000937988112999385,0.00100121381915635,0.000947150524042065,0.00111119516824486,0.00124925858183227,0.0074317950801133,0.00282005740953842,0.000910049198922291,0.000927961943376494,0.00192941990296378,0.00306010832296437,0.00332418323580658,0.00304732588291136,0.00353396035371952,0.00573503967865438,0.003891323976828,0.00383361599291699,0.00302684562039628,0.000973375144256364,0.00436634626759124,0.00101409600626695,0.00255683485009913,0.00101960150389713,0.00546638529864219,0.000935342977049731,0.00100881054574161,0.000992293708875613,0.00470507872874017,0.00103326213435666,0.00097933711487792,0.00105079464674059,0.000931670130423779,0.00092905017364395,0.00119051729511345,0.00120560502077835,0.00108452769458842,0.00672658560417868,0.0023100161176791,0.00262473942441558,0.00309693616697994,0.00110721437517766,0.00143415200521215,0.00166498291728141,0.000852951447137555,0.000953570172218713,0.00472717991574484,0.0048046145102572,0.00105660262861562,0.0010505651844403,0.000968992967347859,0.000843379201768088,0.00314932923959249,0.00158104146778588,0.000735462232746003,0.00107904809655053,0.00493701573201042,0.00289527753357739,0.00558239577155012,0.00124217859882256,0.5,0.00359239199589095,0.00586593185039953,0.00229755846287949,0.00442022615109637,0.00345092842138653,0.00275974005797794,0.00107715942336578,0.00667664725741912,0.00229207662871182,0.00359721791804649,0.00108496949645048,0.00113404600251027,0.000956436067094564,0.00102965313752451,0.00402358198542902,0.00464388353200556,0.00111247345589876,0.000917388941437688,0.000935741754720542,0.000840824887131745,0.000828608346156361,0.00109700404633811,0.00095991407228151,0.00356301638361283,0.000799056712392743,0.00254105130420525,0.000752254000646868,0.00472464626475301,0.00291076874966742,0.000932579836965363,0.00332305286575034,0.00195831768726295,0.00117942325014799,0.00441351410179497,0.000983395875115581,0.00207658308543717,0.0057802293146177,0.00490038686285738,0.00339159377910969,0.00421754685194526,0.00301276406209947,0.00282051167460107,0.00521462770909734,0.000901501160281816,0.00531258766219736,0.00117346415069746,0.00131616212121649,0.00106180679008424,0.000965641230512346,0.000939505109723847,0.0011089836002781,0.00147326382903968,0.00412520435375136,0.00182629101237681,0.00103271637584386,0.000910331948302716,0.000994333903519638,0.00100973690061197,0.00443870500717373,0.00495935301991481,0.00671210736718425,0.00451397612656468,0.000914440053278013,0.000887428899899984,0.00103931921798277,0.00409425521758501,0.00434360952166461,0.00170286611805054,0.00161013963806545,0.00101103356204753,0.000958451945958303,0.00186814696931678,0.00415811811472885,0.000981474811404314,0.00250284031226189,0.00124766499250161,0.000983712794199971,0.00077476085273963,0.000939173966506184,0.00372442916895797,0.00549026635995388,0.00399875417177654,0.00113069676163349,0.00101809014328588,0.00466465373313627,0.00899912729422005,0.00120877697766521,0.00399211696094036,0.00102040258463639,0.000771398006712023,0.00279037720587788,0.000899065228682952,0.00083298254726696,0.000880889776792307,0.000940411862113671,0.00554817174381334,0.00211742884173532,0.00268568873659,0.000857627563555683,0.00100885388685091,0.00141662918641324,0.00145206673562915,0.00391488325330779,0.0019434150749071,0.000984020341639769,0.00441541256179484,0.00117209657886222,0.000809371808367273,0.000952188695540169,0.000966620147512279,0.00180340931556398,0.00527572382149555,0.000926666785772394,0.000874191667431121,0.000997257938231903,0.00196337638376721,0.0026063325108001,0.000936175030679942,0.00607375183879996,0.00432191851323015,0.000806581168537131,0.000937322633799561,0.00421094645810826,0.00460565520113503,0.00216053517851143,0.000896429588106991,0.00360399341774623,0.00109678405782466,0.000946302184940636,0.00470003390768137,0.000921517265468859,0.00116963268991893,0.00268573972951023,0.00102543737758367,0.000983516138906598,0.00084972554611455,0.000823796418613456,0.00100278580373992
"DU0071",0.00233229913010305,0.00115605463421148,0.00105776576125556,0.00207032475485734,0.00107351828035872,0.00304703325652571,0.00609338085142546,0.0010060636817481,0.00501051638070931,0.00153242176902046,0.0056472719907907,0.00373623447425084,0.00404151264395981,0.00136156750466096,0.00586998970826539,0.00538482802432491,0.00372786483456349,0.000788934461048594,0.00083510581407133,0.000832814667839405,0.000944404278986688,0.000841892722315741,0.00113031957542591,0.000898350426648687,0.00123680174265241,0.00477115200129846,0.00530477933036145,0.00455080635622421,0.00082375883913296,0.00128159401071981,0.00291387790803092,0.00514994520605824,0.00146284768909004,0.00551176230266501,0.00448849465738549,0.00249537992617023,0.00580242858333386,0.0054070952049639,0.000900910503522702,0.00610677625464482,0.00103834596136739,0.00111683644053225,0.000982400323848785,0.000928404564722633,0.0010895999052032,0.000931357396407154,0.000854551379478353,0.000885853130437569,0.00203470067795179,0.00123591977947031,0.000986428898969743,0.000924538008015509,0.00120928958573039,0.00162861936370755,0.00109520212320237,0.00190262321625722,0.00339639755889666,0.00353292006383707,0.00457683518925694,0.00106309359853328,0.00199462337848692,0.000990466588604301,0.000991632303515387,0.000979747835365586,0.00374846946627069,0.00087747333904449,0.00125285293309846,0.00128896415192576,0.00103359694073029,0.000988555283702791,0.00316549413189437,0.00323188213214386,0.000824815493697904,0.00108421751690151,0.00220259253425381,0.00336996469654658,0.00164089518349257,0.00149239486521937,0.00359239199589095,0.5,0.0025438415619059,0.00247570499358514,0.00251392786534576,0.00138817433356837,0.00542479424404622,0.00100831614533859,0.00223093610254617,0.00128593328822217,0.00105203619916687,0.00601737928989267,0.00597471182701169,0.00451514326850819,0.00623466531840872,0.00454919215969735,0.00373832884098167,0.00101408468200707,0.00103904489521038,0.000923234525162719,0.000802988902663121,0.000884106797136798,0.000887605564656137,0.00112915015897608,0.00382784739619934,0.000979033696831042,0.00267874762249653,0.000885503625998859,0.000924304789770135,0.00195046914292476,0.00284026963033468,0.00166642230435724,0.00674087794933466,0.00303050741177025,0.0010138579299591,0.00200324943963794,0.00226126241277359,0.00441838187638859,0.0057983862567709,0.00570052133354951,0.00333842695457872,0.00335669807583527,0.00215040227072629,0.00738620247284792,0.00106384517488328,0.00133621385210417,0.00193331852947529,0.00288862361311474,0.00358351421675678,0.00445934916485135,0.00267080682647365,0.00324248348038922,0.00367251372300003,0.00102400886465659,0.00196201552373752,0.00106594680638743,0.000865476399062051,0.001007558737918,0.00464207679075372,0.00269402300432281,0.00121184637210197,0.00108845155864734,0.00169914157809098,0.0010495820127995,0.000905095793640399,0.00103245857511772,0.00103883824883206,0.00442891906982916,0.00199016641362503,0.0010994283089309,0.000938257306226876,0.0020183247721282,0.00118281012796669,0.000950946197303289,0.000943636755895401,0.00112380808586039,0.0010427080126882,0.00198016633947683,0.000759473808373769,0.00503486587971317,0.00836359845790108,0.00167625034444242,0.00359547547369751,0.00588939669880472,0.000929719747028808,0.000949213545012293,0.00341407247236917,0.00495360686109162,0.00307209680423125,0.00280883502765516,0.000966086699446404,0.00113293833914626,0.00104493619782335,0.000977271287918789,0.00257534130900127,0.000956668158003753,0.00837212317735003,0.000991194259490623,0.00213495582816456,0.000891481660915607,0.00196846824196489,0.00131195875670932,0.00133531502416244,0.00144542588726996,0.00142075493022636,0.000863760709470685,0.000997816021861048,0.00168904988520565,0.00103042218041258,0.00472659166078417,0.00115100314022293,0.00108650185589557,0.000980604107083854,0.000967396793384688,0.000884329625401554,0.000964694267062657,0.000945281778609471,0.00118966646090151,0.00468596026093406,0.00299390456264873,0.000913370012196199,0.000743027983123787,0.0010205928493645,0.000992111916375621,0.00184252424055486,0.00587519756013127,0.00108147823178516,0.00112271260767503,0.00464572700891444,0.00091066795982634,0.00111206740314818,0.000877510809905372,0.00104571339377213,0.000994325937870977,0.00570249208385302,0.00414904901283048,0.00102140176419208,0.00102058409555258,0.000972432187148306
"DU0076",0.0036563152192335,0.00200764481725501,0.000872021778042627,0.00189952887221676,0.000726182720620383,0.00160813269343268,0.000803398692072198,0.0012341836245363,0.00086445202054861,0.0062885638725385,0.000935902442332065,0.00513835402015969,0.00514021088133502,0.00682716142795355,0.00510080413509748,0.00393925578297004,0.00380083422997231,0.000906873007767501,0.000923375024504502,0.00119999131814618,0.00194458247513283,0.00123999630385374,0.00164216252821937,0.000877474113273489,0.00441939987813263,0.00213331303370946,0.000784824142194477,0.000905592995125461,0.00188898230002812,0.00430077034646092,0.00542122336143042,0.00231161396998118,0.00470985096624296,0.00387382394409704,0.00545593783235462,0.0062055414356114,0.00216407836897508,0.000754536965664499,0.000853863483205593,0.00086681917894873,0.000976479462035298,0.00189720933152062,0.000952483625738613,0.00128015157483158,0.00162830207450101,0.00180447675011101,0.000883969219386773,0.000848098600741584,0.00105190261331943,0.0021450805992826,0.00287612665688728,0.00176360491746122,0.00215069134537023,0.000971975921103528,0.00197310128270571,0.00230534360734552,0.00300428448037128,0.00231177181698714,0.00313705866345002,0.00189652371080673,0.0021492196633423,0.000754796766723053,0.000803005301266342,0.000670632090120212,0.00556101523202221,0.00086590654413868,0.00105174911072745,0.00195458717296226,0.00160207652693083,0.000944116809439147,0.00111761335261841,0.00105366988517278,0.000774555046213252,0.00167399043561851,0.00586419995494695,0.00116126126114038,0.00745505122182389,0.00120020050404379,0.00586593185039953,0.0025438415619059,0.5,0.0067654219715371,0.00716844206387302,0.0046869616743302,0.000779441362366234,0.0018519291393847,0.00127097850718254,0.00204536485924872,0.00331180741745612,0.000940856480690068,0.000851979404714366,0.000708411053785061,0.000938970843873456,0.0060737482404562,0.00271243660061879,0.00192640723357293,0.000879139721562778,0.00186672163633107,0.000839407887445378,0.000755523994856167,0.000848147775593037,0.00205068687463771,0.00726151498061012,0.00067713075756584,0.00518080726424619,0.000737024504935173,0.000833492851763434,0.00282551151638928,0.000862000829741225,0.00136253357077206,0.000906449673453183,0.00100350090067847,0.000741780834343091,0.00186415795389092,0.00417433030961703,0.00751306174698417,0.00511504264937926,0.00483460422854265,0.0060554327235775,0.00505975397903928,0.00321471698545249,0.00343798734196203,0.00294813493328475,0.00721201496935677,0.00405136586171414,0.000922750095033343,0.000913192859726776,0.000839328066986776,0.0027665227333831,0.00102351447843661,0.00121054540326104,0.00071210141509935,0.00291795520535086,0.000812690814167318,0.00285432218387458,0.00289984191962417,0.00185770140180001,0.000829967265898026,0.00119139753415057,0.00236117086274415,0.00108391975256008,0.00272285725175903,0.00284164823907596,0.00287538344769446,0.00108065507660348,0.00557908597192967,0.000769370867840913,0.000915869991488147,0.00302650165574975,0.00250204740300727,0.00142740491898858,0.000808549772982218,0.00302852641003178,0.00097062394325022,0.000896442606605936,0.00284927100614616,0.00082762388400195,0.00190993692019675,0.00420728160760331,0.00453631764554353,0.00444911137256659,0.000970355295050321,0.000880653311377185,0.000874444247375923,0.00365505134551224,0.00111754920576343,0.00744188220544703,0.00297180452375756,0.00179833460541337,0.00506162622933029,0.000933199769086771,0.00073745457037849,0.00088300343792262,0.00267885576533028,0.00491828425288534,0.004002333765843,0.00212330180099739,0.000787479468164392,0.00292896319078755,0.00106124923126075,0.0010376888704737,0.00362990739985927,0.000984033022584801,0.00287600556803856,0.00108284915642895,0.00107717893546365,0.000710937093575368,0.000808992988960269,0.00070447946888308,0.0029571843310021,0.000892218600371382,0.00277500850843835,0.0010108934563947,0.00126088254257756,0.00102153573290928,0.000877735793989229,0.000818985794174471,0.00321079002316325,0.000947921541999882,0.000802386037715637,0.00290300663765714,0.000925302964458801,0.000797066785233818,0.00112674843608485,0.00295161159109813,0.0033856810300976,0.00104828285286911,0.00287867939860363,0.00311268357391915,0.0027459368516537,0.00309810466018338,0.000966427173151029,0.00088940606370629,0.000839100978335988,0.000714540607216668,0.000877997528197203,0.00309118234741801
"DU0077",0.00224487409797835,0.00319694704876035,0.000891826538804901,0.00190606897369748,0.000695348790289719,0.00161699241735263,0.000876355552845823,0.00230983967266059,0.000928623535882347,0.00610455638756522,0.00205437762187777,0.00736417067850598,0.0051553716762227,0.00444439547846688,0.00237116532745275,0.00336707164156124,0.00739949344574908,0.000805611931709016,0.000850345926652346,0.00129497870662936,0.00192356422930972,0.00135139678502164,0.00345006300783394,0.000821260540004488,0.00212368651120565,0.00328550548472585,0.00085596054877108,0.00197370901550981,0.000872587972692697,0.00657724117434377,0.00619321010744472,0.00432555935113016,0.00443825609618224,0.00239826813879912,0.00444499811348406,0.00680537593250034,0.00125126466534701,0.000843348893841955,0.000866767035574245,0.000922910712376561,0.00189082475956681,0.00188905779264027,0.00092244672431721,0.00220721292929484,0.00164904700970071,0.00176812981443773,0.000872652327068956,0.000949846445005331,0.00335372787087251,0.00227830745122197,0.00294215613155062,0.0017490542192892,0.00219256415855415,0.00096532287563076,0.0019564086579704,0.00102807748329756,0.00185232049121295,0.00108943507498735,0.000987054272709916,0.00399688139136561,0.00199751307363436,0.000787619329966966,0.000927345928608539,0.000811336811948673,0.00482248801532276,0.000850942270759462,0.00125449026671286,0.0019518268750601,0.00163465089925834,0.0019647056806586,0.00118941801501735,0.000873211476405166,0.000836237907401482,0.00170976058797096,0.00387478662586059,0.00220550057012513,0.00701866584095185,0.00540003656412287,0.00229755846287949,0.00247570499358514,0.0067654219715371,0.5,0.00699871355463042,0.00346976135249813,0.00081479583992668,0.00199768689942818,0.0020780679102931,0.00106398450214327,0.000935991475499895,0.000999555414732756,0.000890119719573563,0.000862858109807945,0.000881626835679701,0.00507422655891519,0.00233332903559248,0.00205586318092971,0.000902858279032474,0.00185728232682701,0.00081572690433212,0.000863515232957054,0.000816000345751832,0.00311974053453447,0.00720150784101614,0.000747910560345393,0.00631278997996262,0.000782793373488507,0.00082374926152532,0.00101880772853797,0.000852901551802038,0.00119325329428423,0.000966974402842156,0.00127274789805448,0.000780355069456251,0.00188543721510576,0.00437866499792825,0.00484293613215072,0.00231425806382776,0.00460286878120212,0.00592197251984782,0.0041674482212353,0.0031602163094709,0.0043710300701132,0.00396941701491497,0.00317056830322584,0.00566528466845649,0.000854174025896191,0.000957325843798923,0.000879934751190477,0.00280667288378634,0.00104135348086248,0.00210089401671137,0.000719929599715352,0.00289511731848232,0.00081395061859917,0.00283904133674479,0.0028877318623149,0.00316791137181071,0.000822967957889059,0.00236751125950116,0.00104861786419239,0.00342520454477228,0.0028063031130767,0.0028446515356975,0.00391907287364563,0.0031295924505017,0.00449452443975952,0.00178916219888638,0.000969423885611463,0.00299539627534705,0.00251284567144567,0.00155305087467518,0.000818870737685052,0.00299797802836783,0.00202107825665704,0.000851739911893544,0.00279464135268742,0.000836279598656785,0.00110900772862198,0.00405769063686442,0.00330650893619725,0.00362058109584774,0.000911472033176288,0.0008840866702754,0.00087456237982496,0.00126531152625294,0.00110352736708935,0.00561196568476766,0.00290836295231041,0.00289899277510114,0.00406808329388284,0.00209308772917724,0.00087880370176565,0.000869486709443899,0.00271226614781396,0.00378007441343097,0.00285789591945767,0.00103730705961176,0.000806957508693105,0.00382897516306415,0.0029987905369147,0.00230721482486818,0.00129053233467397,0.00119338257732218,0.00282278164328828,0.00100880800598447,0.00229715817382987,0.000807551181548529,0.000918098934990644,0.00108465177062895,0.00298498435440448,0.000856346477173376,0.00278762065544099,0.00109755763396859,0.00220827548274011,0.000885975077737486,0.000972106867466446,0.0019001909861088,0.00110720415821728,0.00086792393351909,0.0007791182842058,0.00289521355530525,0.000857549774962896,0.000816546516889415,0.00112969776742521,0.00306795407392629,0.00109188666618302,0.00305433113044646,0.00285451819875112,0.00437583492841289,0.00272519401384311,0.00431426139160017,0.000965876957125229,0.000978154019500427,0.000861855074640921,0.000817594104520707,0.000981611018726402,0.00306662713460186
"DU0074",0.00322816282478043,0.0030749500617748,0.000894378308614687,0.00191692544662956,0.000706825359496152,0.00160218156350086,0.000910235768554953,0.0030518789436841,0.000948893038277646,0.00548437064233497,0.0019828940491961,0.00701944021677523,0.00591562065023307,0.00430562515443205,0.00471684889923962,0.00244920964107973,0.00601411243262109,0.000811530363712209,0.000864130376887523,0.00121582559170137,0.00190155201520195,0.00125439322380556,0.00252512868673003,0.000812711381595581,0.00306532014513905,0.00508159527046412,0.000876198782669366,0.00103595120717845,0.000903736920536011,0.00433186431626212,0.00561364860762364,0.00347821659434597,0.00442478401195852,0.00352844874934752,0.00490895673313682,0.00494862390663138,0.00132828274343866,0.000865084900295234,0.000883213135491876,0.00093892332146919,0.000892502192883314,0.00187001086689753,0.000922334907799094,0.00132112510256823,0.00163042439478435,0.00176407010115452,0.000880535603534352,0.000884555163338009,0.0012191768106669,0.00326085290294932,0.0010718748698979,0.00174859271273923,0.00215011910796008,0.00097956218515548,0.00193956643978961,0.0010957049139347,0.00191001494008175,0.00117089195192232,0.00105064390636396,0.00387668804311018,0.00198540367234977,0.000774485181734979,0.000848043569083667,0.000708256886647435,0.00529879277323625,0.000866044122881265,0.00198633243400043,0.0019750377264589,0.00159521275486869,0.00279929171111368,0.00111834957555216,0.000886361077564732,0.000800128161212291,0.00168545006669294,0.00493335608368316,0.00122804724015789,0.00743946068585455,0.00317986431129606,0.00442022615109637,0.00251392786534576,0.00716844206387302,0.00699871355463042,0.5,0.00447471460893812,0.000847928866068627,0.00194299340661162,0.00112743832665975,0.00107866934691364,0.000986797296243131,0.00103645848583293,0.000909928290870722,0.000826903308951029,0.000918612709133862,0.00490063183928981,0.0024279282452111,0.00298568270409916,0.00171201014323884,0.00183548532102837,0.000805123803066314,0.000769948265096771,0.0008190190968751,0.00202594934357356,0.00723014862457301,0.000717328712169815,0.00517083184377232,0.000781515850047147,0.000832621042974341,0.00187382879786963,0.00085309024396665,0.00217551692268696,0.000975471741302317,0.0011547121336866,0.000761537312178788,0.00185241475030559,0.0031804500750427,0.00535446490743433,0.00459269977115116,0.00462587214490842,0.00597110608638072,0.00498867780901852,0.00402420625893231,0.00334233984890258,0.00297584303903216,0.00327414586761908,0.00536161870307792,0.00083500569397121,0.000976994871026249,0.000916414753732981,0.00279496782755038,0.0019959239415421,0.00114429622842822,0.000721709307123912,0.00288101080413366,0.000811459566263515,0.00281527585245673,0.00286576628057498,0.00210106679157471,0.000823717722812547,0.00230631610463472,0.0011123491324831,0.00331777457938926,0.00273432175836723,0.00281877591979385,0.00298317429791821,0.00302925975627895,0.00454856134299767,0.00079263757349981,0.00172034541121863,0.00297324771095153,0.00247695447127724,0.00249920393744968,0.000791430565131735,0.00297364779271599,0.00189968443417168,0.000852707712521167,0.00277955294689306,0.000852782576799488,0.00296267458050224,0.00413191317165462,0.00328688902804533,0.00405257735258149,0.000959440589957373,0.00085839800334713,0.000865866288552325,0.0013650832152451,0.00113674510265356,0.00670905887090276,0.00288810345919464,0.00101090467038482,0.00485839254036055,0.0019363491936156,0.000776315855860516,0.000852703897820506,0.00267738136377953,0.00475093679601895,0.0028785349826105,0.00105729943694942,0.000767917164443279,0.00291351695621,0.00288635628082504,0.00121981897499261,0.00231426541091733,0.00107263641227199,0.0028031953577433,0.00102730201657504,0.00214995361584493,0.000793199124507453,0.000920943066168692,0.000755612062973189,0.00469523266106311,0.000873424639401635,0.00276596529763146,0.00111644394061468,0.00129582626877292,0.000856685467268043,0.000929788254438906,0.00101456693160158,0.00118639509097086,0.000859845138831777,0.000804867177647456,0.00287650253119154,0.000868966765329349,0.000833237425586783,0.00216889165276211,0.0038107499211888,0.00207557938112277,0.00295606037490973,0.00283135713838561,0.0042036935303888,0.00270749466720037,0.00408049827114749,0.000959299221516393,0.00101443327296536,0.000882534259095573,0.000751922802714446,0.00268190335000701,0.0030179359489181
"DU0075",0.00239741586422729,0.00212807354768513,0.000996095127162604,0.00213792209542616,0.000882791949408167,0.00182597033024343,0.000900052758196533,0.00112265627996486,0.00101955878089963,0.00341075308374028,0.000995297607856603,0.00364737446187352,0.00386723551288143,0.00347907061917061,0.00453607875810847,0.00404867554074157,0.00244231868969511,0.00315252422971989,0.00392468795981693,0.00136604538253529,0.00222667976773701,0.00139041244621549,0.00178657699871565,0.00110505366467629,0.00349646889788494,0.00121149840584236,0.000874507814060128,0.00093013319674106,0.00125720499538943,0.00674564354168168,0.00264299219055196,0.00136360599563247,0.00758830386460344,0.00572256475818672,0.00235462267401681,0.00355430571211904,0.00522240656050839,0.000868116998515696,0.000984268936426579,0.00331516919148066,0.00110401078874447,0.00216028807908522,0.00116142307150972,0.00235724643619396,0.00207546335708821,0.00471329530330278,0.00121981112259845,0.00111044400273985,0.0010541815098994,0.0023249145274065,0.00204083837037804,0.00213258786937147,0.00544030737204503,0.00232236666200982,0.00483888658471779,0.0011760984197708,0.00206542216132656,0.00114709773700289,0.00105693378151609,0.00203210701360846,0.00232701150485713,0.000882686123079889,0.000912711503154887,0.000968465493775582,0.00246954889803276,0.00102290890193824,0.00133893241861066,0.00217474076902568,0.00192374540176795,0.000980200193986829,0.00227048187681949,0.00114206269876027,0.00111441790087521,0.00245639518773692,0.0033877356942541,0.00109564422705442,0.0046792265619995,0.00220545605026397,0.00345092842138653,0.00138817433356837,0.0046869616743302,0.00346976135249813,0.00447471460893812,0.5,0.0008754180358509,0.00213100276136152,0.00129722147630198,0.00110343206600509,0.00118415381307356,0.00103764104416607,0.000964270049396813,0.000884048055464925,0.00094641982159134,0.00417456173467729,0.00269109467683062,0.00210247873541919,0.00106050873394189,0.00214892797135122,0.00324864372507751,0.000904770182733479,0.00104352214516322,0.00223655871555018,0.00490136640799155,0.000878384085099273,0.00252149179908038,0.000893854812197868,0.000970136516027568,0.00308930186483046,0.000929879603295363,0.00126721833067533,0.0010418806962803,0.00353217967340439,0.000883664859801225,0.00213883981669209,0.00337542473025841,0.00457742557463541,0.00246891382902313,0.00244970841656632,0.00367480574418875,0.00535767343057597,0.00551263933364719,0.00341359847887306,0.00317335319319183,0.00521478606641477,0.00214838069562937,0.00108779350040956,0.00114336407821291,0.00099130564901508,0.00302360645087581,0.00104129745193838,0.00241955969084681,0.000853073421248067,0.00320293243249778,0.000966953447226418,0.00328587087728375,0.00318819410247878,0.00104459818457671,0.000902093653297711,0.00111730550031752,0.00124164900228853,0.00106996740760953,0.00295385800466726,0.00315876076832386,0.00306340373716199,0.00106168104783931,0.00658852836230275,0.00142191346365411,0.00102658246950462,0.00590964537002317,0.00476364311066844,0.00133331999136631,0.00101045469519308,0.00568725786261405,0.00102990043815422,0.00106452223891954,0.00301893222622803,0.00102202046015888,0.002129475701088,0.00154202862929611,0.003541272257256,0.00125646592416855,0.00103414798348612,0.00107296747492285,0.00096685169466091,0.00243269158104564,0.00125729834639817,0.00522653417267377,0.00314851118274483,0.000970812854823438,0.005386784120944,0.000957933046610124,0.000864356950547824,0.00101234175015766,0.0029441594827274,0.00382134062620044,0.00316109686409433,0.00105568235941634,0.00213939017033648,0.00319889670531372,0.00104230685898395,0.00104296925880501,0.00114048971868077,0.00113764298853223,0.00313988455032313,0.00113903298681352,0.00102897280199411,0.000872487829365465,0.000970005792856183,0.00330991970051459,0.00316560579715036,0.00105177363017686,0.00306670440467801,0.00107170581326581,0.00127320154669839,0.0010391037895858,0.000931307834222815,0.00090101756961299,0.00648791751084399,0.00112285940763131,0.00104415559212985,0.00319691574241283,0.001101894853231,0.000930193881494289,0.00395257740467692,0.00319686748079339,0.0012876075259726,0.00109069823188432,0.00564578288721582,0.00107246939236876,0.00520198958131756,0.00218407928392278,0.00376872681811328,0.00104831542344224,0.00097595726020525,0.000894911219738879,0.000970521482517142,0.00335895446382895
"KL0012",0.00100075552772005,0.00316314073332289,0.00329820860992487,0.00116709860892547,0.00282284992021336,0.00107735932497346,0.00640214856761268,0.00278665738161119,0.0210971922910508,0.000945616984813797,0.00509681698674713,0.000880003048505908,0.000871638587454527,0.000874628915964045,0.000812858328420898,0.000781147622396791,0.000955388962489976,0.00101091590181155,0.00100804024486544,0.000892028316298378,0.000982860164321435,0.00168996226530095,0.00103534203166984,0.00117489474140646,0.00097136461642741,0.00481219647770368,0.00746027125500085,0.00589715533958882,0.00177031925180488,0.000961088619123975,0.000837277721167497,0.00292482074668887,0.000823355243637841,0.000805731097291332,0.000867495530794394,0.00079116676453047,0.00290719001520621,0.00649176489363338,0.0033199906796685,0.00442749323242408,0.00214717990736285,0.00239629150696689,0.00229463082573005,0.00179646307444747,0.00112288957840652,0.00190938836564527,0.00114168255195583,0.00208402692416353,0.00115721604121198,0.00210794837554632,0.00132466866004436,0.00106798978727527,0.00221307146525036,0.00565739273365207,0.00332005672696712,0.00110479347374881,0.000997466139447214,0.00400343632680355,0.00462555919803629,0.00102718027743534,0.000972246268635062,0.00477577473108798,0.00422930991342188,0.0012055187588902,0.000815584096720614,0.00308555892135782,0.0010869207632771,0.00115876035478823,0.00100584116657613,0.00137460106099713,0.00340120133207943,0.00122291462979196,0.0011702030540342,0.0029804781312607,0.000770131288993534,0.00129423439138327,0.000770168931136782,0.00235039950984082,0.00275974005797794,0.00542479424404622,0.000779441362366234,0.00081479583992668,0.000847928866068627,0.0008754180358509,0.5,0.00110860059468538,0.00219908850764425,0.00255749583628018,0.00201876193058366,0.00945126048757011,0.00693686003541854,0.0043662942386636,0.00420442504360036,0.000682659419000565,0.000855771774706103,0.00100461060536534,0.00124129610177274,0.00110710265776941,0.00101517995012392,0.00212767854568679,0.0031672268119682,0.00231537200982121,0.00080172880809233,0.0011714378835138,0.00184268267826692,0.00330918670686122,0.00212251571832771,0.00307915464519147,0.00116620677057651,0.00425332282147394,0.00870014207996511,0.00112061968570034,0.00112772840964831,0.00107184477714321,0.00232164325183918,0.000766904052748097,0.000842395610845461,0.000757211048848427,0.000681928212315909,0.00182360114789665,0.00198503876895209,0.00581120492455988,0.00189177227493145,0.000728719224535031,0.000904467137171489,0.0011794695061637,0.0048346232637234,0.00732336116788726,0.000982054368105953,0.00511457682892659,0.00119249953749036,0.00131036693751366,0.003107084202458,0.00314392641520954,0.00078846336671639,0.00196115150554911,0.00449107027023347,0.00111485430099813,0.00113316271341203,0.00117480847879444,0.00102628834882944,0.00379357921569159,0.00105993413514451,0.00188731334096854,0.00211564055390858,0.000698101031794869,0.00429097447561811,0.00317815301612273,0.00082595843593591,0.00079965065925338,0.00115081859392241,0.00106364854047457,0.000830413779059323,0.0011137743397091,0.00423369771784715,0.000994128230044095,0.00118789931458877,0.00494862687554845,0.00289431446468283,0.00259357620129938,0.00386199610037019,0.00448670207681352,0.00106378321600858,0.00232635486354126,0.000922223375524343,0.00302823960993144,0.000655006302868661,0.000950775345034802,0.00118083476907106,0.000945500721345062,0.00125620752140494,0.00168168950220259,0.00107692225270101,0.000871060485728396,0.00392123816746769,0.000821620207190257,0.00135112421976235,0.002920915144959,0.00302371224289636,0.00480206905343527,0.00378877684827367,0.00361182305939191,0.00403482917107362,0.000769915407528097,0.00122965726605641,0.00538756069809561,0.00286309851009969,0.00659912429179475,0.00155330215400032,0.00286212988725046,0.00118269690761349,0.00187482504654205,0.00212112643690223,0.00195829785974497,0.00208486253138113,0.00457753658065564,0.00498769814990255,0.0010067099259263,0.00221949588110859,0.00122364885564186,0.00263452138985504,0.00117188243050864,0.00316205309077876,0.00520729821614936,0.00188179163482806,0.000952437814990808,0.00289344714907388,0.0016361849168049,0.00114379347054205,0.000802594706446637,0.00095305639807855,0.00129540028419067,0.00513714477607834,0.00469222244145278,0.0012133515673761,0.00127289454891683,0.00110262944691442
"DU0038",0.00204883107546029,0.00561146303339823,0.00224126825979322,0.00204638343703149,0.00104308138639248,0.00173373133093428,0.00102162704479383,0.00107394328870727,0.00220361480227687,0.00198078316151144,0.00110548605070865,0.00191993892895038,0.0019027229563356,0.00186318233193145,0.00179591270766313,0.000872330933109112,0.00202570921568298,0.00235025401057715,0.00232190005720045,0.0021586460119821,0.00330394818463697,0.00146305461527197,0.00396187730156699,0.0059336480936822,0.00110836785845649,0.00352586352876684,0.00121168599400935,0.001054871577816,0.00237081919464432,0.00442991902971778,0.00204485305827986,0.0035055001298936,0.00199315741030313,0.00184014678561598,0.00177082679036273,0.00184207933927247,0.00125457110540924,0.00100472240022208,0.00226148780198361,0.00113125453040316,0.00123329292579652,0.00320451398283316,0.00249367211276504,0.00121706138348986,0.00187937845133506,0.00315455233092508,0.00238957793692557,0.00621726072902272,0.0034893756536423,0.00220595179951056,0.00117274701217066,0.00308183741939708,0.004858061473516,0.00241793308960993,0.0032462045134486,0.00117650779497742,0.00176220144404496,0.00106523613688205,0.00126958068076056,0.00569255622536439,0.00202767636850191,0.00213584177823358,0.00118036636246316,0.00216945031012012,0.00183936533590661,0.00588152445183964,0.00374294682217164,0.00200082658097046,0.00182062433370521,0.00112846869438194,0.00127980134441109,0.0011784874560994,0.001340761393171,0.00186420578220988,0.00110686393352177,0.0024801702815559,0.00190639161615982,0.00267511606190089,0.00107715942336578,0.00100831614533859,0.0018519291393847,0.00199768689942818,0.00194299340661162,0.00213100276136152,0.00110860059468538,0.5,0.00248645538196465,0.00116727070553918,0.00226848237221733,0.00115197147650271,0.0022977075731022,0.00330656609255311,0.00098824128751823,0.000864988549047158,0.00196485788450856,0.00457435146964169,0.00104045913884857,0.00318151883747129,0.00233032250046684,0.00391330145234564,0.00225834407870145,0.00209928906403787,0.00201007978348962,0.00103060378251851,0.00191492668177508,0.00218992338370296,0.00224652746662835,0.00116183263884529,0.000994815851785768,0.00119630260814546,0.0011282859617191,0.00362145120549074,0.00107466656510215,0.00201118710056209,0.0020137663691752,0.00180374724253763,0.00178891684571447,0.0017285275917496,0.0028821944408913,0.0041153733199096,0.00295346925797854,0.00102903967835563,0.00297906808899271,0.00275964559720898,0.00120635087734779,0.00104349092222667,0.00235587620206852,0.00300626679190976,0.00279576119978995,0.00120162000333709,0.00111238049257402,0.00113561820781155,0.00407859236793162,0.00116225683318412,0.00316066327731097,0.00408722980379585,0.00370147928965539,0.00112321741972981,0.0037699659021431,0.00242844092066161,0.00417622740124709,0.00283041988871264,0.00407037365830423,0.00615353985746989,0.00503104175691746,0.00282866572826372,0.00102435367989828,0.00112236125646939,0.00422698793491428,0.00259552140250703,0.00113977734455503,0.00120761429211454,0.00422546557958549,0.00241949779610034,0.00221805770571526,0.00278137867768274,0.00234637178545604,0.00114277534415715,0.00110719274421186,0.00117212425204222,0.00103607419819636,0.00101275470768416,0.00116580788258869,0.00235694692136816,0.00107023703765733,0.00241720649619345,0.00280296783472928,0.00287036666749542,0.00110039453319004,0.00294235000296078,0.0040225455130844,0.00209674151073087,0.00105718919277097,0.00273999543702829,0.00110625457593028,0.00385479213630704,0.00110023248778693,0.00212195329118204,0.0029975493743913,0.00118904927108206,0.00360399401200199,0.00109132554224984,0.00244383025341065,0.0039335168702046,0.00235679552227543,0.00360495452101287,0.000976825409196374,0.00205814377897591,0.00104066346426671,0.00288709471136313,0.00153375299760313,0.00396061073762958,0.00225001869246964,0.00122175346453046,0.00116042511866844,0.00117572429338363,0.00447661222931468,0.00119814659238509,0.00229992471197109,0.00237341318888106,0.00496302920587023,0.00237037996070728,0.00115606690531441,0.00113626114625721,0.00297115003318007,0.00221152802677801,0.00379093862686932,0.00320163928088413,0.00257633841661143,0.00390475373070931,0.00388348891608269,0.00243096855645033,0.00114380658589386,0.00218219854400581,0.00111349462939562,0.00105535310908623,0.00417751268092516
"SG0009",0.00140677467983798,0.00240855508908234,0.00640481035400718,0.00121274027845699,0.00419368482870347,0.00120304832565641,0.00116154953999051,0.00100783627903005,0.00321298082503087,0.00117014737696143,0.00115928631956271,0.00118756644318805,0.0012325578421382,0.00233552654618289,0.00233151745205333,0.00265489746816733,0.00226637116545762,0.00162247580767039,0.00620965103587284,0.00211392152123056,0.00249185357169359,0.00219865522498333,0.0012097384657927,0.00187819211928582,0.00499374553624002,0.00105719963471906,0.00116069860772252,0.0010408108615521,0.00325821440689975,0.00114477190816224,0.0022411727018463,0.00115652060763639,0.00132343811740085,0.00243645886579185,0.00127537340856886,0.00219271308647715,0.00122777604128433,0.00112576167952807,0.00507156270898065,0.0011662106408269,0.00440318601273968,0.00143869456983731,0.00992960520626255,0.00199272477482893,0.00125603562281824,0.00235875981385984,0.00654488002124683,0.00265283911431489,0.00108902794615231,0.00121636849923286,0.00113077494494994,0.00228139433423244,0.00381919410603182,0.00251885037993213,0.00248860532969683,0.00633573239463517,0.00130842778394736,0.00151137147613881,0.00136173159770875,0.00132694183957334,0.00145229752713072,0.00124032630377946,0.0011071083140712,0.00129047129485839,0.00132437664524858,0.00656604541349766,0.0011208488899866,0.00116009606045038,0.00122153810411215,0.00104809110877984,0.00151724464901151,0.00542328773860287,0.00211056857296857,0.00117438144995986,0.00123397078904893,0.0030261032925942,0.0011931047840735,0.00105425596587928,0.00667664725741912,0.00223093610254617,0.00127097850718254,0.0020780679102931,0.00112743832665975,0.00129722147630198,0.00219908850764425,0.00248645538196465,0.5,0.00150349039115509,0.00385104372266929,0.00111168375998768,0.00635464833643311,0.0011454661906076,0.00108718602838664,0.00249489760889653,0.0026314097945417,0.00237120999659624,0.00109012068769687,0.0023202812194558,0.0022554926170526,0.00213847002229827,0.0024169671058531,0.0022809737658274,0.00225206424614468,0.0011006336464445,0.00124426563517113,0.00207130791126784,0.00566713574257241,0.00134126248463692,0.0010884536743781,0.00144558420590531,0.00232817901783461,0.0011559018010193,0.00501917617674727,0.00120148832730448,0.00115465809890682,0.00129014699679067,0.00234432353167507,0.00214514163452157,0.00205622867481678,0.00106328393663827,0.00105298691883401,0.00213832967982036,0.0010003175474533,0.00213264485151457,0.00100655249142657,0.00153316916563017,0.00258196188444906,0.00211916262526023,0.00104641912343825,0.00110765360985709,0.00407601114774876,0.00478702584617845,0.0023246008300122,0.00128931591955566,0.00124200287878281,0.00130292120852683,0.00105805411572335,0.0050315086109141,0.00542871234319777,0.00646136376800035,0.00495020720279376,0.000987050630310112,0.00120162471900275,0.00216716708723937,0.00561324170443386,0.00212055667723259,0.00202081843546191,0.00105178604346409,0.00128713304568307,0.00108583425331194,0.00109707357224684,0.00480595539530959,0.00128965437318127,0.00293717583980795,0.00254040028086337,0.00107271675968939,0.00216524592888436,0.00104150036630456,0.00127172370933124,0.00146074682618571,0.00148181133986627,0.00112006095301956,0.00134110510255978,0.00558404756179338,0.00647861415953868,0.00138331766940989,0.00106576914769974,0.00107135381856998,0.00110733265764125,0.00103659441951826,0.00122512702962689,0.00124698936048537,0.00112137789472779,0.00104535212104553,0.00118086024351506,0.00221339645866144,0.00175048298931673,0.00223010309604864,0.00204790806133771,0.00148796959481479,0.00272989464393136,0.0026725288123251,0.00134844826646083,0.00210762701278353,0.00601764995927364,0.00211598010949466,0.00103890919342966,0.0011597781051461,0.00119838979100634,0.000996905451877658,0.00620568498348604,0.00221559141647786,0.00135963594431703,0.00211771552171469,0.00329762378158516,0.00263355846100873,0.00117080375851428,0.00469362709011061,0.00633515442490514,0.00145713685729543,0.00218240924870179,0.00511099475387146,0.00520904336450977,0.00238770457934053,0.00104188818503529,0.00369660465394023,0.00124941901891613,0.0021998393290237,0.00510484860604549,0.00209799431844032,0.00113475882841889,0.00415890068891232,0.00113631355082885,0.00128043007450499,0.00115708405690166,0.00102579015552213,0.00231582521049855
"SG0001",0.00426627579518071,0.00121355457531797,0.00423982384799736,0.00444405899283531,0.00159020972673568,0.00158733691066603,0.00142537280399371,0.000974802894870645,0.00122227463600842,0.0010983978015436,0.00138112725988437,0.00109796308626518,0.00102164557674027,0.00241768944821386,0.00109718839899223,0.00108327115295273,0.00156102941467293,0.0011517936841771,0.00118409071789354,0.000778106349736038,0.00358558733748462,0.000792676674700949,0.00482682739047421,0.00124652482511717,0.00366171060978156,0.00261504062325754,0.00123551435739285,0.00414447672493138,0.00346307606435004,0.00116666428282181,0.001055248496572,0.00117558571214174,0.00123237977523538,0.00113005578995251,0.00211602118141637,0.00115970371791472,0.0011368959507799,0.00181860208437012,0.00146064785192239,0.00140329313739638,0.00124321567208639,0.00111789118727414,0.00244152434854826,0.000844561733288775,0.00242130221455522,0.00104358992580129,0.00138557941726906,0.00132805928745817,0.00108281202493912,0.00126515534662761,0.00369848109211968,0.00101022733078702,0.00125005363762824,0.00485876022424446,0.00118056832931029,0.00410958357587379,0.00367766516987689,0.00752987311017267,0.00494266604472138,0.00116701969676982,0.00399104083283194,0.00112962686485307,0.00106836413675403,0.00266513600838884,0.0011902463679306,0.00131099685330514,0.00120252965308162,0.00148256606553795,0.00436061646032123,0.00171452522267718,0.00120898945141871,0.00139500330239252,0.000955248768961557,0.00635437146536263,0.000786686310368207,0.00479038574882151,0.00105403038088644,0.00136439292026471,0.00229207662871182,0.00128593328822217,0.00204536485924872,0.00106398450214327,0.00107866934691364,0.00110343206600509,0.00255749583628018,0.00116727070553918,0.00150349039115509,0.5,0.00366706313772985,0.00139102982443101,0.00156912069277697,0.00311216056840859,0.00249685457507803,0.000823947713862794,0.00128791319032853,0.00119418569423488,0.00109329159162836,0.00315454968755649,0.00114109860470936,0.00135002260137055,0.001183959851893,0.00338127895035865,0.00104854348275845,0.00140921146134313,0.0011248439132653,0.00108021314475309,0.00152542442701597,0.00120586423130165,0.00132445332276751,0.00804069317535774,0.00139905480994889,0.00129567396864644,0.00421914886779307,0.00227729403516271,0.00119112907365262,0.00106586858747954,0.00210994515042204,0.000971852931627797,0.000929711934136515,0.000995285964800313,0.00101682754298213,0.00259935170725704,0.0012438253326718,0.00212675039913169,0.000814992084944494,0.00153915010949738,0.00157416711433191,0.00139932025962853,0.00175446764643129,0.00553165375721977,0.00137512024656296,0.00257577817711389,0.00104212668475459,0.00175625613134829,0.00101612787591557,0.00106928105611826,0.00139958432296116,0.00473737710909163,0.00356692048490548,0.00401907230313247,0.00222080181604236,0.0010355428789295,0.00106002375071174,0.00109878231025008,0.00438565752698307,0.000949153282932756,0.00144405310442444,0.00111902782532639,0.00105580591092227,0.00766246853746121,0.000822640444633557,0.00779505703053848,0.00107648026814037,0.00187838415005248,0.00122715486763572,0.0020376320292813,0.00101548634698778,0.00209872972582516,0.00115490190230244,0.00720789825579418,0.00528459828733842,0.00425120629111204,0.0169094882038016,0.00275333150024539,0.00165707817451732,0.00368047603714203,0.000914022345822609,0.00203663429787877,0.00151111433481841,0.00311065720582959,0.00173130042516374,0.00111220093130064,0.00115397633406702,0.0093083552633197,0.00111521244703016,0.00344228161454745,0.00820686882282692,0.00133420394591463,0.00104205510081806,0.00483183587612355,0.00507633008972712,0.00730107509940318,0.00425840048095432,0.00328989853121433,0.00447286511197238,0.00467948676826773,0.00199435448819104,0.00125017486023423,0.00280375700114463,0.00142704102500111,0.00170260477471763,0.00103037585572977,0.000910654912419246,0.00102162818548051,0.00372156603038882,0.00484390610857522,0.00259911754124494,0.00123873159722306,0.00119465684626373,0.00111177392552089,0.00191477855646605,0.00149658233279368,0.00570592727044117,0.00489186336036956,0.00124087503873637,0.00228398153372801,0.00120742686276783,0.000993698058204414,0.00408838860543144,0.000953317089430598,0.000885811412467768,0.00458516080105158,0.00144137820394063,0.00414150384955418,0.00159054372121604,0.00133393137251903,0.00333905452431372
"SG0002",0.00450758043993161,0.00204335096860667,0.00223582374088634,0.00110745805946928,0.00432781793755483,0.00114071256548341,0.000985684810482055,0.00103064015606043,0.00282390425097382,0.00107063454270764,0.000980000584697522,0.00101924900951267,0.00104559372431688,0.00396854389675216,0.00224078642259944,0.00104706558522859,0.00102554110504699,0.00259822840288598,0.0035894435701792,0.00189416683977957,0.00225110222716562,0.0012054838871888,0.00106244928960306,0.00620443488667368,0.00715427013747019,0.00094469866489022,0.00193372642131962,0.000997358252924299,0.00573159872193668,0.00101864766034015,0.00102305141868089,0.000936015071318555,0.00124638230934667,0.00337488944828582,0.00331527647255317,0.00214034278713448,0.00107562475131638,0.000983320428940121,0.00153430638716928,0.0010465838392897,0.00510740222361436,0.00218283088718601,0.0026334680706038,0.00102289078342628,0.00111129089480098,0.00210933292484508,0.00233536021915718,0.0057118818769494,0.00167880578694622,0.00115985937791188,0.00450306929652275,0.00205478897659819,0.00232675537840439,0.00328786649989386,0.00217664573966033,0.00464487574332907,0.00381454894045138,0.00414233715616299,0.00411905998305082,0.00201593541211922,0.00365426252762934,0.00316575283572198,0.00191519345637045,0.00336154310761362,0.00225089498805952,0.00246928028148889,0.00364747863337248,0.00111057337143034,0.00112526088963024,0.00200848217061691,0.00473460771325626,0.00576874692519697,0.00205536583264574,0.00119944263700981,0.00190518595887491,0.00123126094288214,0.00107772748221918,0.00141488608873856,0.00359721791804649,0.00105203619916687,0.00331180741745612,0.000935991475499895,0.000986797296243131,0.00118415381307356,0.00201876193058366,0.00226848237221733,0.00385104372266929,0.00366706313772985,0.5,0.00106498023838934,0.00218201079890957,0.00109365891855139,0.00114793987820948,0.000972490846221852,0.00252448436891385,0.00212341265274369,0.00180505926313361,0.00215921639685733,0.00559378012600306,0.00336246282682173,0.00631844371726191,0.00111183284281974,0.00105061602204043,0.00209611044961147,0.00106399223572123,0.00312954720458168,0.00352915136695444,0.00527690424198487,0.00209035130741118,0.00378669636933819,0.00196830354362547,0.00171193070162023,0.00136115270464493,0.00106712810507885,0.00111927750327051,0.00220132134314916,0.00341771992111251,0.00107692177853407,0.000993195896061,0.000954137329144622,0.000954358547834217,0.0010563217754933,0.000936195507467639,0.00367505979369214,0.000903867855847354,0.00490309642379609,0.00224187441690388,0.00205710303837599,0.000909373054461853,0.00124564905291211,0.00599054518800988,0.00256961446408061,0.001996996236619,0.00485430096896782,0.00114960127523325,0.0020647862283798,0.000950026128829136,0.00130994904910125,0.00124246716062502,0.00524312309890234,0.00121044850744206,0.00103272417798547,0.00198559991670198,0.00183645664239825,0.00217201024280256,0.00100859617110113,0.0012865497673617,0.00215516185055893,0.00116677519729629,0.00105208859424127,0.00106074377483402,0.00250368875331089,0.00116970275198546,0.00506061732182884,0.00657545313736995,0.00105676684609886,0.00240689898102136,0.000953608824003519,0.0010367695602452,0.00411327412858357,0.00338189552822339,0.0011551220800251,0.00471296578876815,0.0023453325563338,0.00354070254563719,0.00144121524703944,0.000949937678856361,0.00103777956206355,0.00193944524186045,0.00102288980028905,0.00457711552276,0.00228384530308806,0.00204099081365963,0.00109320430332201,0.00101926262792258,0.00393879158608428,0.00406519954931057,0.00427785634844045,0.00104454212211538,0.00127150887136842,0.00211115586222991,0.00371772399523711,0.00316116729896487,0.00211517511907143,0.00153074148711058,0.00108743823686833,0.00192445409216103,0.00201243661597624,0.0013222566413469,0.000994014468164328,0.00168253299576016,0.00109415124485613,0.00224009100607364,0.001035502762322,0.00674663355967917,0.00123530390334541,0.00195773854648604,0.00506930319377841,0.00607390214643199,0.00251888006167447,0.00190074911165658,0.00469046981811003,0.00127359899253804,0.00115056188561987,0.000937664848545244,0.00810864624502647,0.00108987711561149,0.00115161344458431,0.00116449273470345,0.00188653080097527,0.000943959542598794,0.00225357564802089,0.00101895438906974,0.00208282524838507,0.00198464071798379,0.00214910662259553,0.0020814866261189
"SG0003",0.00184253521751019,0.00119926537860306,0.00128140395377914,0.00202141782858274,0.00145055947271793,0.00126220860495465,0.006931960857642,0.00243659126183246,0.00600404884583961,0.00108989927449436,0.00600679031749792,0.00107405751292299,0.00115115136490435,0.000988250155108377,0.00102790303701359,0.00164730114750606,0.00109730119935868,0.000919621945373084,0.000985519457989496,0.000876652738111658,0.00100563542770136,0.000890813273087519,0.00124836497088942,0.00213264151225841,0.00102131035406064,0.00484021634437536,0.00808476821415592,0.00479988383931079,0.000900241890019745,0.0011192871590371,0.00115296238025982,0.0055486743363849,0.0010310785388182,0.000997685183676622,0.00166749798825175,0.000933380695978835,0.0055052257449938,0.0063168272392039,0.0040838650286326,0.00673567092786223,0.00127478821600059,0.00125150580710674,0.00113474317754129,0.00103633313628361,0.00121288141927782,0.00100181745219318,0.0010306127380296,0.00118045378585573,0.00131252968579277,0.00152446966932301,0.00124675569617508,0.00101634000309159,0.00115003213372827,0.0018443774413324,0.00123565432283623,0.00290143454726777,0.00119392839076433,0.00214475245920117,0.00470098336275864,0.00110445317664638,0.00188016315726755,0.00349356896724523,0.00431730164656659,0.00139413277217914,0.00101742753524575,0.00360757075785173,0.00126257327215491,0.00220590258152051,0.0011589685699279,0.00133538160292473,0.0034190504099642,0.00123970465357005,0.00110073917144785,0.00370866901511358,0.00084011577935972,0.00126823215998856,0.000980010552816796,0.00153426661715313,0.00108496949645048,0.00601737928989267,0.000940856480690068,0.000999555414732756,0.00103645848583293,0.00103764104416607,0.00945126048757011,0.00115197147650271,0.00111168375998768,0.00139102982443101,0.00106498023838934,0.5,0.00877087108882143,0.00484408656883777,0.00441712712946549,0.0011588286009597,0.00104763957875351,0.00106077224397071,0.00183854337390748,0.00100563880919403,0.001077356147444,0.00130205913376611,0.00370979578342772,0.00124726963915011,0.00101925997702275,0.00191345951278259,0.00109798282810553,0.00379809197083471,0.00114043694897184,0.00374118037811165,0.00182390229531518,0.00165930947728513,0.00645371381248633,0.00184905081965664,0.00122770464476957,0.00124396270529394,0.00412959525067404,0.000973774723772815,0.00163594548918509,0.00161228445099293,0.000891021872219818,0.00316157078841676,0.00354636445147833,0.00585790547037245,0.00111973964695487,0.00085565252237637,0.00109465553777941,0.00192320137766174,0.00388724088534752,0.0073812730300159,0.00167622535578801,0.0021626233379502,0.00136692473833711,0.00128774342149484,0.00295790028920834,0.00599873308941146,0.000868565727812833,0.00112488349833549,0.00487842164420854,0.00185428103538314,0.00191496013965887,0.00106038837607404,0.00115645900118873,0.003920536391119,0.000979282691418068,0.00101331771857077,0.00113587373417149,0.000906917347217198,0.00447877065043072,0.0045206480686128,0.000917163369834006,0.000954485988575109,0.00378386801298912,0.00117227818495729,0.000930769951847642,0.00187097980058846,0.00439678491483881,0.00162613531823719,0.00169201252809456,0.00527613743263672,0.00568601768341413,0.00137397301964751,0.00215151506250225,0.00480195964138813,0.00122917472371822,0.00119099660324004,0.00103109731528248,0.00567465057016462,0.000846936595893758,0.00153325763559642,0.00123745012911986,0.000928609649409207,0.0013166645756441,0.00142946787095444,0.00121174155123998,0.00224625459713782,0.00589098136721088,0.000871489362522768,0.00185370147665975,0.00122635596889632,0.00376515312620992,0.00446786539638711,0.00144763122446368,0.00137551479037686,0.00164552272951251,0.000842473276274434,0.0011467855332674,0.00187960493959361,0.00140401678110162,0.00791787559404034,0.00248123366011555,0.00372331279246738,0.00123854648426855,0.000975894742912964,0.00117024385856496,0.00105486880155609,0.0012427607692548,0.00415974845404142,0.00498420224640278,0.00110264602882726,0.00106210928125554,0.0010261555184953,0.00108380466910584,0.00117699234507381,0.00416618505216221,0.00490920174389055,0.00109899220505678,0.00098927961503815,0.00531249994211361,0.000886704131473688,0.00116263039545584,0.00087796654116935,0.00097152489560023,0.00115060743279801,0.00904817240689077,0.00434200452923911,0.00143270448489714,0.00135199790509717,0.000922517521844351
"SG0004",0.00116449773617999,0.00232778756643509,0.00365964274737227,0.0038671900691422,0.00142127124354483,0.00128096566174355,0.00588725727378134,0.00111224574214544,0.00662740273198724,0.000992994451522047,0.00612584237660853,0.00091714492654896,0.000972912875365795,0.00092104420724247,0.000935454089794406,0.000903456954321758,0.00101667375183229,0.00316507376577042,0.002219297144957,0.00100388297964565,0.00126105856466091,0.00101312385433926,0.00121582014395678,0.00469771820460145,0.00117064635149761,0.00486623693941187,0.00707933050558343,0.00557958199700694,0.00232250374843587,0.00106441287055111,0.0010034320708057,0.00517681469021794,0.000967475942464666,0.000889389328726517,0.00100868240650961,0.00083572039972949,0.00517443717578122,0.0059484338952711,0.00222793053936556,0.00590108840625242,0.00147586119657319,0.00260062256338244,0.0015984884968522,0.00100902363492314,0.00122679576261453,0.00114234217134451,0.00134391238756451,0.00129981467103472,0.00120918965310585,0.0013754507589055,0.0012253489778222,0.0021295013292913,0.00136783564115949,0.00307165220966636,0.00252554299206564,0.00136155953379215,0.00119854293230532,0.00159378522179346,0.00579735126194855,0.00120492134061559,0.00113994919128661,0.00344652639289869,0.00138350524562281,0.00122703893899154,0.000928224897505213,0.00228252955678395,0.00113446925047652,0.0013333249511161,0.00123470895328361,0.00131534872540187,0.00126395046923579,0.00552747578871408,0.00120739759691531,0.00126262559846195,0.000732138068609931,0.00127735496384771,0.000868870288942497,0.00126628249218322,0.00113404600251027,0.00597471182701169,0.000851979404714366,0.000890119719573563,0.000909928290870722,0.000964270049396813,0.00693686003541854,0.0022977075731022,0.00635464833643311,0.00156912069277697,0.00218201079890957,0.00877087108882143,0.5,0.0049143947795714,0.00525815834696243,0.000804866103158279,0.00100093410276301,0.00114710247166802,0.00119009508040969,0.00125221912556156,0.00122696829049166,0.00132680331192525,0.00132799003093167,0.00224427660453401,0.000912619742233723,0.00324067941997533,0.000936422809297794,0.00335482993591871,0.00245047387313571,0.00125560636006379,0.00200249192817065,0.00164193521077601,0.00740683219096951,0.00109650580848005,0.00140900148911225,0.00208803515953781,0.00118452095150819,0.000876511950116178,0.000948730242119564,0.000885376644006281,0.000760603823586606,0.000985200118162624,0.00101836648765772,0.00474266600262919,0.00110613685641233,0.000802355784446459,0.0008529508534463,0.00223249832724671,0.00519635720236996,0.00584210594329451,0.0030587454591059,0.00212980855484535,0.00134412308238711,0.002051874284177,0.0011955801093136,0.00136967762893488,0.0019031415843899,0.00285616223482016,0.00492556966412681,0.00341560701869948,0.00131852337140756,0.00352514328014051,0.00118493817706104,0.00113150142757751,0.00111768812331027,0.00206925342469303,0.00132116913258786,0.000784134446917143,0.00128995432811267,0.00133450896815507,0.00112444203643114,0.00102974726681718,0.00117278135240544,0.00135424372899037,0.00208588034847707,0.00129583905529751,0.00241956707170218,0.00169911246520801,0.00228984453361399,0.00650009971352924,0.00523917524783504,0.00133550588200408,0.00138325003355194,0.00442130993955747,0.00472208782050146,0.00436748640404911,0.00108973141102677,0.00652343953229089,0.000750345924571389,0.00106921922169718,0.00126267383313666,0.000984140977723591,0.00223616622365365,0.00252197315280504,0.00126125561085299,0.00117213095509054,0.00537759186437581,0.00183872336782385,0.00128891649752215,0.00225640372057532,0.00211514248731425,0.00148691313908437,0.00356325120896083,0.00134815785195614,0.00170943163501046,0.00100689844856688,0.00229478909972076,0.00181813874202479,0.00133242454596339,0.00612491283216902,0.00118086639580728,0.00104287842286985,0.00342653670414886,0.00113114011162331,0.00241207936099696,0.00204830908854611,0.00289274933543351,0.00151234061684678,0.00607917760773728,0.00125176320742603,0.00247806340219903,0.00152573740820634,0.00320704704608232,0.00260603953372274,0.00213084352993017,0.00499623683216684,0.00115042630427374,0.00110924362818996,0.00593742008480146,0.000997944924995229,0.00120855479916171,0.00100497936941327,0.000907888388187538,0.00132876498844914,0.00622822632744536,0.00564875641424649,0.00333418709921549,0.00131340408230189,0.00221296583319249
"SG0006",0.000933231660769075,0.00209704004110546,0.00130119246366078,0.00222837040327101,0.00627138727227049,0.00559255169368156,0.00748476940046302,0.000999811621754195,0.00580481877582508,0.000850316783266305,0.00489385683569018,0.00082050320594112,0.000819489415470452,0.000765163711478444,0.000762791252167343,0.00250119245584173,0.000916482914774865,0.00119086265397019,0.00113994079786179,0.000886832767324651,0.000931391859888728,0.000916585876167103,0.00801546249294483,0.00126377747318235,0.00102555799643598,0.00445582836841473,0.00695044421450571,0.00425090137989768,0.00115261520080674,0.0019823222930501,0.000851643066619608,0.00311235096855745,0.000798219291486958,0.000725078954885991,0.000827166494662134,0.000710756186551,0.00380600556675706,0.00698090533185743,0.00116051496867359,0.00771699185362898,0.00127206236157419,0.00109947860432616,0.00132668242547732,0.000891961116741597,0.00645005291478576,0.000955593767833238,0.00112922292502248,0.00314690801560499,0.00226946676400363,0.00119167846478133,0.00129057155450422,0.000968567864658312,0.00308484820107837,0.0038560762752605,0.00110274988653599,0.00123892272268885,0.000981101617646021,0.00139349158194743,0.00411100844194326,0.00290501970815446,0.0025490853132008,0.00138546032180327,0.00131831479342606,0.00878393820397675,0.000767627326233621,0.00117315190923489,0.00307633897195249,0.00129172575138169,0.00685143565323529,0.00541769553716362,0.00121299204345449,0.00126392042524634,0.00121080532697178,0.00539464269759252,0.000651126210341601,0.00142055331609815,0.000757157903913063,0.00149516468889036,0.000956436067094564,0.00451514326850819,0.000708411053785061,0.000862858109807945,0.000826903308951029,0.000884048055464925,0.0043662942386636,0.00330656609255311,0.0011454661906076,0.00311216056840859,0.00109365891855139,0.00484408656883777,0.0049143947795714,0.5,0.00398743643201003,0.00109750213324436,0.000812946055082444,0.00197921882557673,0.00135955285632339,0.000941768682140943,0.00117936070382789,0.00139771028206501,0.0011910316962433,0.00101911228662831,0.000805719001376615,0.0045311571782838,0.000790468107555742,0.00316529350564664,0.00134760233057442,0.00114624074924997,0.0013551833984772,0.00242682702323033,0.00469351361737796,0.00141773287068647,0.00622416804430467,0.00296001510673966,0.000990419748391104,0.000688876932086963,0.000773810382211242,0.000720091876768683,0.000699871015619643,0.000938699517342733,0.000856893776624589,0.00407747608892273,0.00101830684995104,0.000664384255057464,0.000898093113555248,0.00146162634021036,0.00328982235430248,0.00421615562713573,0.00176322688766734,0.00800408995753047,0.00289144672200118,0.0107642301260002,0.000960658475700736,0.00315492606110009,0.000812581273302639,0.00102293042434712,0.00606573016502194,0.00305101800922206,0.00232627694474211,0.00111362355080643,0.0028969064425266,0.000974903884133558,0.00290152891089307,0.0025771977353179,0.00295253202943776,0.000718778093999212,0.00213771831283143,0.0013190650645211,0.000897498049100478,0.00347136738929666,0.00102619530687069,0.00587692602962719,0.000843429609745696,0.00587198740399288,0.00127984865066012,0.000948829439482581,0.00189981479874005,0.004660666235693,0.00280393141858929,0.00121158055085881,0.0020243830549182,0.00392122265518572,0.00362943452288451,0.00125127616254927,0.000929276598668419,0.00291351349284311,0.000698860381290041,0.000887960192936121,0.00131772171084381,0.000830315045958699,0.00310674184790057,0.00321049144329504,0.00123087967456894,0.00250651868496905,0.0038990315507632,0.000747244184760918,0.00406607690366092,0.00133071179549594,0.000912424239261658,0.00136864536883417,0.00159675708130583,0.00121617639324595,0.00329268116569681,0.000750362127691457,0.00100050764161016,0.00467271658488901,0.00333751632377069,0.00439128843132869,0.00529903288219205,0.000971130859756869,0.00137509870830163,0.00102332789092784,0.0010832197226226,0.000952500451203875,0.0011126212216604,0.00137349968908579,0.00621689732837358,0.00108244339690274,0.00122568583120101,0.00553075654216371,0.000935602584764968,0.00131085064776482,0.00339918515068557,0.00434135842115757,0.000966995918168789,0.000992491690649177,0.00554254730218592,0.000871607206239867,0.00137675032883879,0.000855427715054932,0.00169337493914195,0.00119993194840946,0.00581758676809762,0.00393859845096749,0.00571078207871398,0.00140756442925842,0.000880372003690837
"SG0007",0.00128469063059433,0.00102190345289849,0.00215917452651716,0.00131895301723729,0.00125767607216448,0.00359663180393743,0.00486168238481144,0.000882391848124494,0.00278970489847922,0.000956531097847087,0.00645215270328454,0.000978119716754844,0.00102529866653005,0.00106322946618577,0.0030285985626868,0.000986065013814799,0.00102623608213306,0.000858442716487659,0.00101242584240911,0.00160109331930314,0.0020759565578885,0.00162826075208974,0.00104079416718634,0.00109474485196673,0.00157510704813476,0.00426789179360512,0.00393367722689083,0.00615572958625941,0.000879505562245734,0.000949477341698824,0.00098687676988474,0.0024416774584783,0.000988569665126811,0.00151417149560786,0.00537833626461992,0.000946798589184259,0.00254608418695924,0.00595969856411755,0.000940693291090016,0.00403719820525365,0.00322852870880164,0.00340558419676887,0.00326687703918245,0.000916840041530171,0.00129777941450801,0.00103354247939356,0.00115601697693824,0.00102574848631603,0.00124381130472999,0.00125200078923152,0.00121768656926109,0.00291706984737088,0.00105602531500909,0.00411236359077592,0.0012138163428823,0.00136864733167029,0.0113093272135619,0.008721976462191,0.0043971511742253,0.000926551120305441,0.0012098771016594,0.00122356147040076,0.00121838006609941,0.00119731010203277,0.00417018547615858,0.000929485156347927,0.00133989667702941,0.00331998174671678,0.00289772814063279,0.00131888426442149,0.00305137257472271,0.00639259775321799,0.00200887110501586,0.00105580096850654,0.000752250204328805,0.00447821692310041,0.000879102673224579,0.00150751127206403,0.00102965313752451,0.00623466531840872,0.000938970843873456,0.000881626835679701,0.000918612709133862,0.00094641982159134,0.00420442504360036,0.00098824128751823,0.00108718602838664,0.00249685457507803,0.00114793987820948,0.00441712712946549,0.00525815834696243,0.00398743643201003,0.5,0.000804117096768157,0.00278749552626134,0.000929107125573395,0.00300533501589101,0.0028011778526282,0.0010693955326637,0.00125727563091902,0.000949794997791105,0.00213829440804157,0.000936728041148465,0.00299038950590721,0.000975590390582233,0.00116255153267986,0.00126507648253913,0.0022128393862506,0.00675775563081267,0.00386200608727175,0.0043542677632454,0.00625793248598656,0.00293220410417511,0.0031950506373373,0.000996823744068756,0.00155923142518699,0.00299021012879813,0.00258639812930171,0.000896008553604465,0.000891582617891133,0.000892494435871054,0.0042121905162438,0.00110182133020112,0.000993248267746471,0.000735231491827352,0.00871353051524936,0.00463699971775533,0.00415353414389628,0.00115052139311214,0.00508229459980361,0.00115129821688655,0.00126285335559484,0.00171652737971729,0.00107828920150053,0.000937087441992766,0.00186494085584675,0.00406457310391274,0.00768903662627798,0.001155600919774,0.00115366341646079,0.00112446667075005,0.000920841283092188,0.000994557357146618,0.0008991377292552,0.00109324489898013,0.000904492326604172,0.00119773747950028,0.00113334627749715,0.000916257530847026,0.00208860867176049,0.00100242328408149,0.00119256738518262,0.000927998010051243,0.00110052200189009,0.00102853445676146,0.00990215663011177,0.000856625860575738,0.00644640179713438,0.00255563406057838,0.00255011720409234,0.00324848262379591,0.00902292592842155,0.00119537365967428,0.00338649396184618,0.0031229197626033,0.00265246815186197,0.00123396826221996,0.0069713284053369,0.0034427926395573,0.00178419848082636,0.00108420057133227,0.00308260141027968,0.0118309013619368,0.0011076944213319,0.00258013824231699,0.000962430768620456,0.00410206626240634,0.00120591594934246,0.000935513052867377,0.00139457594400197,0.00143600781597564,0.00150578270778942,0.00337871064056585,0.000992265239241621,0.00113600063506276,0.00381000485342934,0.0013727800753882,0.00394967431110181,0.00203982988286972,0.000928505686829909,0.0020552613949457,0.00297144831043533,0.0026697534895019,0.000968142310217262,0.00112067657118908,0.0013953706811122,0.00443723038866973,0.00162337955137984,0.00324349985562221,0.000868655409067742,0.00273215626317183,0.00297291886308352,0.00117408694072244,0.00541180780848082,0.00187280227289183,0.000998066877446563,0.00235957139974157,0.00094319741251517,0.00098597898120905,0.000931173485398797,0.000746369380319431,0.00119922060824186,0.0046296032870297,0.00585426455574992,0.00137661497839208,0.00138540543511071,0.00111295952061863
"DU0069",0.00138751556001759,0.00101423288199103,0.000681426577100663,0.000907409697512906,0.000608152669238935,0.000766079628462985,0.00120338533378623,0.00103554770729331,0.000800639583477416,0.00400078186206297,0.000788436342380362,0.00491543319049051,0.00605255419231681,0.00174884993793555,0.00567402039187698,0.112869503487491,0.00407078862048426,0.00531533289868147,0.000692675737391143,0.000916367855163167,0.000819974350964151,0.000936092552544266,0.00171603882663297,0.000657401597390042,0.00304784863540763,0.00283021873236443,0.000748890387507168,0.00072759698202449,0.00333378483237505,0.0031348541885022,0.0055896181747336,0.00313601464802185,0.00407509550151363,0.00656196017993291,0.00453045448861562,0.00495755897129589,0.00300912058761003,0.000745569317238807,0.000635834304368631,0.000958378713818704,0.000674886922305564,0.00078156230693651,0.000705276484078186,0.000975348051771102,0.000774717302860655,0.000802764063552224,0.000646210152935172,0.000686138895701803,0.000977518427372325,0.000967335713770683,0.000789201994515778,0.000721455387303747,0.00108642651693147,0.000766059014618299,0.00086338194839653,0.00136043683185468,0.00119657687419469,0.00160153618448417,0.00092406341251692,0.000962058502050779,0.00165618899320773,0.000547051531915549,0.000595393048302318,0.00056569321189417,0.00433008329469486,0.000648068371382263,0.00181458207662237,0.00125187229151569,0.000722703377139868,0.000714722027232837,0.00269465727099772,0.000897160338122289,0.000550678792939242,0.00225724774375541,0.0053216901001509,0.00120095455367834,0.00603758971712354,0.00114286297454921,0.00402358198542902,0.00454919215969735,0.0060737482404562,0.00507422655891519,0.00490063183928981,0.00417456173467729,0.000682659419000565,0.000864988549047158,0.00249489760889653,0.000823947713862794,0.000972490846221852,0.0011588286009597,0.000804866103158279,0.00109750213324436,0.000804117096768157,0.5,0.00568189797991953,0.000935163961611192,0.000740604437474704,0.000768790961279762,0.000607595686536787,0.00055497255546518,0.000619863114918841,0.000853281454452296,0.00627855767466221,0.000552747174358148,0.00496737036158027,0.000535720048688687,0.000624598047084192,0.00256793815030558,0.00108115895828103,0.00198536141133639,0.00144320706717953,0.00142747482224256,0.000600744090475654,0.000811700027967314,0.00155845857036059,0.00629821427207166,0.00517016916231787,0.00574073875798917,0.00556272440126788,0.00308888019259493,0.0028714414245134,0.00491129201400519,0.000844025919111342,0.00335278808666836,0.00338754359894658,0.00116584217295449,0.000750810340049126,0.000675213821419136,0.000827842779144927,0.00094291867379035,0.00298182148853195,0.000617372252171216,0.000877847671060851,0.000658866797022686,0.000799517291270841,0.000818634258731279,0.000899103986194646,0.000700649118512135,0.00229697599516209,0.00101163832229452,0.00187600787714587,0.000813573141531794,0.000796272142811278,0.00091228812281552,0.000877992291023868,0.00641247020449992,0.000626436272864379,0.00146457788666307,0.000892580870747192,0.000769315570335931,0.00218130910250849,0.00114889353897149,0.000878602542543559,0.000849976811935927,0.000671235306016926,0.000895270698359495,0.00174940656685388,0.000853974606647163,0.00560391696835178,0.00317300099073315,0.00426514551265691,0.00128873938638341,0.000597429864643891,0.000608486639935072,0.00489602461101022,0.000986086078197913,0.00553733086590419,0.0013829381959919,0.000645422917467889,0.00281849899648905,0.00074587534807372,0.000521888013654698,0.000701326668549857,0.000761088119029196,0.00661423963948939,0.00100909011768749,0.00150111465205436,0.000578174868473528,0.000905066820134675,0.000842778398170473,0.000873561814646947,0.0013218730109433,0.00111363098545869,0.000834158548366753,0.000838382279878232,0.000890868185911278,0.000574012922112651,0.000702272120595445,0.000628447423514638,0.00178275327793375,0.000670588553777494,0.000764929262481027,0.00113645068963016,0.000949724967053678,0.000728929549482705,0.000720943021160746,0.000741905628664169,0.00340651524044291,0.000652070154129395,0.00212098753505916,0.000783580003290662,0.000653308084407455,0.000684049749771754,0.00246735743028164,0.00083492236917573,0.00261033742746683,0.00097779700713821,0.000859834546598691,0.00106413989046281,0.000811772706806497,0.00197994166898764,0.000757285181739519,0.000868185991255525,0.000677399385792959,0.00153047630085955,0.000650436787085586,0.000884503850749138
"DU0068",0.00372280964699933,0.00193580151968053,0.00100738150767865,0.00210552961648308,0.00096221890517144,0.00261190370363272,0.00093086975278539,0.000841684167137866,0.000939938517106353,0.00243888663754647,0.000950894609817371,0.00363419065388752,0.00600502544943156,0.00379156526447258,0.00751621153013216,0.00620094712239828,0.00242123978585194,0.000915713936351546,0.00109083446076435,0.000927561334751149,0.00207151378936701,0.00094517447513972,0.00167810835054554,0.00352560803429864,0.00559608398380771,0.00109136680510594,0.000847072808381479,0.00094866398496219,0.00110366679097066,0.00215848504165046,0.00469961163181831,0.00316412931612828,0.005526148951686,0.0075574050130261,0.00453712233468542,0.00378247253046209,0.00326945207572416,0.000903269117241766,0.000967192185047538,0.00100077850505955,0.00115221283993478,0.00202290309408966,0.00112694679331209,0.000972831680858122,0.00179198118105013,0.00193056834746643,0.00104794166147187,0.00101495359483063,0.0020698827791261,0.00218947996260608,0.00109088330875681,0.00188654927763953,0.00229013606538111,0.0011202081941753,0.0021214633511921,0.00159277516462053,0.00532052792820262,0.00361251821077401,0.00126713829068439,0.00182504236322169,0.0035953021471866,0.000855834917667937,0.0018756852927035,0.000792945001329579,0.00486399116101068,0.001001885726847,0.00203677591336961,0.00215077317408842,0.00174889799445683,0.000903485056920714,0.00343807468678055,0.00345031703439542,0.000905708916737149,0.00181835734918035,0.00318944985259915,0.00327447011528025,0.00261533687246059,0.00117566612033887,0.00464388353200556,0.00373832884098167,0.00271243660061879,0.00233332903559248,0.0024279282452111,0.00269109467683062,0.000855771774706103,0.00196485788450856,0.0026314097945417,0.00128791319032853,0.00252448436891385,0.00104763957875351,0.00100093410276301,0.000812946055082444,0.00278749552626134,0.00568189797991953,0.5,0.00191552629558718,0.00280821081580775,0.00196258920619133,0.000971135004375277,0.000874382638849008,0.00100615701553661,0.00210255683749597,0.00267579429586306,0.000831746492410121,0.00376098704903105,0.000836394714321632,0.000999014343124179,0.0030753458587971,0.00194999629425084,0.00154414754503268,0.00101069011027764,0.00222109956869089,0.000930860555217733,0.00203302254887877,0.00215529674490471,0.00484226461808655,0.0060946892619689,0.00600747045499427,0.00581768384151845,0.00418269515225293,0.00422864730580299,0.00243179091541951,0.00307540703431954,0.00647970696546395,0.00104228928311525,0.00208361910327182,0.00103476563013269,0.000927761596393191,0.00298221432410435,0.00213692243195442,0.00382079360485913,0.000901254938077439,0.00309032422557644,0.000959406034652923,0.00302673516234033,0.00312505234396091,0.000883265501605637,0.00113703278342142,0.00118531077602457,0.00269472812075525,0.00105250047221096,0.00284143330603985,0.00299260565556124,0.00294700714872849,0.00103591553575732,0.00811151415708797,0.000821173528483175,0.000987726226963707,0.0032194309471415,0.00270455497415802,0.00108779535013882,0.0010148593676088,0.00323443191448508,0.00106112292220989,0.00105800537060114,0.00384810397050519,0.000770818374316628,0.000962290543092512,0.00396804979938451,0.00465978753090728,0.00161364523837381,0.00203725887169315,0.001038670572289,0.00101961961898972,0.00644220561189551,0.00131981734090576,0.00525533221484169,0.00406370518183825,0.000946915458898708,0.00328727608712862,0.000903789394171013,0.000871547339656637,0.00187303810696971,0.00285522166575867,0.00176896387941102,0.00327409942523825,0.00246417222927139,0.000917507292665146,0.00305818911566849,0.00104454669104211,0.0010127839142469,0.00254808136733554,0.00105125137069213,0.00311126767591764,0.0024004602851754,0.000991912067719814,0.000882621137230314,0.000875717701724299,0.000840043299703501,0.00302759994336671,0.00111545818111349,0.00297548520449837,0.000877192248043143,0.000951096038126286,0.00123825866112561,0.000987919116689965,0.00083151675762881,0.00369345822258537,0.0011575157561496,0.000770496584658082,0.00307689786776362,0.00116273217603195,0.000968642415704094,0.00124334537260848,0.00310266612002251,0.00261383333331379,0.000962556581552763,0.00305609573379612,0.00105380266515823,0.00291631069723164,0.0010112330988261,0.00111132201548066,0.00203586196559253,0.000954629568467999,0.000895238544152033,0.000905586640227975,0.00324331499836412
"DU0039",0.00202388069070915,0.00475740738104334,0.00117269091458945,0.00197402545411685,0.000970648876137466,0.0016720964071206,0.000983507542553326,0.0011271827796137,0.00209165159955581,0.00201846505128996,0.00105357898716535,0.00194361493327203,0.00194714072297078,0.00186597190021508,0.00181635237249807,0.00089730603905679,0.00205869846147975,0.00310061445823665,0.00308539117266753,0.00300041479793656,0.00413887085638748,0.00316367530141302,0.00391873148754247,0.00321692886936682,0.00106871324932638,0.00364347677944524,0.00111045956913177,0.000999157312633221,0.00157620022824593,0.00233721158863499,0.00209684928226031,0.00362989148589234,0.00198079001070036,0.00184931649697601,0.00180079373443398,0.00186839853074372,0.00123849963712862,0.00097279536459896,0.00293973746111659,0.00110351357031689,0.00113912945242199,0.00208808514239924,0.00236727492608011,0.00131160233938881,0.00184546211059169,0.00395782441552504,0.00317997813665375,0.00471129091811999,0.00359515358160891,0.00215816841906561,0.00110099409290628,0.00386810641207817,0.00352359597597227,0.00230010490037613,0.00206952054593257,0.00114823605023303,0.00171550647156791,0.00106068963373052,0.00289691076713631,0.00639665543930159,0.00198264837060244,0.00109678278505462,0.00103425060970657,0.00214664405694139,0.00188271967630995,0.00302669027230787,0.00364223928301361,0.00192329685940452,0.00179870901216237,0.00105995414396886,0.00121355717319685,0.00110822842761498,0.00289142171057655,0.00179554661082695,0.00128923014497175,0.00397893099464594,0.00294816556358755,0.00393701049186471,0.00111247345589876,0.00101408468200707,0.00192640723357293,0.00205586318092971,0.00298568270409916,0.00210247873541919,0.00100461060536534,0.00457435146964169,0.00237120999659624,0.00119418569423488,0.00212341265274369,0.00106077224397071,0.00114710247166802,0.00197921882557673,0.000929107125573395,0.000935163961611192,0.00191552629558718,0.5,0.00102745698307539,0.00397681391312204,0.00303987007474361,0.00106537638525734,0.0028958568971964,0.00201534185029441,0.00314630585372424,0.000947973323164064,0.00194667918038835,0.00287535869100698,0.00212145372207449,0.00103564022793892,0.000911007430461634,0.00120149494454193,0.00104821200742458,0.00250690807164961,0.00105753433759368,0.00195680337898668,0.00193472424887708,0.00186931397068425,0.00179928572676216,0.00176755767410699,0.00289285950813172,0.00501930694187046,0.00285522299833524,0.00102308995940177,0.00375528250478413,0.00272433071569336,0.00216353476924937,0.0010161333190629,0.00220465216655969,0.00199265784343124,0.00270298236444987,0.00115059692872421,0.00106207967971983,0.00105273874832726,0.00482133411583672,0.00102267242835039,0.00392640456278623,0.00390336903167616,0.00353394940534874,0.00106707496983835,0.00392889106321801,0.00131777290245753,0.00370806708144044,0.00269250900116681,0.00477149211796146,0.00527927378384582,0.00478379079693068,0.00281566467195408,0.00137813985045118,0.00100564606715901,0.00320027441904785,0.00256632056251245,0.00126665215144703,0.00299629350464775,0.00317858752094735,0.00357573645523681,0.00120306326486474,0.00270352207700596,0.0031242012394858,0.00109229923263701,0.0011394907933912,0.00119938234155084,0.00111810026067802,0.000964218379882152,0.00110656500194002,0.00223723814569254,0.00105389518216374,0.0023353407178374,0.00370540223319279,0.00278722311306413,0.00105400727082703,0.00288067079698315,0.00381387222045503,0.00106546647853839,0.00100768660613651,0.00268713726527766,0.00115452261495435,0.0045656911049366,0.00110473049452863,0.00111456014587174,0.00286431238888625,0.00112260584721676,0.00393081607835904,0.00111552772756574,0.00331066959956654,0.00462164973136976,0.00314614208831747,0.0038148410595534,0.000928386387659901,0.00105498785161468,0.00306966682781597,0.00278871034994064,0.00242290030153712,0.00382990192468657,0.00137865937513241,0.0013025530346982,0.00105123295628599,0.00109777563592508,0.0036318583653603,0.00115337749588359,0.00216919014665906,0.0031253281908538,0.00391599220254781,0.0022240160841315,0.00108933681731623,0.0021357746758853,0.00287279597925869,0.00295513560179171,0.00527606454185726,0.00400524709375624,0.00390544782185394,0.00460951651228068,0.00356233155942913,0.00326244574859316,0.00106291652724774,0.0029522449085455,0.00103367423482048,0.000988068788405477,0.00311993399812635
"CH0038",0.00205661722351272,0.00103610409825747,0.00213224266607709,0.00323007117161679,0.00227826058281486,0.00139504680944797,0.00144153249189163,0.00134515848604266,0.00292228562830927,0.00102245906608099,0.0013236338245972,0.00102115354487423,0.0028584353290615,0.000920190906005039,0.00265338352880023,0.000787191901998978,0.00108575861533778,0.00205274713624671,0.00119176353640686,0.00287682866529851,0.00110694076961416,0.00310266312783872,0.00117169139722097,0.00155690086373237,0.00114385477074571,0.00102228530280313,0.00317805141545456,0.00207644961963512,0.00102819211129017,0.00100458380075028,0.000954421970168806,0.00261513817454338,0.000913827875350214,0.00177089440426681,0.000995168658138938,0.000889438095533581,0.00274631398391456,0.00486873817460332,0.00115893468571125,0.00128842534928087,0.0013568698119484,0.00131785839924443,0.00123187954010509,0.00122526378766553,0.00328386999386469,0.0030873900416936,0.00302302042095565,0.00252055665084325,0.010861926652766,0.0013519554949684,0.0056920201170117,0.0029875670298198,0.00114310102585751,0.00102237666207173,0.00222925503964511,0.00101021990685375,0.0011492701161291,0.00101762546010757,0.000935281016837103,0.00098733468822662,0.00101484432126971,0.00683705442500807,0.00927283132535342,0.00276803540548844,0.000998981789874579,0.00116651499516076,0.00447360421073133,0.00430376174365945,0.00135733584486885,0.00999226760611496,0.00219236311875065,0.00252121156672607,0.009384483827164,0.00135607782159756,0.00173800901930091,0.00106782586963162,0.000873275331838231,0.00104672554105499,0.000917388941437688,0.00103904489521038,0.000879139721562778,0.000902858279032474,0.00171201014323884,0.00106050873394189,0.00124129610177274,0.00104045913884857,0.00109012068769687,0.00109329159162836,0.00180505926313361,0.00183854337390748,0.00119009508040969,0.00135955285632339,0.00300533501589101,0.000740604437474704,0.00280821081580775,0.00102745698307539,0.5,0.00107332221201501,0.00375230207732137,0.00707543274347067,0.00208217827849671,0.00107843429674247,0.000889460822687225,0.00884912550348775,0.000924804736712797,0.0065058141669176,0.00320345495786033,0.00236994150019256,0.00691204444087194,0.00280995664206623,0.00120584049557227,0.00259963611397322,0.00309905991303097,0.0022929880684587,0.00108353084630909,0.00254266589242934,0.000957295752761717,0.000954137159853496,0.00254496450593516,0.000849624798393784,0.00262670424557368,0.000938429688824506,0.00112377670129664,0.00153561080825354,0.00113629149262571,0.00159272508708873,0.0013057376697337,0.00120613542540673,0.00287564519591912,0.00334198653790462,0.00392596049220771,0.00227453588132957,0.000994333565486082,0.00245449627505633,0.000940450425364954,0.00205722208132463,0.00107061058681682,0.00357489103153249,0.00105843446288603,0.000966916167739621,0.00105250738179674,0.00109573685189965,0.0010250160252573,0.000882499236330554,0.000977099539951606,0.00248778144852789,0.0018102673589614,0.00750360998564345,0.00104930004505699,0.00281285575849226,0.00388405025961196,0.00302806555386913,0.00092932917354079,0.00132532698328598,0.00153649794689723,0.00115120678494279,0.00201926964475937,0.00122736214835824,0.00192740673687447,0.000858248088642883,0.000943262071407857,0.00337110232318553,0.00235298330635854,0.00318393146763328,0.000990285665559784,0.00100560069031842,0.00150329102206606,0.00107062111642885,0.00874382096863491,0.0016884787539414,0.00316623897941565,0.0108924555212158,0.00908272887542144,0.00200405749693877,0.000954129363907484,0.000846162075086193,0.00104448134578981,0.00761092019617611,0.00103025466668065,0.00125855996780061,0.00101817186048858,0.00102454092887687,0.00110439628378307,0.00082092123312413,0.000965261872492091,0.00104338296938205,0.00894410009762139,0.00130184029638978,0.00349344516254191,0.00275740019083892,0.00222433388108029,0.00300434353204085,0.00313570645909208,0.00136680652932934,0.0042194397567661,0.00308799060674679,0.00109670196528599,0.00281920807942923,0.00224537455051954,0.00198558498038004,0.000945669337696963,0.00322350895702641,0.00415694589412319,0.00307624017985544,0.001053228171471,0.00178923879185636,0.000989511065475938,0.00286107208980543,0.000979982562409921,0.00269959659245135,0.00111404525667712,0.00118661533001672,0.00307416803328451,0.00198715823409512,0.00826162708260288,0.00676337630088375,0.000970265896170692
"CH0039",0.00221156797205459,0.00194660224353976,0.00109160306830284,0.00208443905618378,0.000918295864760043,0.00172944272376016,0.000993312990423943,0.00113894348861717,0.00414690482416745,0.00194514941616264,0.00220500708057847,0.00192604826287921,0.00189592816182614,0.00193666495560543,0.00181991766677589,0.000778981688516236,0.00195879339202397,0.00352436348570856,0.00316507289682218,0.00303937077134513,0.00710267678281108,0.00321020653486951,0.00163784949979078,0.00318082569083536,0.00110235101800657,0.00090057601458565,0.0011753767908738,0.000987357802559914,0.00443710714490807,0.00184664140904114,0.00193283548872184,0.000968257564050074,0.00209185531921602,0.00185240688367152,0.00184073771560397,0.0018786962338624,0.00124863315814313,0.00295278552964043,0.00283946861694836,0.00213819775922057,0.00346916597526215,0.0048634368604102,0.00349630884487671,0.00325093102344979,0.00295692284565065,0.0041772708292301,0.00327563644387038,0.00217606321713239,0.000938386216204037,0.00312873646194055,0.00346538293515726,0.00628737376461004,0.00228478311495283,0.00236492331328865,0.00230510270249114,0.00112994117739908,0.00194689212291703,0.00109521804392788,0.00296229700915644,0.00380231472505288,0.0021195747594458,0.00111103160074804,0.000995662504674439,0.000877564710941298,0.00187772048086216,0.00291839409392877,0.000893310239004911,0.00204133532578781,0.00411854907400551,0.00106631791033224,0.000965722692352115,0.00232439399419029,0.00307575691526903,0.00178329504285658,0.00110183310172282,0.000930064705638518,0.00184074836689227,0.000902295091832225,0.000935741754720542,0.000923234525162719,0.00186672163633107,0.00185728232682701,0.00183548532102837,0.00214892797135122,0.00110710265776941,0.00318151883747129,0.0023202812194558,0.00315454968755649,0.00215921639685733,0.00100563880919403,0.00125221912556156,0.000941768682140943,0.0028011778526282,0.000768790961279762,0.00196258920619133,0.00397681391312204,0.00107332221201501,0.5,0.003092380184241,0.000970667574849553,0.0028510306684058,0.00504521937236373,0.00191421532102483,0.000942529052601228,0.00191259593060286,0.00291236296804394,0.00212917637671576,0.000960331074545021,0.000942202948938842,0.00347524106368587,0.00103030743470565,0.000926276287691787,0.000999025897122799,0.00466813417429281,0.00196728479097525,0.00182647309362404,0.00182922694802494,0.00176480402819882,0.00282064422713318,0.00281300131629422,0.00284286656851268,0.000890636173310504,0.00290557298335795,0.00275517890480048,0.00104739745140092,0.000975566839505738,0.00341429517784033,0.00197205542907861,0.00276316701975963,0.0020236495529681,0.000970282770275128,0.000984099087930289,0.00495612777153294,0.000927591281393747,0.00693427158115869,0.00411750451748289,0.000929691834677418,0.00100995730614653,0.000970876890629893,0.00137691656691645,0.000876434770819866,0.00270529561385983,0.00582778086906145,0.00283284023947898,0.00205365486253702,0.00278492609527844,0.000817789490716898,0.000945983969783457,0.00343166914898018,0.0026097702740944,0.00126712233388328,0.000982299948091481,0.00628944985136778,0.000934392890351841,0.0011827915782539,0.00522786276265986,0.00346834801252219,0.00342230821527635,0.00102851066115804,0.00103372693453798,0.000908778724490606,0.000946237707539279,0.00107097084242453,0.0044995438536268,0.000922177280312419,0.00473796851427767,0.00265862795484268,0.00548240574030823,0.00330757733892681,0.00574238716854677,0.000964559268186949,0.00116556163683929,0.00129288493619079,0.0027389648567106,0.000999941196538547,0.00392179159453943,0.00103612644697723,0.00107791180715306,0.00298438928740256,0.000987838590866525,0.00104490294196031,0.000972918225707798,0.00312395013751796,0.00706581617464037,0.00315449873527401,0.000938234842636941,0.000900947519593566,0.000982526671690087,0.000780906228541352,0.00281050905013895,0.0023609890091074,0.00592684271203313,0.0036155555129298,0.00124155988291008,0.00298896938898341,0.000994407184902405,0.00100530725865373,0.00117093754058595,0.0048302539964523,0.00351271351626922,0.00516105618171244,0.00228167934414845,0.000970991512143409,0.00107543938119736,0.00390845326276508,0.00290496540323652,0.00280030032891293,0.00415420816977895,0.000934305476328669,0.00478277301012127,0.0011088649184735,0.0032014201038531,0.0017343793852424,0.00297973417768147,0.000949336600914883,0.000971701253078688,0.00592437733379875
"CH0036",0.0010475438284329,0.00109638373957668,0.00113571699623952,0.00122908378176596,0.00165651291942094,0.00120517070653862,0.00102417423796622,0.00118358986847199,0.00125741646884783,0.000888765911203031,0.00102887007493796,0.000880886577664568,0.000842481088746457,0.000910767873427758,0.000870385624906446,0.000658703808871393,0.000928872971828201,0.00573311272846103,0.00560830128050691,0.00589984035801788,0.00320529031801784,0.00564108480497211,0.00112889454234267,0.00668011111627867,0.00142872799278536,0.000855540816615733,0.00123779746342989,0.000920380360824192,0.00257686063568938,0.00185393485007653,0.000814026802495991,0.000877328160811932,0.00100201106059945,0.000868639301940837,0.000907177889428846,0.000816448915479931,0.00412168050429771,0.00110724663977363,0.00294437965186307,0.00346593569984342,0.00278119076572039,0.0014360613796709,0.0013919190350744,0.00325987721382429,0.00365875878278534,0.00564453387740125,0.00544748090141012,0.00697337422240035,0.00264075332265391,0.0019956852967552,0.00486166249479101,0.00517708067353404,0.00138117843076837,0.00312990374078542,0.0013744698976777,0.00105368634799978,0.00107155012589737,0.000975838570063508,0.00274116334514023,0.00293939156583448,0.00113555652747025,0.00634778772423082,0.00293347553024505,0.00623793675347396,0.000896384680460224,0.00300597967710287,0.00482424044566456,0.00119042725348826,0.00302165255346442,0.00401223559992821,0.00257701268941304,0.00439933739882447,0.00852191422057976,0.00127020123288446,0.00115555788728498,0.000988015691141918,0.000808591542954814,0.00115358024887551,0.000840824887131745,0.000802988902663121,0.000839407887445378,0.00081572690433212,0.000805123803066314,0.00324864372507751,0.00101517995012392,0.00233032250046684,0.0022554926170526,0.00114109860470936,0.00559378012600306,0.001077356147444,0.00122696829049166,0.00117936070382789,0.0010693955326637,0.000607595686536787,0.000971135004375277,0.00303987007474361,0.00375230207732137,0.003092380184241,0.5,0.00495808761373896,0.00655438161242067,0.00104281291233208,0.000838058884191501,0.00425372874444369,0.000818001762229371,0.0060685151881184,0.00129840538111514,0.00529584101626073,0.00402339928530462,0.000987269794069529,0.00104701152660731,0.00360015076279783,0.00115656857781629,0.00129776845449346,0.00107609689245038,0.00082512130539284,0.000885954737842353,0.00079814029548982,0.000728635087469995,0.00084929377755198,0.00091787168414931,0.000784242628618517,0.000987535025851255,0.000797076913471204,0.000989600197061499,0.00368664547073745,0.00215070963233509,0.00208488125226242,0.00101491089594555,0.00106919581198523,0.00503502177551019,0.00142407230311166,0.00284833117924276,0.00520368799384666,0.00524416690178208,0.00197275119438517,0.000953845885075888,0.00122036320997405,0.00100742763841311,0.00211262638922288,0.00104295699325517,0.00108998187385322,0.00285648662991416,0.000973942573558561,0.00203940557154876,0.000729823393340598,0.00136990669141439,0.00402387488574797,0.00444283605953441,0.00278497834587414,0.00124534119110977,0.00134650413316657,0.00415173419476342,0.00381224932903314,0.00540787713719928,0.00104875964175171,0.00323546707604499,0.00191742498986994,0.000764070728469821,0.000886264562963484,0.000857493009142073,0.00189942765286602,0.00478572133075033,0.0021212439371768,0.000887709459759212,0.0021755318927717,0.000699870325607257,0.00101980186454352,0.00312160196620691,0.000945532936640712,0.00607802843259374,0.00266020370843326,0.00622441899411045,0.0011145179165088,0.000778170312982405,0.00268405609032557,0.000996216334412476,0.00707333221848062,0.00102397731344517,0.00114330264499413,0.00104509423249965,0.000890196974661169,0.00296874742908299,0.00270829980704401,0.00291742389107613,0.000944257619605577,0.00389909905551707,0.00123863032474075,0.00153063981426735,0.00102208292563864,0.00239066864666259,0.00202724763295525,0.00233827875130708,0.00146714129679428,0.00575996109587289,0.0010607597051487,0.00109119215499966,0.00360442281231578,0.00242974217085232,0.00333271374776014,0.00195850106618575,0.0025928420013482,0.00120179942120823,0.000972736418628789,0.000975398475807489,0.00628052256287643,0.00268755342257958,0.00468853701072023,0.000936258708901505,0.00553228222040182,0.0012931257333876,0.00542985287616008,0.00103709076446821,0.00285882460292429,0.00393824465791448,0.00434460869165526,0.00116131900039342
"CH0037",0.000986256025616981,0.00215403936694371,0.00339600187295961,0.00154443374262821,0.00265372981189602,0.00340640214764042,0.00137298620711903,0.00211779537681797,0.00116035035152853,0.00199752115522626,0.00229579536118352,0.00193402168214604,0.000808344516151989,0.000904765904961391,0.000803699311721731,0.000674980271716974,0.00204690452205927,0.00102975181232623,0.00113996752841902,0.00110145042459835,0.000999097336610382,0.00112228382619462,0.00127895373018969,0.00507637376500083,0.00124971086830529,0.00102381029004297,0.00224673956666562,0.00241463678121468,0.000899672236723563,0.00100397909914979,0.000751411255309813,0.000916600922885667,0.000795481906181709,0.000753951085001295,0.000856063434566525,0.00173861040940112,0.000967730343156144,0.0013716641837128,0.00133399809736717,0.00114522895397459,0.00353283725762746,0.00211812497289012,0.00125591866764416,0.00281973536724647,0.00126470716236054,0.00106015860786365,0.00110352562683262,0.00770672713711711,0.005740333220626,0.00257158788592288,0.0072033434080392,0.000979897640562213,0.00222961087118931,0.00111823778509207,0.00234282773914836,0.00108261429427331,0.00104183643433366,0.00103784566249269,0.000945533240068858,0.00102129868004723,0.00101105467576758,0.00779411226840083,0.00815244627869574,0.00476312112690459,0.000844136197300631,0.00348691454806874,0.00472372331826089,0.00395889015240315,0.00126561528279903,0.00672677255993486,0.00152719754904142,0.0016797780329153,0.00592942693121632,0.00148735994617022,0.000837325117152789,0.00111480582323831,0.000726622904924631,0.00205320837704926,0.000828608346156361,0.000884106797136798,0.000755523994856167,0.000863515232957054,0.000769948265096771,0.000904770182733479,0.00212767854568679,0.00391330145234564,0.00213847002229827,0.00135002260137055,0.00336246282682173,0.00130205913376611,0.00132680331192525,0.00139771028206501,0.00125727563091902,0.00055497255546518,0.000874382638849008,0.00106537638525734,0.00707543274347067,0.000970667574849553,0.00495808761373896,0.5,0.00374445785203524,0.00317332973861749,0.00073913543596323,0.00864961224364259,0.00288293191036205,0.00669131101325266,0.00234106593161835,0.00421034332366458,0.00844860636959226,0.00107586355345906,0.00235737527237526,0.00168410940923571,0.00237245189850151,0.00121850102550745,0.00123601418375027,0.000736117179700403,0.000807695724846254,0.00073872280739967,0.000681988480582304,0.0008083437661603,0.000963132099804715,0.000903154461139712,0.0040612737102393,0.000664186033491958,0.00178624487135668,0.00384694301844373,0.00242665441872844,0.00132322229822737,0.00315950164665914,0.00125572524313319,0.00389057964212191,0.0023367463364186,0.000937378771198711,0.00432135539656338,0.00083078801246058,0.00109945319481345,0.00210382082440691,0.00354937388773427,0.00116773964138928,0.00106324016652005,0.00116131027196159,0.00298324926690932,0.000925148670696562,0.00182078097854265,0.00111905531303024,0.000673909291548248,0.00406808722198704,0.00630736547021254,0.000924198898786162,0.00210973141106958,0.00125644667167954,0.0037198905281864,0.000859492824651961,0.00165473550835026,0.00277124004341933,0.000936747422554511,0.00106278112854473,0.00117680059474225,0.000801798562993492,0.000847204141733627,0.000991097043686892,0.00347729759018479,0.00580025609899361,0.00123644920742734,0.000919985237605509,0.000957414032138063,0.000608359740231961,0.000919906101332235,0.00646230654325506,0.000793038443312518,0.00734735183091494,0.00670708374837037,0.00603870331508494,0.003428484253264,0.000769673837176582,0.000813069439947541,0.00113896950561744,0.0103756642276955,0.00206114731501644,0.0023391314716051,0.00206841147276651,0.00304371227279514,0.00112708753204567,0.000810855082620893,0.000996257246657242,0.00315946550714556,0.00662970621137974,0.00313396525033748,0.00422375326733304,0.00116529055014695,0.00366864001770115,0.00103642306495064,0.00107288963600166,0.00320684737600269,0.00761255508713173,0.00338891277086929,0.0021191001280402,0.00128460546688908,0.00217720345439256,0.00111131611293557,0.00091257948498855,0.00262730746003869,0.00151848271682375,0.00212635912237725,0.0022333955242744,0.00326914573357181,0.000987164270235812,0.000983660628192155,0.00208327106149402,0.000938130203273712,0.00110095242960592,0.00109820911144712,0.00130447954334854,0.00213718896416222,0.00820264122770894,0.00896175829211424,0.000901849200502233
"CH0034",0.00103117169677245,0.00108068666226219,0.00119532801129252,0.00115466916431353,0.00569666410929381,0.00113440852378653,0.00192128133502217,0.00373690692026183,0.00206789228944485,0.00089940426498775,0.00112563367174343,0.000901733197319088,0.000846242531316969,0.000932359396700945,0.000850997992411823,0.000677844916516683,0.000919444598113221,0.00285235743443651,0.0040352107201658,0.00262444778598268,0.00296114629514324,0.00275439865042043,0.0011126339865235,0.00739480297880922,0.00407843696978869,0.000929185425121251,0.00140844148340725,0.00103644008832299,0.00145993351160738,0.000955149810680783,0.000804487250974545,0.000897627797884422,0.000919288945451593,0.000898649408853279,0.000861286490949924,0.000834464040574838,0.00106448327085284,0.00181504982538309,0.00782987368204621,0.00115305370757954,0.00465465328867625,0.00124226380509055,0.00149211424168174,0.00110358587082833,0.00116241464270596,0.00288224012497277,0.00298735352625531,0.00671605694770273,0.00189276519870098,0.00138258227010002,0.00363718320319038,0.00280248225111466,0.00126149481207828,0.00129608983773868,0.00116977154668859,0.00132684478109229,0.000949344870477629,0.000994054908357241,0.00269700506810037,0.00276562756702853,0.00106415809293961,0.00440071691890133,0.00448345504348505,0.0036316928589156,0.000862211688981481,0.00586901152731866,0.00378565974657047,0.00111939500824695,0.00118601474936896,0.00231649167983994,0.00629209376393081,0.00513111124515651,0.00377619642769612,0.00513601719830464,0.000869238854811576,0.0010076471250892,0.000804455682075979,0.00147699409695024,0.00109700404633811,0.000887605564656137,0.000848147775593037,0.000816000345751832,0.0008190190968751,0.00104352214516322,0.0031672268119682,0.00225834407870145,0.0024169671058531,0.001183959851893,0.00631844371726191,0.00370979578342772,0.00132799003093167,0.0011910316962433,0.000949794997791105,0.000619863114918841,0.00100615701553661,0.0028958568971964,0.00208217827849671,0.0028510306684058,0.00655438161242067,0.00374445785203524,0.5,0.00106504543324444,0.000822360514852421,0.00239521817826357,0.000903702677251136,0.00560791865086721,0.00237593296652602,0.00938536469985801,0.00226731884156159,0.00107494424511092,0.00115940042029664,0.00159587638644033,0.00130866922776657,0.00110002447092462,0.00396339487424146,0.000830988888044959,0.000861675526221358,0.000790680351925867,0.000689821731007217,0.0017282682625913,0.00290910728743807,0.00108400060613022,0.00100764217593421,0.000807365844980814,0.000998910143093557,0.00439271634285038,0.00214066473913722,0.00566054920214171,0.000955954868935319,0.0011441494908499,0.00583144578151187,0.00240266440273636,0.00417793571105622,0.00999236153350406,0.00189284322258435,0.00198686040824845,0.00101622036729385,0.0011569777172691,0.0011047364912174,0.0014419758953002,0.00109607081102015,0.00491066923909866,0.00266072549909443,0.000950839391203787,0.00201664769606038,0.000703621996545195,0.00404868626240805,0.00747054249165732,0.00194905309704846,0.0010252736657258,0.00127122927295481,0.00155485356225321,0.00194006536506663,0.00461514357245795,0.0103389753722995,0.000877037868533865,0.00295998037301954,0.000996242863522645,0.000796682017227834,0.000927126896686072,0.000912337162085906,0.000986088515965764,0.00481805696807771,0.00215641252444139,0.00103781383228387,0.00207846168888834,0.000690299348214401,0.000850922895219171,0.00223175960699017,0.000866695636069898,0.00485502461605346,0.00204132297858219,0.00213329084845278,0.00108602958716511,0.000882480680534398,0.0025402488535902,0.00104347686007176,0.00370988586338826,0.00379803465295186,0.00546555587000925,0.00107168605352367,0.00101650244588853,0.00292876372033043,0.00253271660233961,0.00283945965015812,0.00105608036175514,0.00230641444545552,0.00579630941515095,0.00183017609983416,0.00428947232711722,0.00249977023515213,0.00186060235111268,0.0020554906947629,0.00110291036937076,0.00458060230697459,0.00423300940347248,0.00111528247948777,0.0044137908097935,0.00280856701916927,0.00296544642331249,0.00108750177978993,0.00424460599701368,0.00320781303153305,0.00108855121051276,0.000964264732905545,0.00692320409312828,0.00259370603407741,0.00193331144293604,0.00108382139597719,0.00258133250102568,0.00099513437601359,0.00290859945504716,0.0012340403317237,0.00275881862382329,0.00231931586885462,0.00321110064718584,0.00100374383721281
"CH0035",0.00471695532675321,0.00318122618301392,0.00226113727329552,0.00222175393218607,0.00089114751114936,0.00187128600770783,0.00112212460967402,0.00306734178644353,0.00414165044447226,0.0043597080454957,0.00259897435394776,0.00330130536549486,0.00207584583622975,0.0031449538034549,0.00196955340729164,0.000853141814391017,0.00337230906952752,0.000945895619119721,0.00110282792445839,0.00125299040365598,0.00488047621109811,0.00132489351484104,0.00172937380255047,0.00113325290732251,0.00110137348255838,0.00115139953944086,0.00219261768093117,0.00340888866828515,0.00109174463830278,0.00203285625254943,0.00211099695722206,0.00112801350956014,0.00222339673001064,0.00199842103278326,0.0019820458863336,0.00316896116987848,0.00118433379683628,0.00216821655752967,0.00107033925435317,0.0012351973753834,0.00565113680231235,0.00590957587168922,0.0013733062436919,0.00414394551806301,0.00199434406948429,0.0021042024418629,0.00112651189110463,0.00103559102183327,0.00107861152257547,0.00475999112176482,0.0046179788855619,0.00223474088218162,0.00228479622453576,0.00240112581809891,0.00354794034189253,0.00112510445220241,0.00203732462177333,0.0012291814121895,0.00123249133928171,0.00193990792426523,0.00220029650426801,0.00115207844030437,0.00225578275718511,0.000939163280067415,0.00204495411654089,0.00106015204873197,0.000965443602479498,0.00228457422589619,0.00300732929693761,0.00118181548847151,0.000997585875586582,0.00122110287238535,0.00116480845093992,0.00190117870165085,0.001207524912271,0.00103878135352865,0.00201986294410977,0.00210491865197564,0.00095991407228151,0.00112915015897608,0.00205068687463771,0.00311974053453447,0.00202594934357356,0.00223655871555018,0.00231537200982121,0.00209928906403787,0.0022809737658274,0.00338127895035865,0.00111183284281974,0.00124726963915011,0.00224427660453401,0.00101911228662831,0.00213829440804157,0.000853281454452296,0.00210255683749597,0.00201534185029441,0.00107843429674247,0.00504521937236373,0.00104281291233208,0.00317332973861749,0.00106504543324444,0.5,0.00208941428162507,0.00100168620971757,0.00442740300029647,0.0011021296622099,0.00116063991986384,0.00102458048373569,0.00110818276611865,0.0037450167116776,0.00235657863123793,0.000942821612686163,0.0010226884430363,0.00480599507688117,0.00334960990398138,0.00199432601119386,0.00198463270495029,0.00191329782218451,0.00305481474075629,0.00303681247372177,0.00310246677828987,0.00117931242346541,0.00531399951878487,0.00294978747448916,0.00207763210702924,0.00110721842410655,0.00394031023025777,0.00121542578941018,0.00304030284537809,0.00139665142066733,0.00102602074715441,0.000933207732822378,0.00314633349306203,0.00101188484439341,0.00322362449925864,0.0042106576779996,0.003117746003487,0.00102098544312989,0.00102610883924417,0.00229750842446083,0.000913825994907247,0.00487852212224807,0.00410080238837353,0.00302359821773599,0.00107501304788397,0.00300427099367046,0.00312906714230706,0.00112538463383858,0.00326660350917127,0.00272479395265481,0.00130433183650555,0.000988882363150218,0.00538663738048731,0.000935298534406374,0.00113487815824576,0.00537017780843512,0.00100698607923813,0.00358319941611404,0.00120995149310469,0.00119474377879237,0.00108809420895014,0.00115429880320016,0.00117628075776888,0.00367539887545819,0.00095266439276496,0.00255939262994299,0.00286421136761445,0.00549329943782662,0.00444908769259134,0.00584662270075696,0.00212322959865414,0.00232085240031041,0.00122431459359696,0.00296919584713663,0.00120993939632849,0.00304139720944289,0.00113501364093295,0.00113442850052425,0.00423730108505204,0.00227450908931111,0.0011644317784205,0.00334746611548299,0.00222241910596765,0.00526516723090557,0.00120066465326197,0.00331252449523232,0.00106158791887991,0.00213194272025058,0.0012962982453881,0.00307130858950387,0.00112386509120029,0.0031729642390622,0.00138043620843851,0.00324627305340968,0.0031985224104979,0.00230219989417814,0.00214725876196395,0.00108960722851123,0.00376320901361704,0.000963999258379198,0.00543660814221906,0.00119377961029014,0.000991128062493586,0.00130744571945369,0.00757020977532907,0.00101597173398686,0.00113012414893028,0.00307215902341627,0.00215119333492311,0.00295879007125156,0.00123544959427335,0.00112997599728214,0.00207109089171064,0.00336004176147488,0.00100967800523348,0.00213525416441051,0.00591943234216707
"DU0065",0.00340088793239999,0.00323022874822924,0.000846850287450378,0.00197081026555371,0.00071162711397813,0.00166634889649356,0.000890323397725495,0.00130489315402082,0.000954868398751541,0.00623602865480388,0.00100321165870103,0.00520282971458134,0.00527786739398241,0.00451473345195648,0.00385957848515284,0.00313365869654928,0.00528337046252483,0.000850462539534223,0.000897749875359184,0.00123427560861724,0.00199055781015988,0.00127052124503783,0.00181931556315295,0.000848364349921503,0.00328555299427007,0.00347155715616357,0.000851504850074607,0.000914416571668978,0.00092804249854203,0.00451823196756032,0.00561742697337463,0.00348263396519602,0.0049063866328618,0.00466390302682944,0.00484083456992808,0.00375625554820428,0.00319136681249214,0.000828125230389924,0.000840508360135581,0.00095497838609598,0.000912602063840461,0.00194505930136824,0.000920343867793322,0.00131840638935595,0.00171050676408983,0.00186410296828758,0.000878600194714422,0.000909463042913116,0.00120003488971401,0.00219580165352659,0.0019305479484848,0.00181718648691721,0.00335387361604066,0.000956433852502866,0.00203108250202903,0.00110995717750491,0.00201889877792259,0.00118991830978048,0.00104709543129153,0.00300495145396005,0.00211605758838497,0.000722336184152748,0.000785983522991884,0.00144555333098089,0.00523085258152961,0.000841108712216739,0.00208642580761504,0.00200974258043188,0.00166365876455005,0.000902256482531371,0.00122426322357566,0.000998464499823468,0.000775395863247883,0.00172871925696638,0.00563085681171514,0.00336560336992324,0.00741526593983235,0.00320462864594726,0.00356301638361283,0.00382784739619934,0.00726151498061012,0.00720150784101614,0.00723014862457301,0.00490136640799155,0.00080172880809233,0.00201007978348962,0.00225206424614468,0.00104854348275845,0.00105061602204043,0.00101925997702275,0.000912619742233723,0.000805719001376615,0.000936728041148465,0.00627855767466221,0.00267579429586306,0.00314630585372424,0.000889460822687225,0.00191421532102483,0.000838058884191501,0.00073913543596323,0.000822360514852421,0.00208941428162507,0.5,0.000682024245851198,0.00518810682223832,0.000725942046305328,0.000794192535514705,0.00285959139463469,0.0008412460756485,0.00126399569254147,0.000967308892734285,0.00124305168855153,0.000745041142200992,0.00193089977786024,0.0032811751543644,0.00716776551338052,0.00371517279152084,0.00486625048540298,0.00695828605488802,0.00635024970741631,0.00333681140132245,0.00354389825313545,0.00304075599114945,0.00518811557714374,0.00452998718846779,0.000887448914950313,0.00096411606333293,0.000867800343467009,0.00286662445598242,0.00101969602000099,0.00232642925355456,0.000707625046616673,0.00301064193189186,0.000819494768499076,0.00294352249526078,0.00297500221230671,0.00122591957933904,0.000817179835955243,0.00210477147097174,0.00113201758757537,0.00334644959431735,0.00281081576752606,0.00292314327769475,0.00307889570393068,0.00120159277465678,0.00663455941598297,0.000817118004408519,0.000934310958904193,0.00312318240597764,0.00257808481565056,0.00239982555824374,0.000801210819242474,0.00311711527584623,0.0020032246587827,0.000874103213549519,0.00290713559967211,0.000819207181225522,0.00198165780339201,0.00199547019462602,0.00354015669602082,0.00381453987214415,0.000965548548445063,0.000852608212410213,0.000845249910019875,0.00148515919064458,0.00116851651046559,0.00757244022716559,0.00303899286788954,0.000911355795437088,0.00518215550629209,0.00195790407069277,0.000716895508829338,0.000856815059304583,0.00274800350099991,0.00647776454875086,0.00302014132159211,0.00106142065681662,0.000780473449076141,0.00303991552745734,0.00104035158739585,0.0022155816290252,0.00128122031701104,0.00105147809033992,0.00292752419383364,0.000994383964982267,0.00120186482257751,0.000724590011244515,0.000886377751424936,0.000784142425180702,0.00305300059931155,0.000873153122029639,0.00286299613230114,0.0010404021681304,0.00129512931188656,0.000878664141208889,0.000866586737859423,0.000964610065769301,0.0022857688125161,0.00087614233620929,0.000766953164091347,0.00298668243641806,0.000863419771904384,0.000786583447060766,0.00120029264494589,0.00303414808631193,0.00122823127118175,0.00209332719154533,0.00297582838262385,0.00236640285994922,0.0028405614341801,0.00328108100764595,0.00097388696652916,0.00100182435207758,0.000842239364017899,0.000730795119651189,0.000868695076531563,0.00315772922695184
"CH0033",0.000997416592108264,0.000981497217099596,0.00359248434048235,0.00365107195703351,0.00533115297353661,0.00630707584925764,0.00359196491274597,0.00116020982091763,0.00115038907836226,0.000843496790051156,0.00138372607373669,0.000842260676896108,0.000787871014956333,0.000794741803685779,0.000782591441497864,0.000744267230934346,0.00093249419213699,0.0028547058807956,0.00198060732835898,0.00257915612550364,0.000963881457450577,0.00110521211355776,0.00310618568861166,0.00264958209598894,0.00114217166610295,0.000964340296891098,0.00139076760334076,0.00310333729717627,0.00102280000518553,0.000885471721090079,0.000737105453671668,0.000887234471322002,0.000741183562976008,0.000693309479025923,0.00086683439889906,0.00072932169873676,0.00184401894482003,0.00321674505120813,0.00120977648819335,0.00354787436324817,0.0014860374699047,0.00112125137550022,0.00126989219314958,0.00101377414601559,0.00566302560107154,0.00110451147209898,0.00118565953712986,0.00382367685956335,0.00637726917492502,0.00130114372874003,0.00614001677300156,0.00103674356675768,0.00105125110575207,0.00195103865582475,0.00330819593936999,0.0026111231809898,0.00113950824443922,0.00105653287647877,0.000952136950773974,0.000916920888244568,0.00287428345781779,0.00719171515894825,0.00673687657511678,0.0075911106918259,0.000831294152646049,0.00121602597610878,0.00398038743880778,0.00534092325943175,0.00411390035127554,0.00801531192256456,0.00147782174877839,0.00166062683411826,0.00658613229863577,0.0016618544413267,0.000692976208885914,0.00107888655051889,0.000660016724523641,0.00100771968474333,0.000799056712392743,0.000979033696831042,0.00067713075756584,0.000747910560345393,0.000717328712169815,0.000878384085099273,0.0011714378835138,0.00103060378251851,0.0011006336464445,0.00140921146134313,0.00209611044961147,0.00191345951278259,0.00324067941997533,0.0045311571782838,0.00299038950590721,0.000552747174358148,0.000831746492410121,0.000947973323164064,0.00884912550348775,0.000942529052601228,0.00425372874444369,0.00864961224364259,0.00239521817826357,0.00100168620971757,0.000682024245851198,0.5,0.0007792118931443,0.00687027730277157,0.00147119539024466,0.00341444648047929,0.00908151320536741,0.00100007259395137,0.00137674164871958,0.00221850864737588,0.00548157241431809,0.00309180764808568,0.00100427651962021,0.000677326208677304,0.000790030467529821,0.000728643267872506,0.000650114779303183,0.000728433909314925,0.000889756172676871,0.000878283633030171,0.0020513144087399,0.000624852251676775,0.000822102208435814,0.00381467965793765,0.00141265286633917,0.00122524868436669,0.00390188649815691,0.00138733829883055,0.00333655214578112,0.00563847735148911,0.000901441120002172,0.00539988483350274,0.000842253390421084,0.0010759438269538,0.00109645134209368,0.00395642458900683,0.00115792850909185,0.00102359866725798,0.00255666432038352,0.00107599779378429,0.000936525910580574,0.00084170493581346,0.000983874683765608,0.000655869376063432,0.00242605496101166,0.00697973959280125,0.00261408301470447,0.00333220700131626,0.00181472156986627,0.00251332190147921,0.000878250633800474,0.00410474766026378,0.00170425908959061,0.00106054566125933,0.0011462288997282,0.00299118950111078,0.000883445584501815,0.00078094082663035,0.00268980227605018,0.00348003687688504,0.00526427286833178,0.00123302112940702,0.000915967110573985,0.00099105816033046,0.000574290509279464,0.000975890997784036,0.00704915361654222,0.000781268407520183,0.00458921226215803,0.00643591065856209,0.00677415536852665,0.00160944653218021,0.000782955151344673,0.000769803457959565,0.00192031875312123,0.00831869949730757,0.000944436287642358,0.00124407559503914,0.00100548731840032,0.000977266025126599,0.00103207392611739,0.000764021003844289,0.000923260351317712,0.00106297401518608,0.0095701267980208,0.00132910423249667,0.00638273370361036,0.00108724345260427,0.00247667719024894,0.00271707920115341,0.00104121182742719,0.00202959391461186,0.00478777250675644,0.00128374679260926,0.00112663430649599,0.00123066325066554,0.00131215312958876,0.00169900073828129,0.000891522922079922,0.00357517137259072,0.00439232497589933,0.00124008517546306,0.00115131856113145,0.0020196587712262,0.000960334485707286,0.00177308506933552,0.00101771721917842,0.00171550786837634,0.000865053326358346,0.00193151858212565,0.00224932641245101,0.00324596593797255,0.00997873526803338,0.00905176494599265,0.000834743510500014
"DU0067",0.00240042036416272,0.00308682172024961,0.00199415643745526,0.00199074205641273,0.000727370574076838,0.00171849655787415,0.000906170279456664,0.00139666990534224,0.000968580781479436,0.00535730445444556,0.0021563414159368,0.00769621566371517,0.00546283269224254,0.00561060207577071,0.00490867743654067,0.00469139999966655,0.00755863001560586,0.000817961724407904,0.000865666343562627,0.0011751110439524,0.00196338871705543,0.00121175897960083,0.00169279766477361,0.00086285028052624,0.00125240563268349,0.0012455072606692,0.000891423163488607,0.0031611990095601,0.000903714989098507,0.00224975991504247,0.00569942246045903,0.00136918434782275,0.00256876928584885,0.00476742799200266,0.00491691504783007,0.00718989538168941,0.0012100596688868,0.000853450067672436,0.000962909397328412,0.000933263867857976,0.0030490933661273,0.00197504833026821,0.000944668538419487,0.00221503158100245,0.00169324133335489,0.00182997975663955,0.000882224196507458,0.000873927117508242,0.00113774439397011,0.00360042660305339,0.0011215435307136,0.00180618262864577,0.00223451573531788,0.00102423711692292,0.00315625957858995,0.00113684944460181,0.00203030667836367,0.00127427556648514,0.00107561720167582,0.00189826088435381,0.00210238156310628,0.000862952612698565,0.00197606901070327,0.000765272096195208,0.00523745336226035,0.000917666910476235,0.00106067449121533,0.00211165166838463,0.00167237357383663,0.00101545803196292,0.0011338972766348,0.000956282465381786,0.000822665804225883,0.00181380098593415,0.00396119479378453,0.00118537320953065,0.00524780167243208,0.00314260733570415,0.00254105130420525,0.00267874762249653,0.00518080726424619,0.00631278997996262,0.00517083184377232,0.00252149179908038,0.00184268267826692,0.00191492668177508,0.00124426563517113,0.0011248439132653,0.00106399223572123,0.00109798282810553,0.000936422809297794,0.000790468107555742,0.000975590390582233,0.00496737036158027,0.00376098704903105,0.00194667918038835,0.000924804736712797,0.00191259593060286,0.000818001762229371,0.00288293191036205,0.000903702677251136,0.00442740300029647,0.00518810682223832,0.0007792118931443,0.5,0.00081072173672262,0.000887899015337797,0.00110070844479331,0.00096474554544429,0.00224014098060816,0.00204522787210793,0.00108463751052071,0.000796668835577724,0.00195682288025133,0.00446632360537994,0.00525337971102005,0.004815632026984,0.00507743924210275,0.00630939757499568,0.00328569707893306,0.00327605167476587,0.00267857779697192,0.00518909431519137,0.00333362969397438,0.00445208988085555,0.000985365007820107,0.00108323330198242,0.000994681823987723,0.0029412627154555,0.00110332622900295,0.0022708644952664,0.000726739853905214,0.00299581343781545,0.000923934664210247,0.00291289425641249,0.00301359557768125,0.00123629220523344,0.000878828177932393,0.00119434534554623,0.00115086603539227,0.00109055280316579,0.00479836990903959,0.00291476775956531,0.00297578575542851,0.00109216873216888,0.00594185420482095,0.00202231810365479,0.00182258057870305,0.00308075781012297,0.00259100266485295,0.00137664480409227,0.00083225064538052,0.00310127248666177,0.000941162659753302,0.00097567949405251,0.00291509033515157,0.000787730576450951,0.001106557979305,0.00441866611423788,0.00148685155574694,0.00400594163510935,0.00105612811526211,0.00093352346807714,0.000935726249624256,0.00359247790075788,0.00108741675574635,0.0056976947768953,0.00304279033432671,0.00108489173933594,0.00321540341910812,0.00202209073445139,0.000869804146509194,0.000910939817562455,0.00281446613303782,0.00395005291107355,0.00300023248880919,0.0011428326864663,0.000885293381318512,0.00406308671263388,0.00321154505583838,0.00113842026659892,0.00345445811474026,0.00110294291657462,0.00290194771173482,0.00106688476663445,0.00323151219011272,0.000858335627389214,0.00188834788643105,0.00110580004909829,0.00310437146836754,0.000915544428164102,0.00288426333845909,0.00101307661560199,0.00225011563256012,0.0019749804005367,0.00311625307479317,0.00185148577626245,0.00119316706028101,0.000916817770038197,0.000746882012717369,0.00301437571593214,0.000927896052554767,0.000899433136202254,0.00223457586561951,0.00515673723243627,0.00122776683400303,0.00105130787793882,0.00293699509908875,0.00334943714388536,0.00279340190485736,0.0023582831775405,0.000978463028291153,0.00102616088819462,0.000950992032367868,0.000807374954319067,0.00194259571941995,0.00315571926993281
"CH0031",0.00101477456683421,0.00101977882088645,0.00115876102634919,0.001388973452331,0.00150757592985185,0.00119028188333206,0.002158816758167,0.00127293220893662,0.00406820565037194,0.000915123208611516,0.0012652943897093,0.000899394771985982,0.00080093902755173,0.000860348605842341,0.000764164368826993,0.000616553814993778,0.000952853821714116,0.003284562438693,0.00283450882492868,0.00265873033832445,0.00302962399267779,0.0020706511876118,0.00109690452792461,0.00446440634241881,0.00112765056034897,0.000976216090150964,0.00526754982014349,0.0011638112928232,0.00179070802048429,0.000933553710264813,0.000735810156163858,0.000946200051985115,0.000803516442894273,0.000737707313890231,0.000795458753875612,0.000767584830712668,0.00113551058493225,0.00217750927247514,0.00369339247452077,0.00126966462326564,0.00138444535539032,0.00220575499691534,0.00122485452864676,0.00105958465370878,0.00126500391892206,0.00295870013424789,0.00292335336509941,0.00406172295303331,0.00606062717626974,0.002212642116769,0.00645295063424716,0.00290650929726959,0.00116592996383181,0.00213393094518651,0.00116055101266498,0.000973277938129518,0.000952268916507589,0.000961227776399237,0.00276838695839065,0.00278305195510203,0.000982983347377223,0.00918622268450684,0.00831283617440783,0.00384799084474547,0.00077426627993829,0.00304154105618028,0.00398421727002267,0.00122725025567478,0.00120130301694141,0.00985364191335478,0.00320267600006369,0.00151680311933677,0.00800965645014437,0.0020898681922321,0.000715718261886878,0.000917170408459394,0.000716950272565568,0.00126832022230579,0.000752254000646868,0.000885503625998859,0.000737024504935173,0.000782793373488507,0.000781515850047147,0.000893854812197868,0.00330918670686122,0.00218992338370296,0.00207130791126784,0.00108021314475309,0.00312954720458168,0.00379809197083471,0.00335482993591871,0.00316529350564664,0.00116255153267986,0.000535720048688687,0.000836394714321632,0.00287535869100698,0.0065058141669176,0.00291236296804394,0.0060685151881184,0.00669131101325266,0.00560791865086721,0.0011021296622099,0.000725942046305328,0.00687027730277157,0.00081072173672262,0.5,0.00127729664114762,0.0042489212384728,0.00664219199664354,0.00105893266394514,0.00121295267527895,0.00148639973388492,0.00119828049230961,0.00124740853915526,0.00122065942143658,0.000714327395894853,0.000760893015979853,0.000718048187797186,0.000665672055683791,0.00082978312125912,0.000992957595532934,0.000939860630512198,0.00102591409641961,0.000665430354965291,0.000895090248799512,0.00140652747698083,0.00134234312402446,0.0023669256027508,0.00109585149804011,0.00425523038022392,0.00243640572075549,0.00405745188918468,0.00447407755603157,0.00488436226140141,0.00267093568546008,0.00197833807237296,0.00112786057808668,0.00123007652101382,0.000991812480617895,0.00108481778933891,0.000974950211759835,0.00257749253889559,0.00525516232079545,0.000901848254381127,0.00112423860141353,0.000667595185245277,0.00160485082050524,0.00772891027031067,0.00198051544668613,0.00102443236300166,0.0012991142972842,0.00123062914784135,0.0019205759013599,0.00136620883789825,0.00322570184184069,0.000932997739585544,0.00523046889421453,0.00204540336950822,0.000884553802624372,0.000836630242973149,0.000854970371266425,0.00112011798623281,0.00320089590489787,0.00218212548262955,0.000800113862228434,0.00218177240382462,0.000598178740472646,0.000913573399839602,0.00677905265539899,0.00084667641655161,0.00471244879693882,0.00862749005134446,0.00631085685573691,0.00103986961394329,0.000850479368648205,0.00251404920332181,0.00100229565040102,0.00627159901487609,0.00116752491630425,0.00290622519786363,0.00106349977986134,0.00100483883818152,0.00556734247554422,0.00254335332056153,0.00282302302945679,0.00108503475301559,0.00737795199352194,0.00220096317109053,0.00144383054785576,0.00278585287211271,0.00233924072153788,0.0019335849355553,0.00153347333257324,0.00109136061397248,0.00496865406557211,0.00218350590205428,0.00122330906936762,0.00114005208299827,0.00217761328813345,0.00640441673883144,0.00361863695878586,0.00232275555688099,0.00216115430231098,0.0012139560912002,0.000990784919590512,0.00380469224662483,0.00269779802155968,0.00201484835903226,0.000956387463368179,0.00267033813378701,0.00090310557294543,0.00291708585191523,0.00130585697516615,0.00289523399621757,0.00665462380055447,0.00710940768017271,0.00101910281089481
"TT0034",0.00109259859092866,0.00216404858750131,0.0058345590014424,0.00149384183285951,0.00674544065097049,0.00381208484567934,0.00335521097897221,0.00332874763107671,0.00218456474017236,0.00088506775472073,0.00368322678059501,0.000837150712213721,0.000801231363045914,0.000946017969908924,0.000881680072057465,0.000700703463995739,0.00091374795635633,0.00233480380509465,0.00603293263249425,0.00200438904915238,0.00222233157796252,0.00130507663888035,0.00129825882552986,0.00295354824143588,0.00474796327976573,0.000948421951003824,0.00206887854299795,0.00400321121597482,0.00232663509862886,0.000938731950523031,0.000820054480170644,0.000945777895150875,0.000919961011732755,0.000853385295864178,0.000927621822734437,0.000854382042535686,0.00102891697423452,0.00344032574143705,0.00450467698859486,0.00123018892364271,0.00455760103701064,0.0023933541034423,0.00771322105491196,0.00117557990255209,0.0013939332544451,0.00213027730984906,0.00576567522924345,0.0024603589956642,0.00111881142518273,0.00129132090444102,0.00107861016327349,0.00212965207746174,0.0012707178253273,0.00225578796505353,0.00238292197928218,0.0054689147616026,0.00111023145249838,0.00118503434980412,0.00114285438575454,0.00201123154720846,0.0012184462275467,0.00222901706923239,0.00212641711867845,0.00149997820318586,0.000927057126238321,0.00585753850105171,0.00100583474116492,0.00405481286638859,0.00140274422784602,0.00201125872717388,0.003343331542937,0.00429731301013453,0.00130282745067369,0.00133535558690659,0.000941847783131571,0.00150364281867541,0.000810794000044892,0.00104813428630082,0.00472464626475301,0.000924304789770135,0.000833492851763434,0.00082374926152532,0.000832621042974341,0.000970136516027568,0.00212251571832771,0.00224652746662835,0.00566713574257241,0.00152542442701597,0.00352915136695444,0.00114043694897184,0.00245047387313571,0.00134760233057442,0.00126507648253913,0.000624598047084192,0.000999014343124179,0.00212145372207449,0.00320345495786033,0.00212917637671576,0.00129840538111514,0.00234106593161835,0.00237593296652602,0.00116063991986384,0.000794192535514705,0.00147119539024466,0.000887899015337797,0.00127729664114762,0.5,0.00132435989866641,0.00339812848687224,0.00111900221878348,0.00237679668949748,0.00109806273566347,0.00685926944658062,0.00123140846013257,0.00104074820833711,0.000832622766817911,0.000912124768353188,0.000804592178389724,0.000710356497800662,0.000825088218433737,0.000886210426255669,0.000836129565406089,0.00361733457592464,0.000813924715349659,0.00111236317185239,0.00474020207962079,0.00361233578070349,0.00202801960730711,0.00376584024440691,0.00115067303132539,0.00152804413016098,0.00578432850430014,0.00120506311867436,0.00143033385503098,0.00104500961536509,0.00315483788763115,0.00186007632904248,0.00653413335990547,0.00468607223540493,0.0055265515168719,0.00430354624433545,0.000980812820096843,0.00108783662397237,0.00190782465721198,0.00284618435149162,0.000721500224435161,0.00203402048287166,0.00116858511824082,0.00111733338395805,0.00207198896668501,0.0021783774459097,0.0068723085784879,0.00107480784154616,0.00418916551221007,0.00421657750790818,0.00105223884472381,0.00291580313757601,0.00108882972887493,0.000851213138078677,0.00100050166570036,0.00114627697436597,0.00334319001549405,0.00411810209100455,0.00794045398768439,0.00449467285152303,0.00120188188507836,0.000710336285596568,0.00100293187178078,0.00127280907389803,0.000888767314519419,0.00203572599712639,0.00428491312026258,0.00124422737300527,0.00402579955203651,0.000808589129631879,0.00101270392627634,0.00148809051309838,0.00229719425761181,0.00188417779779967,0.00141414737548463,0.00235604703091075,0.00219851702572752,0.00206433082741484,0.00181624063803899,0.00304945769128683,0.00106544301318289,0.00383905028484178,0.00204977808891277,0.00142290316078787,0.00177915811587706,0.00567958454764086,0.00339505718038013,0.00425464907171889,0.00431643116845748,0.00203591959956443,0.00444068232582122,0.00204996078040367,0.00455871275629082,0.00715967274523036,0.00291295426666459,0.00197927454674906,0.00777334887487941,0.00476486613231647,0.00116179342369972,0.00307048640186192,0.00243127584749335,0.00111403251392141,0.00109163183198713,0.00437048716084601,0.00186138656540518,0.00106475167743632,0.00254604789474968,0.00133281169568483,0.00225502996717412,0.001430338263835,0.00367920598634984,0.00112695421449404
"CH0024",0.00114955157947879,0.001067786089536,0.00107931122462988,0.00114035627862877,0.00448205621233087,0.00115396753465548,0.00185736538652673,0.00343681662109485,0.0011198401144029,0.00107961578289232,0.00113814801133348,0.0011233948145595,0.00118744180173282,0.00113332370062145,0.00290012780372115,0.00141076658250986,0.00107750062445108,0.000863478860945891,0.0012893188245512,0.00091783763433231,0.00100714819739486,0.000941085193689735,0.00109894345514829,0.00537117682895025,0.00578505650017485,0.00109410477629498,0.00132292980655681,0.00108315422311124,0.000883663679994225,0.00277837775801001,0.00106158837219812,0.0011033758884834,0.00292372602768965,0.00291535867636886,0.00183306135702767,0.00108540090290486,0.00268994051500748,0.00121106705896891,0.00544790863248434,0.00110362750188112,0.00440545700512031,0.00105576883299436,0.00120090959431294,0.000955080856891194,0.00104340465908715,0.000983866891873093,0.00103275712055703,0.00623468519249173,0.00219117791396504,0.00135486049301659,0.00491891827313788,0.00093560372727154,0.00115062541145102,0.0011151645558173,0.00110589165883643,0.00127430075017146,0.00162035511206147,0.00179037782861095,0.00105755352156955,0.00098685549012431,0.00109956542584118,0.00539629042549834,0.00478338438524086,0.0038586481920131,0.00276342572486354,0.00390857685849005,0.00428442875392227,0.00115559582609524,0.00109777987562846,0.00257178596434444,0.00680093959178206,0.0065902639603256,0.00229628436278296,0.00474185536454586,0.00243689271400589,0.00186656461012808,0.00278537385200274,0.00154743439491605,0.00291076874966742,0.00195046914292476,0.00282551151638928,0.00101880772853797,0.00187382879786963,0.00308930186483046,0.00307915464519147,0.00116183263884529,0.00134126248463692,0.00120586423130165,0.00527690424198487,0.00374118037811165,0.00125560636006379,0.00114624074924997,0.0022128393862506,0.00256793815030558,0.0030753458587971,0.00103564022793892,0.00236994150019256,0.000960331074545021,0.00529584101626073,0.00421034332366458,0.00938536469985801,0.00102458048373569,0.00285959139463469,0.00341444648047929,0.00110070844479331,0.0042489212384728,0.00132435989866641,0.5,0.00332287188534318,0.0011760627442329,0.00118857586793024,0.00177921540908428,0.00119728671558002,0.00104008866952951,0.00430531244181721,0.00289467377312665,0.00193069059366553,0.00267674464700172,0.000988251470837747,0.00352145711127587,0.00324326412189733,0.00370181701535339,0.0010411472559171,0.00257828931500982,0.00105647913128737,0.00494358986430456,0.00119850178943381,0.00584139169011222,0.00100383500051931,0.00113700909077973,0.00580016653443028,0.00147437132050466,0.00111472954976089,0.0108979555240402,0.000883695060718744,0.00105140676403943,0.0010567187006827,0.00112528058178462,0.00104394434814181,0.00123547012340489,0.00104919002442818,0.00533794459744519,0.00089539822742005,0.00092969689340255,0.00102810344325121,0.00103523099378444,0.00403128956183933,0.0090454557881909,0.000934574811830175,0.00103037981541953,0.00123749026911074,0.00147375055882196,0.000936369001187929,0.00441376256281094,0.010503351270335,0.00146628216605262,0.000923782419563485,0.00102807990104073,0.00107433834687934,0.00275523822498387,0.00107215438162,0.00175150831754735,0.00526275092831703,0.00106109086397665,0.00279530939965105,0.00107111531612572,0.00247392686914928,0.00155163132649542,0.00247475545079692,0.00259479553831813,0.00539175498781332,0.00219271657502714,0.00294954029498534,0.0011231404631957,0.00288146031975578,0.000955086372875427,0.00109225005574072,0.0041307274147825,0.00364906788586764,0.00539778596300445,0.00101337112375622,0.00112516027428649,0.00108613372267555,0.000885077551611787,0.00102868474738696,0.00109285606528915,0.00321177900676737,0.00616805243387051,0.00187046320247893,0.00397686787771206,0.00128099373489985,0.000908679605244605,0.00161798238461651,0.00100049300188917,0.00510878734989803,0.00386496651537532,0.00105168027597077,0.00606128215965238,0.00152924599707579,0.000898910885800714,0.000880712609684774,0.00380487457291721,0.00328264026549453,0.00118088813212072,0.000987977700206145,0.00518363528591506,0.000987829305002704,0.000903234304672139,0.00105980823658819,0.000893444643013832,0.000972872187639247,0.00102185528010185,0.00126908826375121,0.00103492783399137,0.00256441957742861,0.00369362676183532,0.00087428606503149
"CH0027",0.00113850186662907,0.000994351748190425,0.00349407902777246,0.00249924485648485,0.00331675230296524,0.00455972827278684,0.00354684645176264,0.00283313155640159,0.00106358209697359,0.00099083755413428,0.00320651883012471,0.00101058528640296,0.000969323822258454,0.000968684820023541,0.00270354038481549,0.0023183825327286,0.00106075132086266,0.000984472571948196,0.00104132647616275,0.00100701020005551,0.00101129083516474,0.00103352910892829,0.0011946080283173,0.00248475271520357,0.00122448240779057,0.000964758529603248,0.00127806843483775,0.00368426616041707,0.000856924504308527,0.000919233935238086,0.00086861333848761,0.000909608520327272,0.000885137553170733,0.00163389139636984,0.00354295441582457,0.000914243287723736,0.00105811190145271,0.00149107311260975,0.00112633549666212,0.00119313795852159,0.00145356846147786,0.00115816066468316,0.00119709229920771,0.00100933205841748,0.00131053588753933,0.00102115229142773,0.00107546174684934,0.0036254621810585,0.00638514714456024,0.00211536676062003,0.00604749754007942,0.000993542462794769,0.00103333812710823,0.00106732498533707,0.00214023953641312,0.00119414428240234,0.00445945890934031,0.00361042442618942,0.00100701353069873,0.000877238390702247,0.0010981070243841,0.00705252298326127,0.00676831310976515,0.00379020412292929,0.00310823251509112,0.00112798682016779,0.00394309988619659,0.00491406180456896,0.00130684918549045,0.00792150601464061,0.00315499359200054,0.00372942230456294,0.00653631010534931,0.00137393237375516,0.000848551489335268,0.00320222910585708,0.000818455616410155,0.00114605422352869,0.000932579836965363,0.00284026963033468,0.000862000829741225,0.000852901551802038,0.00085309024396665,0.000929879603295363,0.00116620677057651,0.000994815851785768,0.0010884536743781,0.00132445332276751,0.00209035130741118,0.00182390229531518,0.00200249192817065,0.0013551833984772,0.00675775563081267,0.00108115895828103,0.00194999629425084,0.000911007430461634,0.00691204444087194,0.000942202948938842,0.00402339928530462,0.00844860636959226,0.00226731884156159,0.00110818276611865,0.0008412460756485,0.00908151320536741,0.00096474554544429,0.00664219199664354,0.00339812848687224,0.00332287188534318,0.5,0.00110076328827537,0.00339001329230356,0.0039984059484936,0.00330844802589882,0.00129501737306268,0.001079478057968,0.00163032607133873,0.00291739747594152,0.00252842948799406,0.0008382192693876,0.000797919201109025,0.000925976950141585,0.000952718200561542,0.00346489659937475,0.000830842704131426,0.000930168227772015,0.00654531228008734,0.00347023183958294,0.0011815384002864,0.00358905099526096,0.00132207836186667,0.00246924837720029,0.00225272920043308,0.000916727038094743,0.00342764243048936,0.000807113958054256,0.00178679260699446,0.00108733439533068,0.00577505848050001,0.00181337599026442,0.00101920847620601,0.00111863676164021,0.00110294319712928,0.000881004367587231,0.000843038403084297,0.00092935359743996,0.000864386498883292,0.00149855585707174,0.00628948324297025,0.000904239633177107,0.0030324352959382,0.00188868495955841,0.00238533213673862,0.000821840031539619,0.00144439012121978,0.00160295698494995,0.00341610757851244,0.000976728806722092,0.00121773416805217,0.0010013997869571,0.000960418157465348,0.00118767724256606,0.00583162035023436,0.00488487215464031,0.00119608736440093,0.00275805943356545,0.000966640828196685,0.00135243077085204,0.00339007685716847,0.00710747354010717,0.000856532558893664,0.0044376626608676,0.00640029124506108,0.00941682504492133,0.00338828523105984,0.000887952094987905,0.000838123646831716,0.00291653918938138,0.00789242861415662,0.000992529641535646,0.00129287437631789,0.00101631771050205,0.00114417466704662,0.00102974328171656,0.000812746095496418,0.000957433774587336,0.00107748854509959,0.00927244444699881,0.00129478498169596,0.00174245724934705,0.00110047718882411,0.00236404140065955,0.001886454959677,0.00105611743570471,0.00329264450021978,0.00471945648339699,0.00130978375449623,0.00109532436617197,0.00194640401654886,0.00124725178278838,0.00143244066442272,0.000940935194696555,0.00399369120329147,0.00378371263387827,0.00126018391378396,0.00331044408243476,0.00202892208394756,0.000870268361569925,0.000972429759427171,0.00100570309018296,0.000933423039860982,0.000882124128134041,0.00103211950750592,0.00199737283314972,0.00324665162472669,0.00772753153539804,0.00926978002738702,0.000867244794015956
"SG0017",0.00465407793319987,0.00125983917809001,0.00284083481994045,0.00116519712036437,0.00094442164919641,0.00103086821604221,0.00137967166623108,0.00120301777117531,0.00153121092833021,0.00120483882780452,0.00161472930179981,0.00223207734540643,0.00322525565566683,0.00389354890780262,0.00130653990538937,0.00152537060451347,0.00124707008309498,0.00125659586703045,0.00103618837385207,0.00102233849170878,0.00353200713610416,0.00104739413066078,0.00112942944742515,0.00107067386240264,0.00392173846219858,0.0063302528734961,0.0015283344630321,0.00547708469424552,0.0038336891980775,0.00131597223847202,0.00126415763308003,0.00245245272015345,0.00147209823369585,0.00330676381996032,0.00136814097511856,0.00133658670796034,0.00231432904679514,0.00140742759459767,0.00137241695199008,0.00218078546252847,0.00110679785163716,0.00110088689812418,0.00140584788170211,0.00113302462402255,0.00095736919638777,0.0010226822450312,0.00124083928568978,0.00114103498979213,0.00215112065286957,0.00125126161534306,0.00389880829097911,0.00102105794720557,0.00126573747369397,0.00562574184825262,0.00116652879713003,0.00444642040626715,0.00402525104775432,0.00855817640574569,0.0068599631882365,0.00121616163245351,0.00420697209766386,0.00106748466903999,0.00112607084548037,0.000952114360624372,0.00133408960416279,0.00121194283516671,0.00300111191282255,0.00118476393332929,0.000975351649063184,0.00119471145159313,0.00117868236240356,0.00115355403315141,0.000933635528574841,0.00112065056729966,0.00196299725004235,0.00502793418753738,0.00127036401399543,0.00157467983772433,0.00332305286575034,0.00166642230435724,0.00136253357077206,0.00119325329428423,0.00217551692268696,0.00126721833067533,0.00425332282147394,0.00119630260814546,0.00144558420590531,0.00804069317535774,0.00378669636933819,0.00165930947728513,0.00164193521077601,0.00242682702323033,0.00386200608727175,0.00198536141133639,0.00154414754503268,0.00120149494454193,0.00280995664206623,0.00347524106368587,0.000987269794069529,0.00107586355345906,0.00107494424511092,0.0037450167116776,0.00126399569254147,0.00100007259395137,0.00224014098060816,0.00105893266394514,0.00111900221878348,0.0011760627442329,0.00110076328827537,0.5,0.00162268584892221,0.00142391753225543,0.00113632268166768,0.00117192652145312,0.00129116261695577,0.00127542306874054,0.00235064961682547,0.00114362355467437,0.00113595457634379,0.00115629248356026,0.00304249883288868,0.00547530554205087,0.00101595826989732,0.00424734415204332,0.0020375913570955,0.00116012353623072,0.00290987167467115,0.00392648737459904,0.00180704610095023,0.00660004667785241,0.00314668581503832,0.00102669678163141,0.00101486651230311,0.00108687059493603,0.00103008887343803,0.000984361236623358,0.00169993599913867,0.00154034057934555,0.00167842206022145,0.00417859946777981,0.00146020110819185,0.00107402001927519,0.00107052805467997,0.00110728263341491,0.00456289539571854,0.00110727644067006,0.00113514782083592,0.00285923813870517,0.000998656384137825,0.000960591334079677,0.00308736644074775,0.00104291761532649,0.00106457280310424,0.00111368374866694,0.00112388216043556,0.0020359864060583,0.00120304347920979,0.00301382649206976,0.00158933408755203,0.0081877667509411,0.00569482608457968,0.00461183683656027,0.00115739784163467,0.00147131647576275,0.0017322663344004,0.00427835264829363,0.00184414564424529,0.003104499600749,0.00111868546780678,0.00327229261975854,0.00120422844470148,0.00111912637604911,0.00113720058171421,0.000969448602619243,0.00158742036690987,0.00364078533499675,0.00775103627118646,0.00103872731296977,0.0010642854573786,0.00513208781606544,0.00542244078370234,0.00786571678741913,0.00491464543560685,0.00355850200634977,0.00568426697581324,0.00633958488593357,0.000993007051502887,0.00151072211225282,0.00102730496110709,0.00289227963455779,0.00138735524844327,0.000946441029535586,0.00116118776850728,0.00115567767159462,0.00403105753603698,0.00601214961949298,0.00423284421502622,0.00210602881493951,0.00109701571889837,0.00122595103148696,0.00109697238223533,0.00109992155620302,0.00236106516307618,0.00735794538612669,0.00111148785862031,0.00331265208637914,0.00148086592170546,0.000957459097522812,0.00263637450172622,0.000918227645358042,0.00205691897312558,0.00475850131002749,0.00352788494677806,0.00466822197896657,0.00100460992151073,0.00298458437175497,0.00336932549282655
"TT0043",0.00105770826012415,0.00338199311075862,0.0056655872259198,0.00141680868818007,0.00314123820778384,0.00229023161168718,0.00592287622427862,0.00205880422336597,0.00651983589709495,0.00203808006470449,0.00600933466596742,0.00102045099234492,0.00105553050526049,0.000954714053156485,0.000994854500898719,0.00309945534265607,0.00113308497578178,0.00107655145248006,0.00107763455955663,0.00109448086469791,0.00102298014008895,0.00191258940825851,0.0011667766570431,0.00120840958058182,0.00101015448246892,0.0047352391998908,0.00686103965761461,0.00781476149650094,0.00178052920453846,0.00109882762654508,0.001044312376158,0.00517820711565348,0.000988705684043283,0.000975803106573307,0.00101514575135894,0.000930321179957503,0.00516100767354229,0.00590367620625879,0.00117519986878815,0.00584040278170656,0.00228294119830489,0.00236687962387787,0.00237569623393409,0.00205878924930043,0.00117860873814876,0.00195079948726282,0.00107685065937739,0.00212375607937695,0.00121938859703439,0.00250962262360506,0.00117054645937609,0.00101679032506577,0.00236598080136537,0.00289021117738287,0.0036076470907361,0.00114735870811927,0.00108659319296019,0.00153819010002384,0.00456681225137277,0.00111226157832258,0.00104649055372192,0.00323501705664825,0.00232477979779643,0.00125784352316832,0.00095064102470008,0.00117300657493034,0.00112628063908628,0.00380950530408316,0.00112750495561734,0.00127119186618488,0.00120822084681665,0.00121615840940275,0.00108662142516072,0.00116922836384295,0.000997044800427771,0.00122717921731435,0.000934731772122004,0.00132854601898906,0.00195831768726295,0.00674087794933466,0.000906449673453183,0.000966974402842156,0.000975471741302317,0.0010418806962803,0.00870014207996511,0.0011282859617191,0.00232817901783461,0.00139905480994889,0.00196830354362547,0.00645371381248633,0.00740683219096951,0.00469351361737796,0.0043542677632454,0.00144320706717953,0.00101069011027764,0.00104821200742458,0.00120584049557227,0.00103030743470565,0.00104701152660731,0.00235737527237526,0.00115940042029664,0.00235657863123793,0.000967308892734285,0.00137674164871958,0.00204522787210793,0.00121295267527895,0.00237679668949748,0.00118857586793024,0.00339001329230356,0.00162268584892221,0.5,0.0010838963692452,0.0022126634161638,0.00122417451801831,0.00332572558096205,0.000917375914216722,0.00100752683592332,0.000932024824293547,0.000821229817327633,0.0010129841169391,0.00107440582207224,0.00564936362387651,0.00423095576750717,0.000791705216036684,0.00101400956204752,0.00372292999798267,0.00777481252780485,0.00555225074156878,0.00308162035632117,0.00200630724903416,0.00342918593687187,0.00132406709374868,0.00103482848863552,0.001308353693373,0.000861452488712394,0.00201976537979072,0.00566792514024242,0.00134657698991016,0.00122398317774183,0.00117188875532313,0.00107515450156385,0.00205020282584173,0.000930179613688526,0.00201017068328405,0.00210818084874041,0.0008648474282869,0.00324054991331896,0.00133937382715301,0.000942376223082685,0.00183957944903886,0.00124301662557339,0.00124348771673504,0.000943446800005901,0.00120895003593965,0.00218157473961484,0.000981504371790877,0.00104168059461533,0.00523030375674534,0.00525673217395928,0.00133053190881544,0.00145557013006124,0.00518915379979449,0.00206584346910052,0.00221994105993535,0.00100879878441662,0.00528330295028148,0.000788668096048194,0.000976853755974629,0.00121149092103778,0.000913521027398836,0.00130209162969782,0.00241119299295419,0.00113549389059822,0.00118792641328685,0.00545753358464182,0.000836379733762333,0.00121182792745159,0.00407687085411626,0.00298118679063467,0.00153372277981604,0.00254969159061057,0.00329525416606996,0.00246781478177321,0.000800343656299929,0.00316609705248231,0.00283941392552021,0.00341193083910367,0.00591609351554563,0.00145376313149396,0.00108193140088192,0.00134328801610078,0.00194661762585481,0.00117638951124004,0.00461877592134852,0.00215764104153659,0.0025157322940437,0.00586825550270641,0.00117528396023186,0.00215110037477898,0.00103256365950004,0.00201907556398802,0.00363682392271257,0.00136556989210112,0.00483431590327073,0.00463618170437266,0.00096623971105824,0.00499222199037658,0.00179824435047377,0.00117954944666227,0.000893462750344674,0.00117584139405142,0.00118068495663213,0.00590338844085019,0.00658111145078502,0.00131598383118934,0.00347249638520413,0.0010664137888255
"SG0012",0.0012902378784641,0.00257836965299637,0.00118831393016985,0.0010351710009129,0.00135703049313367,0.0030581831263447,0.00121426780613242,0.00093873688645662,0.00105753822146074,0.00106402491540635,0.00123953199912847,0.00200395833873595,0.00228056926651989,0.00115520794165516,0.00210445854649827,0.00256333373363589,0.00116294611786451,0.000922812932207289,0.0011413432912997,0.0029986831777751,0.00100134379999583,0.00302608327008296,0.00166065631470676,0.00169105916561659,0.00133074209691428,0.00165004120796756,0.00102055492939151,0.00121126944680277,0.000799118051582469,0.00409840367749668,0.00128981887267964,0.00174954353151477,0.00120493428449818,0.00118125005043105,0.00380701499809367,0.00110694267552187,0.00301829764551962,0.00122975354909898,0.00110320297247774,0.00118831275725441,0.00135331238846196,0.00106371515301349,0.00120700666609211,0.00109099337968004,0.00315510047280269,0.00307245494593298,0.00325092604874273,0.00450010696085012,0.00293893571158525,0.00121444866548292,0.00159706977715859,0.00198864014137549,0.0042945164799251,0.00141445423678936,0.00102206442780778,0.00204682262853098,0.00571446849619696,0.00444643657177842,0.00115856804210456,0.00164120632696852,0.00285820733671863,0.00153368150845358,0.00134064626664733,0.00386978257315472,0.00333071630108442,0.00103315189239466,0.0317573472304036,0.00287602350171202,0.00167772785466324,0.00144819190694769,0.0193056798883141,0.00398253020689115,0.00344689358548256,0.00109050463841553,0.00116095992773985,0.00610059571890106,0.00106803057786219,0.0239322940219729,0.00117942325014799,0.00303050741177025,0.00100350090067847,0.00127274789805448,0.0011547121336866,0.00353217967340439,0.00112061968570034,0.00362145120549074,0.0011559018010193,0.00129567396864644,0.00171193070162023,0.00184905081965664,0.00109650580848005,0.00141773287068647,0.00625793248598656,0.00142747482224256,0.00222109956869089,0.00250690807164961,0.00259963611397322,0.000926276287691787,0.00360015076279783,0.00168410940923571,0.00159587638644033,0.000942821612686163,0.00124305168855153,0.00221850864737588,0.00108463751052071,0.00148639973388492,0.00109806273566347,0.00177921540908428,0.0039984059484936,0.00142391753225543,0.0010838963692452,0.5,0.00119840029169282,0.00107639115277622,0.00108912264999779,0.00185065368752729,0.00301492475006039,0.00190812351718824,0.00115707333162974,0.00122438829443331,0.000898001000353593,0.0012008335984354,0.000993287487130534,0.00108426694593891,0.00107184915388321,0.00471462914409667,0.00114191583443482,0.00107936462338667,0.000939640184364539,0.00145244389776533,0.00174692895259618,0.00121648672712445,0.000974629127453,0.00223230836409986,0.000914308107469822,0.000998044951746177,0.00482421653622438,0.00445640478294013,0.00261162114011183,0.00116850139724093,0.00989407497763515,0.000906492359087666,0.000873014091856602,0.00230298969759878,0.00187367134949051,0.00105799965800612,0.00157461886255599,0.00139638134159772,0.00100394683570555,0.00209767601413178,0.00111349944242579,0.00312387850446306,0.000931200308852402,0.00270552036692428,0.00155888665384593,0.00410695818345539,0.000742579497259353,0.00109444737739429,0.00114065738884449,0.00707680756040198,0.00362683208586012,0.00411851698102626,0.00158956040222872,0.00121893062850429,0.00305332692905433,0.00109367846213147,0.00111045991038772,0.0037082345198266,0.0015861599836859,0.000954962321339846,0.0023222188377044,0.00136533365023217,0.00686428151483673,0.000978385823509631,0.00179959414056951,0.000956901589108527,0.00360420172442783,0.00168835234975526,0.000838110623794155,0.00138929851353763,0.00391052588378056,0.00129037634962855,0.00641600028020314,0.000882683299607164,0.00122957505639152,0.00186022501861069,0.00155553015570185,0.0038088841519814,0.0038130784647465,0.000940598253983379,0.0012025407463794,0.00101161510645848,0.000947651841670955,0.00107709293181913,0.0016985212926691,0.00130610193478995,0.00353678950711816,0.00141509149523614,0.00105605134078272,0.000761915546160929,0.000865750382333062,0.00121418707364745,0.00116199428666335,0.00135911885225818,0.000919622022364796,0.00163393585117659,0.00160660680245613,0.00284212779537281,0.00170179023425527,0.00282641502465789,0.0015418134353945,0.00222430065331506,0.00122182348877391,0.00120526318123473,0.00236524512966683,0.00147352685345931,0.000881604644975059
"SG0010",0.00105438697450386,0.00108476360346405,0.00561710716869515,0.00453536828105505,0.00917602865328319,0.00664125067034792,0.00589582195909629,0.00101981356937065,0.00114154904728691,0.000791732593401531,0.00337759678792908,0.000759225095955323,0.00075234667679081,0.000842962651667506,0.000821351779357894,0.000876185846762406,0.000843649283373062,0.000883255843872252,0.0041984531177731,0.000902131523401194,0.00103663703411247,0.000904518390625693,0.00588778465980792,0.00155019868880025,0.00380823988808833,0.000994072860449799,0.00114246309467255,0.00329048952583485,0.000800854795579217,0.000911033232828888,0.000809277927984808,0.000973453019063803,0.000828481427516596,0.000764887229271634,0.000904876878552481,0.000762985551632472,0.00100565924042949,0.00564052262320159,0.00426010471169039,0.00371513564959362,0.00343868064352716,0.00197974506631574,0.00613029745202171,0.000844143848244792,0.00530735523282438,0.00101201106061353,0.0046285279637918,0.00136360990491509,0.00122461487538224,0.00190574018362701,0.0010808927785806,0.00103601312133691,0.00113099323805259,0.00121424141332655,0.00120831199138313,0.00509761973395795,0.00153738054560776,0.0012682024634183,0.000996384288454182,0.0010121299656055,0.00204449107856356,0.00129704347166115,0.00123183932738272,0.00591944039805272,0.000883034041417684,0.00452758768468298,0.00111479834158861,0.00394894861314928,0.00637049372049988,0.00144963377505151,0.00225086379172584,0.00260659024720759,0.00119505983062596,0.00483423346504655,0.000652930932557918,0.00369383002723233,0.00073394894863054,0.000927199337216557,0.00441351410179497,0.0010138579299591,0.000741780834343091,0.000780355069456251,0.000761537312178788,0.000883664859801225,0.00112772840964831,0.00107466656510215,0.00501917617674727,0.00421914886779307,0.00136115270464493,0.00122770464476957,0.00140900148911225,0.00622416804430467,0.00293220410417511,0.000600744090475654,0.000930860555217733,0.00105753433759368,0.00309905991303097,0.000999025897122799,0.00115656857781629,0.00237245189850151,0.00130866922776657,0.0010226884430363,0.000745041142200992,0.00548157241431809,0.000796668835577724,0.00119828049230961,0.00685926944658062,0.00119728671558002,0.00330844802589882,0.00113632268166768,0.0022126634161638,0.00119840029169282,0.5,0.00312661961660566,0.000920548501720631,0.000735735443730103,0.000849943874412636,0.000759818888792712,0.000672915786797259,0.000777756705787355,0.00081405633373283,0.000846352047234044,0.00202989264785931,0.000743678012278146,0.000715818520423582,0.00374263284428792,0.00337068124385721,0.00111025389902191,0.00439919630033197,0.00126750212711266,0.00310379946910098,0.00849454864799866,0.00181237392851891,0.00327544171493276,0.000817434966070009,0.00194140829415099,0.00107489393701032,0.00710991159952543,0.00473886786627669,0.00492869998945513,0.00591830179309713,0.000892723646084687,0.000895970776841794,0.00097423731612144,0.00381373049107514,0.000702046134098535,0.0020120608286876,0.00120469181242458,0.000960423130864911,0.00614324061123922,0.0015644131841,0.01067925703899,0.000881018427923056,0.00517440614256039,0.00142238555083883,0.00106808936602712,0.000843148455898127,0.00112959311656608,0.000915276343081202,0.00102073164300075,0.00196748920358002,0.00305337595080382,0.00676338741362417,0.00652590674224586,0.0043913079697361,0.00106649370606907,0.000667787756776222,0.000984649821047392,0.00208272403427564,0.000827868750142386,0.0012190935717408,0.00323591601148603,0.00135061670503433,0.00531060641308704,0.000821370696229875,0.000830297651748783,0.00450575748338172,0.00226548136893549,0.00088461010356469,0.00138920406218949,0.00140727519019023,0.00131843094197051,0.00101299784183558,0.000823489840518478,0.00397408730914611,0.0011323356931838,0.0051892178072911,0.00112251016994077,0.00583087324431486,0.000958694386699935,0.00631658346946817,0.00312450765629702,0.000983317583613915,0.00266197776134161,0.00114235513705018,0.00265755901357273,0.00116278392570139,0.00267265559768366,0.00588149334372703,0.000961613127306566,0.000974437540124841,0.00628672174760227,0.00683971166099951,0.00203141667721812,0.00276958937693565,0.00123263760679772,0.00104384492131658,0.00091196211087202,0.00433746125540423,0.00090991609349575,0.00080187679567321,0.00362125198446149,0.00290294480667127,0.00289185764887212,0.0045159944904952,0.00341154756927842,0.000939268841916909
"SG0018",0.00425433407691728,0.00194790194751379,0.00333279600593238,0.00432078893412164,0.00333437673073627,0.0030087587388398,0.003345409139116,0.0010066244099652,0.00132408065014734,0.00194117533879863,0.00140253606022112,0.00195013337134721,0.00199675263445198,0.00189285642506111,0.00190539688916185,0.000904603148132181,0.00202437126382941,0.00107517614927289,0.00222832918826532,0.001201725961087,0.00482813717569129,0.00217433900902538,0.00345092245560559,0.00123761298318107,0.00107280422328442,0.00103127724198798,0.00119978460432009,0.00118803269456491,0.000998284353428335,0.00186403084024646,0.00202377512210037,0.00108730796884383,0.00208334754558653,0.00189764917174211,0.00192209451701907,0.00188335096913258,0.001298719394222,0.003455189545985,0.00110345192358491,0.00566852804439508,0.00353765393699417,0.0047827933158965,0.0026466504258869,0.00326344818271777,0.00611874280798991,0.00216775030246245,0.00331005769380296,0.0011179871252738,0.00299860866088293,0.00229457817871996,0.00127386224360758,0.00447544643983891,0.00220688944709252,0.00238667459734071,0.0035393957204822,0.00194764313820035,0.00202066084894134,0.00108325176989713,0.00110966214655371,0.00186668219024952,0.00308948840606533,0.0011870225232869,0.00121347930401594,0.00326220691188428,0.00195727423440631,0.00110582318181678,0.00102973988470965,0.00311644561956463,0.00624729953666361,0.00128627742644971,0.00107094785121764,0.00245441795194059,0.00230525832668732,0.00210470630298993,0.000936708788898691,0.00186369138584323,0.00184068751882928,0.000845566686291221,0.000983395875115581,0.00200324943963794,0.00186415795389092,0.00188543721510576,0.00185241475030559,0.00213883981669209,0.00107184477714321,0.00201118710056209,0.00120148832730448,0.00227729403516271,0.00106712810507885,0.00124396270529394,0.00208803515953781,0.00296001510673966,0.0031950506373373,0.000811700027967314,0.00203302254887877,0.00195680337898668,0.0022929880684587,0.00466813417429281,0.00129776845449346,0.00121850102550745,0.00110002447092462,0.00480599507688117,0.00193089977786024,0.00309180764808568,0.00195682288025133,0.00124740853915526,0.00123140846013257,0.00104008866952951,0.00129501737306268,0.00117192652145312,0.00122417451801831,0.00107639115277622,0.00312661961660566,0.5,0.00198504987472783,0.00186755558023475,0.00191065900982958,0.00184780562107323,0.00295037347079515,0.00290744045890691,0.00299003815149944,0.00103143830913742,0.00307477301267685,0.00277671668184303,0.000885721789879746,0.00127976653719102,0.00249310389463363,0.00115572676653299,0.00493590387771737,0.0033066357136953,0.00318580177373453,0.00318402312182057,0.0031021098924252,0.00273784201176232,0.00525468048213141,0.00322257038994188,0.00104686664604725,0.0013561555345034,0.00108907533382256,0.00120442462125245,0.0017948118533937,0.00281288879749451,0.00400343337797013,0.00287211557361936,0.00102503603787788,0.00290968339871565,0.00141863457230558,0.00270106284806673,0.00422068626534402,0.00296435425735685,0.00107796035688193,0.00145978164098582,0.00535827030713149,0.00282174834689346,0.0011291000314177,0.00543552521082094,0.00101686847726259,0.00405448435032175,0.0030103390703824,0.000938750132006178,0.00106678639982742,0.00117463639862519,0.00139439339090248,0.00362994412125331,0.00100993526370849,0.00369431814227889,0.00273246830411699,0.00548861022869443,0.0035829919092836,0.00524416235271618,0.00106170653299138,0.00138907278444899,0.00347406990000426,0.00305081967905268,0.00112347945806556,0.00289765145510603,0.00116424918937654,0.00126324492915283,0.00303276994119317,0.00102387119339599,0.00101388301788119,0.000961827807590558,0.00104646597321056,0.0050805587474289,0.00114233246479911,0.000996028497418945,0.00313576832825632,0.00109850675151617,0.00292014030903196,0.00293443866135027,0.00134523952370417,0.00319586712882837,0.00223348136388573,0.00110729751697777,0.00110627493110082,0.00105591296176431,0.00106729001887954,0.00224728778419969,0.00393611329062489,0.00101398803748561,0.00554357114638001,0.00132038273664621,0.00309239021157231,0.0012007534261869,0.0031353730823685,0.00103419240586353,0.00111723587717034,0.00314290881931524,0.000978070929527688,0.0038447814693941,0.000938187131801264,0.00122376915389787,0.00376521602308171,0.00326318453655996,0.00325514800944621,0.00213206715853895,0.00555268915963655
"DU0054",0.00217901509502264,0.00203320697216703,0.00110333449014001,0.00202078240147242,0.0010182387285804,0.00171481514584476,0.001142488039127,0.00445560719825967,0.0011858618502135,0.0042992198495185,0.0023513791046533,0.0044834733511135,0.00221216805086613,0.00520419393147006,0.00202736485252415,0.00208569806548028,0.00448433077619801,0.000864000624789445,0.000992396324036604,0.00116702030966046,0.00202457282660753,0.00122551383580679,0.00173140627836925,0.00114517607450299,0.00219280925043871,0.00127039022458417,0.00124818639167533,0.00322282571061396,0.000929738781620506,0.00416439276660393,0.00280411374467618,0.00122429870674885,0.00431749456055997,0.00213107443413899,0.00197755981218574,0.00433501556407857,0.00121951299923012,0.00107509586654533,0.00405557167395931,0.00108215605769883,0.00221810315923753,0.00204798941183836,0.0010774868551227,0.0021801565180908,0.00173391491721306,0.00187021973521193,0.00100490109714283,0.0011631965861961,0.00118793341054829,0.00485759455705485,0.00323594762900912,0.00185260755226674,0.0021504618417169,0.00116412021323869,0.00211624148629395,0.00110095955959295,0.00183725088123314,0.0011262395872369,0.00112575033691336,0.00188542982221987,0.0020426585639615,0.00142019500271682,0.00403493961679079,0.00104606750345748,0.0020551291546785,0.00371440690580803,0.00113372303055813,0.00210353657543846,0.00174313439491694,0.00221044495917449,0.00135805477880839,0.00104981632446224,0.00104352971430836,0.00457477721597657,0.00139705960019762,0.00106100479733645,0.00316234448576012,0.00330630839508058,0.00207658308543717,0.00226126241277359,0.00417433030961703,0.00437866499792825,0.0031804500750427,0.00337542473025841,0.00232164325183918,0.0020137663691752,0.00115465809890682,0.00119112907365262,0.00111927750327051,0.00412959525067404,0.00118452095150819,0.000990419748391104,0.000996823744068756,0.00155845857036059,0.00215529674490471,0.00193472424887708,0.00108353084630909,0.00196728479097525,0.00107609689245038,0.00123601418375027,0.00396339487424146,0.00334960990398138,0.0032811751543644,0.00100427651962021,0.00446632360537994,0.00122065942143658,0.00104074820833711,0.00430531244181721,0.001079478057968,0.00129116261695577,0.00332572558096205,0.00108912264999779,0.000920548501720631,0.00198504987472783,0.5,0.00211876059462981,0.00202807321682522,0.00197522866134982,0.00316462040359809,0.00425639040885097,0.00594678668170146,0.00503239168944334,0.00415782691363885,0.00298279174216974,0.00315420775297092,0.00108099584399977,0.00126798426149889,0.00420414929770728,0.00290980569380147,0.00118984939461804,0.00120813768712882,0.000865364082564621,0.00309370374044874,0.00477316519680449,0.00289319152944268,0.00303017490019575,0.00311615893153428,0.000946826500042911,0.00113112364335846,0.00110767269447705,0.00108064262122746,0.00685900347186595,0.00290790328389871,0.00292453593383233,0.00111596177826425,0.00313922171725541,0.00462151379444066,0.00507227199233393,0.00304380191711582,0.00259932817644802,0.00147395173040384,0.000986641984265801,0.00307341678232281,0.00105193950610522,0.00487306955786349,0.00280151914365064,0.000936228462308926,0.00126230696397002,0.00129623359616598,0.00404234070257277,0.00118582385565034,0.00106365211607819,0.00116989426194809,0.00106841818048234,0.00109791289363572,0.00119572160146839,0.00295055082148645,0.00289628659246477,0.00319698096526884,0.00400742337775289,0.00129754708274672,0.00115738285646904,0.00101820990882621,0.00282959702824444,0.00343930616068458,0.00288717928904707,0.00109474952413575,0.00110597686243258,0.00724203337261649,0.00632648086236894,0.00114382460954648,0.00129668031927172,0.0012885964777009,0.00289145281798926,0.0011256528585518,0.00132825942772279,0.00111501160269483,0.00448826172863737,0.00161663727592313,0.00576305839569042,0.00103957892427376,0.00286897669441352,0.00117250513590607,0.00219276401022824,0.00216222641212213,0.00364808059750942,0.00200676961893822,0.00118987316210193,0.0010749069139599,0.000876330881050874,0.00298330973377881,0.00111608203683944,0.00222527802041023,0.00131113634845837,0.0041320951949448,0.00113029996889797,0.0011094726171389,0.00290251322074288,0.00323047904892859,0.00278423564191788,0.00305326438941712,0.00106662032416516,0.00122839403714473,0.00108992319695599,0.00106001454154095,0.00127326572683301,0.00309738328390535
"DU0055",0.00359063396298657,0.00192456676337941,0.000852921027264857,0.00192164855475437,0.000744043505963613,0.00163006839619846,0.000846346354470786,0.00106913455497375,0.000899199201238766,0.00540034014492494,0.000902318098952797,0.00507938090271934,0.00612278187605632,0.0047050169690256,0.00712679672790087,0.00478719579100093,0.00492295878830944,0.000821771117840902,0.000921083865451367,0.00108157198365178,0.00190815620788661,0.00110331604045472,0.00158363276805959,0.000874070514287268,0.00337199992683865,0.00119008732972697,0.000792585335590231,0.000862787240403919,0.000948504556327368,0.00223089151551242,0.00554827492840941,0.00313473147185995,0.00452981530538045,0.00585998201546146,0.00619046548016654,0.00518890821529441,0.00311078408015487,0.000812127671658352,0.000825247387981654,0.00090477463876885,0.000968722735384449,0.00187805324845502,0.000928248069254708,0.00114913864569463,0.00163588955518674,0.00180408533911517,0.000881138189060162,0.000828139825481388,0.0018864051432246,0.00208104286700534,0.0009860597217142,0.00175221200613659,0.00213638753333309,0.000922412087880342,0.00195856728884759,0.00127244017237807,0.00272547408294067,0.00205588741546899,0.0020271055903849,0.00180349239779532,0.00211423953820382,0.000734276203724664,0.000786637248392015,0.000645020673237842,0.00751712833303173,0.000828293559801451,0.00187991273490758,0.00197179459673719,0.00159307070620086,0.00084297884802934,0.00306996681387756,0.0029094769720825,0.000783050136395159,0.00165285065233008,0.00589106995487693,0.00203092734364301,0.00736921864013645,0.00118777070388757,0.0057802293146177,0.00441838187638859,0.00751306174698417,0.00484293613215072,0.00535446490743433,0.00457742557463541,0.000766904052748097,0.00180374724253763,0.00129014699679067,0.00106586858747954,0.00220132134314916,0.000973774723772815,0.000876511950116178,0.000688876932086963,0.00155923142518699,0.00629821427207166,0.00484226461808655,0.00186931397068425,0.00254266589242934,0.00182647309362404,0.00082512130539284,0.000736117179700403,0.000830988888044959,0.00199432601119386,0.00716776551338052,0.000677326208677304,0.00525337971102005,0.000714327395894853,0.000832622766817911,0.00289467377312665,0.00163032607133873,0.00127542306874054,0.000917375914216722,0.00185065368752729,0.000735735443730103,0.00186755558023475,0.00211876059462981,0.5,0.00696343530138006,0.00671665951197341,0.0062050197521127,0.00492959186580952,0.00320896306755168,0.00241142118121838,0.00292450497751005,0.00715103329771793,0.00325725916803272,0.00166222372924115,0.000912300938523847,0.000812724959640928,0.00278362569501227,0.00101793758225503,0.00130593465060855,0.000708120353202539,0.00291363395518654,0.00079919492731419,0.00283455294570335,0.00290178592918638,0.000921885002341818,0.00085299524570502,0.00112323318528781,0.00229570346344311,0.00101373836152288,0.00269946786028125,0.00280566973872437,0.00281943470457152,0.000985463596739523,0.0056848091752929,0.000751321671592017,0.000892927861827834,0.00301795983352805,0.00250369622883573,0.00219417704898111,0.000804363440360268,0.00301508666011383,0.000938561866761775,0.000883334882965296,0.00343923323822191,0.000746859088455064,0.000975368549272326,0.00436292089422173,0.00333056624986766,0.00433356173035842,0.00170536425821156,0.000858048268348769,0.000863471552757572,0.00549926505694312,0.00114193503631829,0.00764950013769767,0.00369086299212645,0.000876488793364818,0.00490669714280362,0.000849202877925576,0.000739346554707341,0.00145203245946445,0.00266379285916277,0.00589024534656792,0.00388126850808538,0.00114781182835168,0.000780927470068501,0.00290321836984042,0.000965403758713044,0.000951833292007562,0.0035569456260409,0.000903119042793635,0.00283130140504086,0.00104751933795716,0.000964768160023092,0.000728535934445528,0.000794600387649164,0.00071832710195778,0.00291656830299241,0.000881644602149979,0.00278277493901692,0.000937406789928189,0.00111910584745634,0.000952678661501472,0.000851378200813703,0.000751534643548586,0.00349934156394059,0.000953379750494625,0.00070821316822703,0.00288367201720641,0.000936084817320445,0.00080396514880004,0.00112580910286237,0.00292465001377101,0.00338023154422335,0.00101458068565923,0.00288377325709085,0.00115113874306794,0.00274636257383555,0.00133457810349845,0.000949001060446947,0.000952425148741885,0.000810242328530055,0.000716945300409641,0.000826075429078438,0.00304023454930612
"DU0056",0.005904820510282,0.00184281781988085,0.000978894871898711,0.00196516517389158,0.000850045414941131,0.00249815465493397,0.000925459989346185,0.000811033539502664,0.000890063994302116,0.00472369821979339,0.000951270421705562,0.00360392891147736,0.00388941093460465,0.00482609297354105,0.00737885670121097,0.00645297469431221,0.00240216670285812,0.000898246936404104,0.000949288850466811,0.000900400957484104,0.00191288634238407,0.000918182371091474,0.00157832434511705,0.000933581793684595,0.00262701945063301,0.00106543221469994,0.000809375518519661,0.000960045304025538,0.00186322099416065,0.00198652308164216,0.00562938306000448,0.00132057382891381,0.00362135703842924,0.00611071879958094,0.00712537145394043,0.00499573141449255,0.00210885565577818,0.000857896462876407,0.000875482860386469,0.0016547725525554,0.00103273095862722,0.00189540059631788,0.00101724640906383,0.000930816391045402,0.00167437801879861,0.00179061417422089,0.000950902076069394,0.000878744141994668,0.0010237994299014,0.00205791274459743,0.000991658773980387,0.00175784817117937,0.00208843333796486,0.00103161057481671,0.00194633560763393,0.00447413534252079,0.00502951437333458,0.00445326020630805,0.0021761381867355,0.0017241025435925,0.00305388764998624,0.000783472727405259,0.000788816837052076,0.000735704364634799,0.00722846992159794,0.000861239496087213,0.00115549705905767,0.00284747173201225,0.0016392378240013,0.000826086092259491,0.00311400745319115,0.00325209388307319,0.000829405183153343,0.00169335771436326,0.00357555451115653,0.00322429343421011,0.00481508874270598,0.00116030292865292,0.00490038686285738,0.0057983862567709,0.00511504264937926,0.00231425806382776,0.00459269977115116,0.00246891382902313,0.000842395610845461,0.00178891684571447,0.00234432353167507,0.00210994515042204,0.00341771992111251,0.00163594548918509,0.000948730242119564,0.000773810382211242,0.00299021012879813,0.00517016916231787,0.0060946892619689,0.00179928572676216,0.000957295752761717,0.00182922694802494,0.000885954737842353,0.000807695724846254,0.000861675526221358,0.00198463270495029,0.00371517279152084,0.000790030467529821,0.004815632026984,0.000760893015979853,0.000912124768353188,0.00193069059366553,0.00291739747594152,0.00235064961682547,0.00100752683592332,0.00301492475006039,0.000849943874412636,0.00191065900982958,0.00202807321682522,0.00696343530138006,0.5,0.00681215883091473,0.00577699666490517,0.00312612601258619,0.00309362925154128,0.00242597355435729,0.00293123668741205,0.0056140652137099,0.00105406208066479,0.00295034119764049,0.000997998342457564,0.000863241106841824,0.00281683668051923,0.00112997743273572,0.00233596747330045,0.000802484930560734,0.00291135653613083,0.000849146558350511,0.00281373567193432,0.0029173625963745,0.000901114572710874,0.00117926685052691,0.00204858282725504,0.00248935893073113,0.00104242452661225,0.00266749190364973,0.00281037354456646,0.0027645650332933,0.000996384714539287,0.00680321706582173,0.000792487327505761,0.000865179244620576,0.00299043362617714,0.0025700480650436,0.00101747529645711,0.000914509769312071,0.00298615929607298,0.000950769334379481,0.000907996278160022,0.00382811274441815,0.000729073980698111,0.000965381317663863,0.00415228051687998,0.00372734553968288,0.00490196309698488,0.00302415859730808,0.000956684715809545,0.000954936414276184,0.00604666381554279,0.00117093754510783,0.00607472124978902,0.00487970193653628,0.000876752642867873,0.00311176227840594,0.000835618308615513,0.000770127064905739,0.00256989923309525,0.00271168605531181,0.00391918797315467,0.00399993255504763,0.00242974357128091,0.000851755534275681,0.00287608847906722,0.00100071489342368,0.000976426660454056,0.00363764270328689,0.00101176723359169,0.00287197859610905,0.00113104234673406,0.000980166255662617,0.00081949064654179,0.000831842000988487,0.000781537198070458,0.0028284169953777,0.000986298308702444,0.00280267971312167,0.000828017641574107,0.000939049454795154,0.00198483404969515,0.000923812635511284,0.000802562077230346,0.00235903020543631,0.00103781620804181,0.000739154924388522,0.00289507298621956,0.00103350835084642,0.000901090716745931,0.0021320344520828,0.00294601890714713,0.00360864712639637,0.000935929992627106,0.00286676478277876,0.00107582238530987,0.0027341960533151,0.00100993704837581,0.00102319709124304,0.00101182066860819,0.000927738352542789,0.000817381274211969,0.000869273805137833,0.00304537891044834
"DU0057",0.00328156527929469,0.00182499647922562,0.000834468100509312,0.00272618404044775,0.000755049229420057,0.00246689157720472,0.000897315901072231,0.00096790554946231,0.000864741831054476,0.00470491523888686,0.000903359350555298,0.00498768802844616,0.00707840306905176,0.00230260100180335,0.00700437969331779,0.00572787287924159,0.00471930560957246,0.000781447874839498,0.000847139997144607,0.00094598032721365,0.00183657278729532,0.000969795324178415,0.00155160452319347,0.000834049064184473,0.00131982383946648,0.00108301485559969,0.000773649917611786,0.000890136218394051,0.000842070992899483,0.00200489973082664,0.00586215501489349,0.00296943789877175,0.00356232364176045,0.00668333872271351,0.0064745413705505,0.00484381919707443,0.00295183055715996,0.0015766738680958,0.000787273255088306,0.000913703636854331,0.000909037475012691,0.00181522275452819,0.00087955963469743,0.0010062975108372,0.00161653707116516,0.00172475977815927,0.000826714323746841,0.000790408605182633,0.00192202315470591,0.00200647912670703,0.000892195396183981,0.00168816175300066,0.00312772109611421,0.000868291351654231,0.00188203252190713,0.00178230766752306,0.00372041614337339,0.00287296856788439,0.00100503464419524,0.00170992916857209,0.00202380042779998,0.000719250101325874,0.00075445238121579,0.00066863771071246,0.00687005010760705,0.000768417421909332,0.0010643604703131,0.00198014531186754,0.00158696985999876,0.000805824774961118,0.00301505203910306,0.00301902691590463,0.000777768182698691,0.00164472770927469,0.00424246755507295,0.00298982691202833,0.00480686345797266,0.00104019064220478,0.00339159377910969,0.00570052133354951,0.00483460422854265,0.00460286878120212,0.00462587214490842,0.00244970841656632,0.000757211048848427,0.0017285275917496,0.00214514163452157,0.000971852931627797,0.00107692177853407,0.00161228445099293,0.000885376644006281,0.000720091876768683,0.00258639812930171,0.00574073875798917,0.00600747045499427,0.00176755767410699,0.000954137159853496,0.00176480402819882,0.00079814029548982,0.00073872280739967,0.000790680351925867,0.00191329782218451,0.00486625048540298,0.000728643267872506,0.00507743924210275,0.000718048187797186,0.000804592178389724,0.00267674464700172,0.00252842948799406,0.00114362355467437,0.000932024824293547,0.00190812351718824,0.000759818888792712,0.00184780562107323,0.00197522866134982,0.00671665951197341,0.00681215883091473,0.5,0.00770656331140857,0.00408383665566272,0.00484603401546565,0.00243064041029808,0.00387587561968719,0.00581468001032023,0.00209175637444588,0.00183039386693777,0.000917869938092826,0.000822640505234712,0.00528434737560295,0.00189641193857687,0.00232325679128358,0.00071052623581838,0.00381891935033826,0.000788791089873691,0.00369638970023247,0.0038594774365835,0.000873151148165287,0.000952176799313843,0.00107108049197549,0.00111118936665581,0.000942441847344117,0.00354829609520508,0.0037102359360622,0.00368816056382276,0.000904392650749354,0.00850688309181854,0.00072044885256832,0.000883587996694593,0.00392645174167496,0.00334981935466036,0.00201550785384811,0.000807686450200273,0.00392170341398711,0.000891361603478696,0.000837165811366595,0.00448646501231284,0.000699726772068219,0.000904534855031267,0.00523462733716727,0.00136260040300722,0.00366226251753651,0.00186205033534308,0.000892576450812126,0.00081199118608572,0.00565802064903398,0.00109706208467727,0.00779625962223849,0.00472679800566443,0.000845995933027645,0.00403203697178982,0.000810797172254792,0.000728658417743799,0.00168509364772922,0.00357899447052853,0.00395294897602185,0.00380742219420695,0.00110639667534017,0.000793222915813303,0.00381121961460709,0.000901299191219568,0.000888655443561226,0.00118811147341666,0.000816834107344909,0.00369238999521612,0.000947770023401032,0.000890558468506396,0.00227972764876121,0.000783113584406968,0.000721132923584753,0.00376731244145547,0.000864784074553647,0.00368972518157023,0.000860144391041965,0.00101861631549471,0.000859681096780051,0.000804381471780343,0.00074434288989162,0.00313820996114021,0.000896077942305202,0.000672222133342612,0.0038027702719534,0.000912702509354857,0.000805915853051498,0.00111569463542378,0.00387955282786582,0.0031805299400521,0.000955861066301553,0.00376297253254143,0.00101218247937054,0.00359136747022149,0.0011187068870229,0.000885720345641817,0.00186979205528046,0.000805896707498984,0.000761165234054834,0.000848217438614166,0.00397815093375366
"DU0050",0.00451229885847749,0.00299474372196454,0.000754838856919388,0.00307690103754241,0.000632262161147857,0.00254198104009192,0.000771279383275593,0.00107095493314064,0.000819076147984913,0.00599243942206649,0.000836639670693856,0.00615396932638444,0.00718253393191907,0.00532483342095021,0.00672572495170573,0.00474474624216065,0.00605764219996917,0.000760692280022624,0.000786230710847946,0.000964954556731605,0.002924680319137,0.000990037466029462,0.00249998986952422,0.000735974830835977,0.00127240511511669,0.00114709889072259,0.000733082931239186,0.000805200308043275,0.000847810959102192,0.00410475515075149,0.00664475878929494,0.00222459575808179,0.00460119516344891,0.00663772405143874,0.00578549494523012,0.00593604194146771,0.00205152021340148,0.000755415666403884,0.000723607741562673,0.000851172903195286,0.000806626673274439,0.00292373873633555,0.000809620877843127,0.00104934331586069,0.00259375300554379,0.00277107720632555,0.000782956572757211,0.000740148731372783,0.0037050613955731,0.00327973275328047,0.000899145098112238,0.0027158555843755,0.00329777991280027,0.000815430076197666,0.00305277569123684,0.00108306273091834,0.0029900507252187,0.00114613063967009,0.000955656077216038,0.00280567253306876,0.003953572692984,0.000654607032934313,0.000730593745174642,0.000620964701405486,0.0061577527983144,0.000717992727092812,0.00263262861807145,0.00307715687885485,0.00250969122797687,0.000818686799366119,0.0010704571987071,0.000942749387380159,0.000739650772693824,0.00257977936920636,0.00445934649316622,0.0010798988659569,0.00611847913369614,0.0018683844738748,0.00421754685194526,0.00333842695457872,0.0060554327235775,0.00592197251984782,0.00597110608638072,0.00367480574418875,0.000681928212315909,0.0028821944408913,0.00205622867481678,0.000929711934136515,0.000993195896061,0.000891021872219818,0.000760603823586606,0.000699871015619643,0.000896008553604465,0.00556272440126788,0.00581768384151845,0.00289285950813172,0.00254496450593516,0.00282064422713318,0.000728635087469995,0.000681988480582304,0.000689821731007217,0.00305481474075629,0.00695828605488802,0.000650114779303183,0.00630939757499568,0.000665672055683791,0.000710356497800662,0.000988251470837747,0.0008382192693876,0.00113595457634379,0.000821229817327633,0.00115707333162974,0.000672915786797259,0.00295037347079515,0.00316462040359809,0.0062050197521127,0.00577699666490517,0.00770656331140857,0.5,0.00458510104095936,0.00540352854647224,0.00242599753778802,0.00353420739199095,0.00476161193972871,0.00329926003090242,0.000831690743461305,0.000829562100042563,0.00073724270854559,0.00342399745922273,0.0028029745033134,0.00212499735534283,0.000637008477491892,0.00348142179277943,0.000676930690187757,0.00340226000434316,0.00353273617349362,0.000921519317614387,0.000736824647873076,0.00189535433735845,0.00104975205855351,0.000975238551126318,0.00323978847643939,0.0034194868797274,0.00343523000310584,0.000932445491511138,0.00819926863655298,0.000674719902608403,0.000825072821295328,0.00360722786806689,0.00302554180532036,0.00295188129396236,0.000734517211356414,0.0036103367480606,0.000847219823197437,0.00071792777748984,0.0034082951927131,0.000741509231085501,0.000892516957832871,0.00596596185553585,0.00220746627916974,0.00366712873857252,0.000903084769376029,0.000778570987991433,0.000755764668400015,0.00325759103263039,0.00103756431428181,0.00690761426358634,0.00355746627815955,0.000829441433226704,0.0037590823803198,0.000812900351510722,0.000717147547109898,0.000853182090802705,0.00324246383593825,0.00365696772404719,0.00351363325499076,0.000996402008729132,0.000712703321658156,0.00347549570129068,0.000870202470886878,0.000905078947968878,0.00115768770108156,0.000853825923804616,0.00339067858200191,0.000914694179957294,0.000918484853308872,0.000712417347783059,0.000722299722581014,0.000693053019479405,0.00347140822646844,0.000786400800677084,0.00337207216841594,0.000906920742905715,0.000998122384930032,0.00082545628783553,0.000739493081803634,0.000746430795334311,0.00128187846779107,0.000810410493393843,0.00068654882880672,0.00347886342370853,0.000771909513584125,0.000734180034744509,0.00103351713315637,0.00352759397059582,0.00300071747757673,0.00097643740812009,0.00345516280129628,0.00108115336868444,0.00329342174446298,0.00125929997975722,0.000836917600816348,0.00262371604200783,0.000726634376660758,0.000736267578247496,0.000776253700772624,0.00365523933641182
"DU0051",0.00324048717683076,0.00415049414551295,0.000855268254341561,0.00297519595423257,0.000788422438825149,0.00252074860929028,0.0018004495879216,0.00102722180997106,0.00107043246397991,0.00323576339092409,0.00102318743353,0.00330743419890642,0.00427375629227317,0.00402169451755367,0.00401395185361078,0.00170064345780725,0.00432024529156097,0.000730501998101738,0.000894351487294106,0.000935826259625183,0.00291558331226583,0.000984195026609898,0.00340692086767037,0.000929266251398582,0.00287635489898972,0.00395019267007723,0.000968043658191072,0.000933360088291502,0.000763712476702216,0.00513018142905317,0.00430340159595902,0.00396977224906574,0.00527274923563375,0.00496352327295899,0.0030563359877436,0.00403444796548868,0.00296176104674372,0.0008933135708235,0.00176511944405393,0.000994779496576808,0.000934879040477862,0.00293352240852058,0.000937373807845327,0.00100078919162045,0.00260425899125296,0.00276974063992526,0.000857714608958265,0.00105493616688313,0.00120782435823184,0.00328418314111354,0.00175191484630373,0.00270074007190085,0.00326782153929656,0.000990104033961274,0.00306669427584662,0.00100844541218496,0.00272977532866782,0.00102417970227393,0.000965867920513289,0.00379944229560112,0.00304449631252912,0.000901150928947109,0.00289066002744752,0.000833335511388057,0.00318401552130236,0.00278532673051369,0.00202175604038246,0.00300095403642408,0.0025437324988105,0.000858966532282844,0.00205209048406313,0.00094239753460066,0.000789665882528972,0.00349483057565641,0.00282176390579438,0.00315701273316112,0.00512669688645712,0.00424073906733787,0.00301276406209947,0.00335669807583527,0.00505975397903928,0.0041674482212353,0.00498867780901852,0.00535767343057597,0.00182360114789665,0.0041153733199096,0.00106328393663827,0.000995285964800313,0.000954137329144622,0.00316157078841676,0.000985200118162624,0.000938699517342733,0.000891582617891133,0.00308888019259493,0.00418269515225293,0.00501930694187046,0.000849624798393784,0.00281300131629422,0.00084929377755198,0.0008083437661603,0.0017282682625913,0.00303681247372177,0.00635024970741631,0.000728433909314925,0.00328569707893306,0.00082978312125912,0.000825088218433737,0.00352145711127587,0.000797919201109025,0.00115629248356026,0.0010129841169391,0.00122438829443331,0.000777756705787355,0.00290744045890691,0.00425639040885097,0.00492959186580952,0.00312612601258619,0.00408383665566272,0.00458510104095936,0.5,0.00630838710006376,0.00527433778283057,0.00347107324622605,0.00519291463353779,0.00123504700662552,0.000845925342087894,0.00103399621156368,0.00263073022341604,0.00328731140448571,0.0009878645617438,0.00106107098140333,0.000742275474461918,0.00434110030489486,0.00263401100751109,0.0033364968904586,0.00344114750367136,0.00130812352362844,0.000791455566457054,0.00285275741643661,0.00098521678308142,0.00211091579100176,0.00498284563890717,0.00333563048767193,0.00521988552774495,0.00123287614553569,0.00457431265304797,0.00184606559758896,0.00280597249497393,0.00352345993804376,0.00298786155299484,0.00184587412750235,0.000866316658443223,0.00353173390379685,0.00290390912406219,0.00274123621941656,0.00325906210284748,0.000699756141708295,0.00104692888438645,0.00219156698294126,0.00302211931544075,0.00112913736849002,0.000907850693129737,0.00089675219116306,0.000866919663945998,0.00111724658197158,0.00112733863239134,0.00516880182810836,0.0033767980719839,0.000862322800372407,0.00522636902409573,0.0011348084572179,0.000775587396292288,0.000811334384164005,0.00318132194877882,0.0054939558954403,0.00332373640739935,0.000943727628714909,0.00082644864329091,0.00441981490794889,0.0020224757341287,0.0021420448530348,0.0010492114677922,0.00110782921983803,0.0033042531344029,0.000923015043826463,0.00308165564758924,0.000761304891091378,0.00275891644408207,0.000902178839931913,0.00515104787077313,0.000868914332477744,0.00330330471184705,0.000783745933654015,0.00100854034247844,0.000888141437725112,0.00104895285908028,0.00113727335819012,0.00286586024357035,0.000895079740402192,0.000656757825730638,0.00340962046138301,0.000872799614752836,0.000920559315793834,0.00114105502623,0.00344554086690368,0.000981768053719949,0.00128925883612609,0.00338628829875064,0.00219062231772372,0.00323019721519539,0.00284836884975616,0.00093876380449809,0.00105435648758643,0.00086837407896833,0.000791586263556139,0.000867337723859508,0.00355104840130953
"DU0052",0.00416544319570929,0.00293673278259865,0.00276839469221529,0.00312798929879562,0.000899654355579053,0.00255750429407118,0.00102549631488379,0.00207620487258469,0.00105470440501156,0.00314575209983057,0.00101670265844555,0.00416031321164214,0.00537218503265235,0.00397172840140118,0.00317349646545172,0.00163082375389509,0.00323982849741065,0.000792215084361801,0.00176311260907902,0.000955787539222001,0.00295425392872467,0.000994106429728132,0.00249477103107907,0.00099302435649375,0.00112862999052452,0.00291557060178788,0.00101107095146069,0.00100905417910558,0.000787345128836528,0.00309274474922812,0.00570102408641047,0.00297400701216014,0.00522903544268117,0.00496102777456867,0.00300128096098277,0.00316789185080272,0.00290925475869248,0.000987033014508574,0.00290799455106611,0.0010458780720031,0.000991865564602074,0.00297724289626704,0.000957216121414492,0.00106563326195746,0.00264097061811539,0.00283063537569854,0.000884084151113607,0.00094997145331631,0.00194421144854964,0.00335761909635311,0.00102441474924145,0.00273592059418433,0.00322615755964875,0.0010431757850916,0.00523943099259301,0.00163279329529758,0.00274144855517867,0.000995620533790465,0.000956732690817232,0.00273013498385073,0.00305356505892443,0.00110713764629358,0.00339871189815901,0.00084822687760316,0.00312363907900685,0.00327614781645677,0.00180378640677589,0.00310919336048558,0.00258331393948942,0.00100368751654385,0.00114162040126004,0.000952842273672691,0.00089474977408542,0.00459082672766701,0.00267718996701755,0.000957404934260984,0.00404656754637407,0.000985224867707324,0.00282051167460107,0.00215040227072629,0.00321471698545249,0.0031602163094709,0.00402420625893231,0.00551263933364719,0.00198503876895209,0.00295346925797854,0.00105298691883401,0.00101682754298213,0.000954358547834217,0.00354636445147833,0.00101836648765772,0.000856893776624589,0.000892494435871054,0.0028714414245134,0.00422864730580299,0.00285522299833524,0.00262670424557368,0.00284286656851268,0.00091787168414931,0.000963132099804715,0.00290910728743807,0.00310246677828987,0.00333681140132245,0.000889756172676871,0.00327605167476587,0.000992957595532934,0.000886210426255669,0.00324326412189733,0.000925976950141585,0.00304249883288868,0.00107440582207224,0.000898001000353593,0.00081405633373283,0.00299003815149944,0.00594678668170146,0.00320896306755168,0.00309362925154128,0.00484603401546565,0.00540352854647224,0.00630838710006376,0.5,0.00422947806523649,0.00353730559291127,0.00510859023483834,0.0018725990915656,0.000916312895262178,0.0011018896117564,0.00324350819498821,0.00419227356130454,0.00195839267923992,0.00287955086794706,0.000778072215511484,0.00353141940381223,0.00325062598431471,0.00337288760299947,0.00354601421418206,0.000961168656825546,0.000848041779064251,0.00100065495260521,0.00097236029654099,0.000913507766504485,0.00543803905688174,0.00337687205738799,0.00334993470358768,0.000937349738558467,0.00456129179210226,0.00326378108495307,0.00499519215328306,0.0035958718427511,0.00306870413740675,0.00211121273749759,0.000884870822649766,0.00360316297750288,0.000906732401119163,0.00335024916722696,0.00327589440404074,0.00077110247464459,0.00106549677461803,0.00317816642923117,0.00196182800712847,0.00107953137987262,0.000953177297427732,0.000997427988753121,0.000905621371713476,0.00110226317815821,0.00109654402170981,0.00355757412968807,0.00338443674059834,0.00096285701866908,0.00360557530282713,0.000919010087798127,0.000941041159290041,0.00089215179913757,0.00326338201374026,0.00234557794608055,0.00333875468485341,0.000929527471437993,0.000955761690543617,0.0058463818085441,0.00319198594441585,0.000954110756937417,0.00104056779098175,0.00091483929645489,0.00332648966495761,0.000969630387833028,0.00103329078383519,0.000970018622847415,0.00324171904124045,0.00124875545421672,0.00724684234478262,0.000939404332149939,0.00334920773223981,0.00092986043083133,0.00105209526773568,0.000993782072556217,0.00318863984640609,0.000898926914980616,0.00325107432391196,0.00093020108223661,0.00072121967051165,0.00344950890741845,0.00095256720489723,0.00339826086513291,0.00300414543268696,0.00353646201516862,0.000991600866032546,0.000980786809964126,0.00344493404757265,0.00101261678287747,0.00328408762140185,0.00259476353212158,0.000986651520100851,0.00287365249145615,0.00094184122198704,0.000926088813981783,0.00268823527324493,0.00357701176427736
"DU0053",0.00130359711121341,0.00119489568345319,0.00098576654091507,0.00107772312634612,0.000934634660461367,0.000984618240755116,0.00421405383047475,0.00129577607592578,0.00296860616591982,0.00237516474991006,0.00480274983374029,0.00469140792343832,0.00471298273457232,0.00421266014660861,0.00248488819241164,0.0046179480136115,0.00369988380778306,0.000753036566381255,0.000783820446890108,0.000911098226743979,0.000927285005464695,0.000932839746777624,0.00107075089007418,0.000865642091589483,0.00307430795632139,0.00683303980656193,0.00427804499520281,0.00503793424568878,0.00085379430264128,0.00333793959239853,0.00335933618075356,0.0039158216404264,0.00344114219542434,0.00329035999928606,0.00144448059439477,0.00434869526686678,0.00457660222357634,0.00423948185318951,0.00107992936556357,0.00425550033809989,0.00101637335966341,0.00101886838319777,0.000914950820368304,0.00106467224331724,0.00092537526998896,0.000845562034142405,0.000753452847092754,0.000925613706808509,0.00119243274913722,0.00128801224027525,0.00285072562502311,0.000853945292489336,0.00116456195764852,0.00463077775881056,0.0011010417755622,0.00116527554394326,0.00124984786502011,0.00431393137179996,0.00472013765656366,0.00109079667342876,0.00117770181459265,0.00104736704346688,0.00207520415290596,0.000954682508444872,0.00146499372364724,0.00178213544512058,0.00116133363095466,0.00108893384085253,0.000891535595833774,0.00196160499187749,0.00205908170529295,0.000981052714886325,0.000752439145246339,0.00119983789542352,0.00294828951015006,0.00138904656774409,0.00346044577311153,0.00256325580602789,0.00521462770909734,0.00738620247284792,0.00343798734196203,0.0043710300701132,0.00334233984890258,0.00341359847887306,0.00581120492455988,0.00102903967835563,0.00213832967982036,0.00259935170725704,0.0010563217754933,0.00585790547037245,0.00474266600262919,0.00407747608892273,0.0042121905162438,0.00491129201400519,0.00243179091541951,0.00102308995940177,0.000938429688824506,0.000890636173310504,0.000784242628618517,0.000903154461139712,0.00108400060613022,0.00117931242346541,0.00354389825313545,0.000878283633030171,0.00267857779697192,0.000939860630512198,0.000836129565406089,0.00370181701535339,0.000952718200561542,0.00547530554205087,0.00564936362387651,0.0012008335984354,0.000846352047234044,0.00103143830913742,0.00503239168944334,0.00241142118121838,0.00242597355435729,0.00243064041029808,0.00242599753778802,0.00527433778283057,0.00422947806523649,0.5,0.0010398028946334,0.00289532961139124,0.00371745585700761,0.00104759176847695,0.00347494880386849,0.00530303299620092,0.000984690679695992,0.00510787341419621,0.0034657932314599,0.000911165930182683,0.00184724216163653,0.00274287458309409,0.000819024455734745,0.000925152685639889,0.00537247483734211,0.000883907650435294,0.00115899159571748,0.00104254324125803,0.00106508641915416,0.0019778814486087,0.000895077934611723,0.00104080713854098,0.00117671538083792,0.00324284627642486,0.00346943534624457,0.00368481687584772,0.000876473994067021,0.000791731723535599,0.00131310270212044,0.000801989063683823,0.000876122931300388,0.00107388634277366,0.00279061521632971,0.000969002346377384,0.000796851076020491,0.00489952935969705,0.00434516583940105,0.00495951717513957,0.0043934727771465,0.00454265171853937,0.000839879343396663,0.000861759643072442,0.00218718127424644,0.00280878192577045,0.0021106479030917,0.000989811570437483,0.00103159702843159,0.0028524418708248,0.00112512169489648,0.000988353922101355,0.000906256127535184,0.000826506033297619,0.00775514125322442,0.000976576419493958,0.00252820070477707,0.000847423468914254,0.00321557255184157,0.00363860725039418,0.00275457804648635,0.00288268302681384,0.00399049200852351,0.000848099693774848,0.00106603810225223,0.00463553440549753,0.000923094343330405,0.00519708512183246,0.00143052288538947,0.00210345724654969,0.00086680334356703,0.000855976021495722,0.000904373819913161,0.00108795802396793,0.001074445679456,0.00265832533315445,0.00482045350943729,0.00207225674874889,0.000829869335935646,0.000789243907551426,0.000931656977072847,0.000868890573098653,0.00102855885076893,0.00637856345667283,0.00104500693213188,0.00108061495876555,0.00272556987959579,0.000824319088764185,0.00125492626386149,0.000790892998879063,0.00284142744966278,0.00109573052015249,0.00493175775617132,0.00459241696974067,0.000931232425541275,0.00188093937584701,0.000931733970891045
"DU0028",0.00317046597895901,0.00398809377720713,0.00309411085252513,0.00337975390371424,0.00189070354782345,0.00499831400633603,0.00288424304022788,0.00375275435198531,0.000986686120669576,0.0050444531708413,0.00316159220803523,0.00320573274607606,0.00305989753921091,0.0039224647859705,0.00292702124881836,0.000876255751662171,0.0051983464879269,0.00079570830050302,0.000956955901918462,0.00107259260053241,0.00298167023002375,0.00109522762317262,0.00263539231484998,0.00183149125665729,0.000942716970576594,0.00102906315112153,0.00181459655514825,0.00487612269736699,0.000766138078771117,0.00293928388616866,0.00313014197081097,0.000994861954512447,0.00307063398444458,0.00291470471103852,0.00291594402003512,0.00397396691924373,0.00101845921470981,0.00107192125398217,0.000976152222439059,0.00104486393689883,0.00304305803696,0.00310593309036655,0.00102856945267761,0.0028475002573883,0.00279135835625799,0.0028601671823151,0.000927809945118501,0.0010460970896962,0.00109307006210222,0.00471795995693053,0.00115855145572986,0.00279249973833609,0.00323438556108714,0.0010563277340573,0.00430604558446247,0.000935600526711506,0.00276280962443516,0.000985278210642938,0.000926576105407728,0.00277369864089895,0.00302794423016362,0.00195650595886366,0.00212647841457521,0.00108562728604918,0.00300576284103884,0.000970319360865635,0.00101148863686857,0.00587855557020433,0.00277469179572988,0.00186608293262315,0.00111027625058159,0.00100759128042834,0.00101634837112347,0.00282878190238342,0.00113258456738791,0.000976897463085128,0.00294047719365028,0.00282441477662047,0.000901501160281816,0.00106384517488328,0.00294813493328475,0.00396941701491497,0.00297584303903216,0.00317335319319183,0.00189177227493145,0.00297906808899271,0.0010003175474533,0.0012438253326718,0.000936195507467639,0.00111973964695487,0.00110613685641233,0.00101830684995104,0.00110182133020112,0.000844025919111342,0.00307540703431954,0.00375528250478413,0.00112377670129664,0.00290557298335795,0.000987535025851255,0.0040612737102393,0.00100764217593421,0.00531399951878487,0.00304075599114945,0.0020513144087399,0.00518909431519137,0.00102591409641961,0.00361733457592464,0.0010411472559171,0.00346489659937475,0.00101595826989732,0.00423095576750717,0.000993287487130534,0.00202989264785931,0.00307477301267685,0.00415782691363885,0.00292450497751005,0.00293123668741205,0.00387587561968719,0.00353420739199095,0.00347107324622605,0.00353730559291127,0.0010398028946334,0.5,0.00331955202434612,0.00113475107468688,0.00336893040716379,0.00235632305910447,0.00106872569059319,0.00621084653411254,0.00102142907106126,0.0010520975942267,0.00105502692604634,0.00347463231627765,0.00106575357078116,0.00336509612424394,0.00361559394721933,0.00283204786448402,0.00117688466398683,0.0010308321790564,0.000944207479253734,0.000955881151493293,0.00511172349327642,0.00339617757798912,0.00421503158375398,0.000955040069367534,0.00348813891533299,0.00293661351409482,0.00114276436055285,0.00359607413129236,0.00409040754860941,0.0012088121242413,0.00200503249841831,0.00358201397583398,0.00101906001117225,0.00106122461514734,0.00337156577480742,0.00080889736454087,0.0011410897196141,0.00106596685345904,0.000965677195099972,0.00103726196359282,0.00311933332383413,0.00366550591415806,0.000997988871481017,0.000914067401829225,0.000996646628456446,0.00332002071160941,0.00346680451360567,0.00121865589856647,0.00349621343087751,0.00204065153105265,0.00117968287805858,0.00106433912243937,0.00611683014537752,0.00103974498866967,0.00329167315795928,0.000957472715484509,0.00291041109775348,0.00447470251132142,0.00292688140397142,0.00102133908932219,0.00294192390066975,0.00102618484650404,0.00332884744827678,0.00091503354917711,0.00296833998388695,0.00355404213996098,0.00191860703679422,0.00141380620275255,0.00429795167758414,0.00116327802424873,0.00427320916010974,0.000982893536520694,0.00449021764700051,0.00197380597093983,0.00207134091986721,0.00187301975661659,0.00101932570785976,0.0010189377105324,0.00077168425988831,0.00356184884205499,0.00360890408085077,0.00107079854603996,0.00109498986377317,0.00773192411338359,0.000929114413101975,0.000949073659765595,0.00345389000665236,0.00199351181857151,0.00329230669851887,0.0011849223119145,0.000960036812212224,0.00119800978518958,0.00296724052547749,0.00117129209875262,0.00378893910535669,0.00362152205041549
"DU0058",0.00613832922700872,0.00279170731029584,0.000854969692541056,0.00285869679726598,0.000723435145356353,0.00245720519136156,0.000714191156078529,0.000786016206822146,0.000778066140177894,0.00418589057972978,0.000774514375130203,0.00327752012030222,0.00518815654496737,0.00602677754343011,0.00713629842530378,0.00280841851715059,0.00320111470395826,0.000985097079443826,0.00091599751280684,0.000873239356839563,0.00286373617276044,0.000894280635775748,0.00233912832970312,0.000869087590923934,0.00522722603423267,0.00253800851935963,0.000697954748070148,0.000786853352353664,0.00306290321339336,0.00465855813824365,0.00428365286744087,0.0027547529222774,0.00526354070416718,0.00728210016179203,0.0054083080934027,0.00541375183088736,0.00286376348015488,0.000682847247521133,0.000829817111220669,0.000796130015527598,0.000903545935240281,0.00282375053834891,0.000933112416472481,0.000918018462690493,0.00247886251627113,0.00268557195465673,0.000880279470104032,0.00080889343630044,0.00087485560893899,0.00307964179104802,0.00105321931618987,0.00261655425430328,0.00309172357935988,0.00100167679909024,0.0029295488722854,0.00385251528739575,0.00529026689746885,0.00383399392044505,0.00343902782104613,0.00261988553590041,0.00430141087933156,0.000683597951704939,0.000712318185087058,0.000621675083328475,0.00620787233680884,0.000835603372566159,0.00167299627168534,0.00291987749590818,0.00241457589301728,0.000723756782352453,0.00269005771636604,0.00184945897868937,0.000705659240301289,0.00248299072584728,0.00461087409498722,0.00183322269453021,0.00598207578849099,0.0010069628560456,0.00531258766219736,0.00133621385210417,0.00721201496935677,0.00317056830322584,0.00327414586761908,0.00521478606641477,0.000728719224535031,0.00275964559720898,0.00213264485151457,0.00212675039913169,0.00367505979369214,0.00085565252237637,0.000802355784446459,0.000664384255057464,0.000993248267746471,0.00335278808666836,0.00647970696546395,0.00272433071569336,0.00153561080825354,0.00275517890480048,0.000797076913471204,0.000664186033491958,0.000807365844980814,0.00294978747448916,0.00518811557714374,0.000624852251676775,0.00333362969397438,0.000665430354965291,0.000813924715349659,0.00257828931500982,0.000830842704131426,0.00424734415204332,0.000791705216036684,0.00108426694593891,0.000743678012278146,0.00277671668184303,0.00298279174216974,0.00715103329771793,0.0056140652137099,0.00581468001032023,0.00476161193972871,0.00519291463353779,0.00510859023483834,0.00289532961139124,0.00331955202434612,0.5,0.00104460636562535,0.000959480418610997,0.000864271585456907,0.000792896685977155,0.00319179545716038,0.00101274286057551,0.00108155081556584,0.000700367281006435,0.00333446455454899,0.000773972048086874,0.00327534124633925,0.0033419699979779,0.000794621088223081,0.000861624728824859,0.00102800746212291,0.00356239720705214,0.000931916995018986,0.00310320566989675,0.00326683623640801,0.0032350168230365,0.000957748642966047,0.00549103485722847,0.000695441521004332,0.00145288659966988,0.00346872134482008,0.00291574622899422,0.00177173418215736,0.000814693534742682,0.0034861672421024,0.000858266090120854,0.000858560374115611,0.0033265621161466,0.000809613706037767,0.000861108101558149,0.00323944394629364,0.00560267906032396,0.00344018386518175,0.00098249450523211,0.000852446126403842,0.000852946914798632,0.00511477161836799,0.0011910277601256,0.00523713738632982,0.00343650743649239,0.000747366407113513,0.00513159989585832,0.000744781040629281,0.000652105894934401,0.000888203054473594,0.00309272191942746,0.00312600744569761,0.00571092479648708,0.00352980406457662,0.000734530038259908,0.00333624639122079,0.000920649754883128,0.000927245550133004,0.00346163650731931,0.000993251677715023,0.00341959565476691,0.00115364056763017,0.000929409932395491,0.000646261504786579,0.000727977851960899,0.000640255335564796,0.00329570755269645,0.000891928047980555,0.00320050364747951,0.000821804270665392,0.000899747505523393,0.002959241461384,0.000844921218079364,0.000726168782498488,0.00304027033812699,0.000934096372292692,0.000817037682711656,0.00332235482394928,0.000911204758853165,0.00078195281131907,0.00101887323685751,0.00333503031994806,0.00321078845797768,0.000860403680035353,0.00331245259701113,0.000999098142839745,0.00315466109822752,0.0010397851457451,0.000977865119132071,0.000849094902878335,0.000799739131424026,0.000663895362215381,0.000724498310278072,0.0035723568607805
"DU0059",0.00110799517701049,0.00233403011840719,0.00086161192323049,0.00108198115742839,0.000804316919295816,0.000885198497467523,0.000960605863045573,0.0263371779986218,0.000932652172019001,0.00445456706212764,0.00112093378062971,0.00557343695276833,0.00241916907048557,0.00313806115632781,0.00116303126681749,0.00166194831116745,0.00387621507972608,0.00356421343731535,0.000958451860856216,0.0106625498439659,0.00102687082032006,0.0103034421018931,0.00271840361856194,0.000874535901178342,0.00261365132217873,0.00493865652778839,0.00115085257874261,0.00196114800330786,0.00413465476394611,0.00534708056108167,0.0037593291380557,0.0033654751502078,0.0029982911421887,0.00120527464044114,0.00111154455971485,0.00410559221384148,0.00112653279785545,0.00093390641040094,0.000975619506801228,0.000898314952573092,0.00104482247708361,0.00107547000758962,0.000909097652525351,0.0143622124093933,0.000926235572667936,0.0010885518400615,0.00103034041395125,0.00108491545727183,0.00346168907283991,0.00130882021038341,0.00271640286592844,0.00106086268812163,0.00112619159533233,0.001022910450828,0.00102481905069041,0.000823442930930488,0.000765212923633797,0.000832803766910779,0.000935603786601518,0.00327205982690663,0.000948803532628827,0.000881109301677861,0.00111887717820091,0.000837701832887153,0.00316661473699406,0.00101479412613519,0.00215230313933258,0.00110236823563926,0.000919140008729791,0.00291076344119774,0.00110202513853477,0.000875089182278123,0.00107479699518332,0.000958381868231071,0.0128864254686409,0.00202227657316959,0.00521775604963735,0.00350644220797685,0.00117346415069746,0.00193331852947529,0.00405136586171414,0.00566528466845649,0.00536161870307792,0.00214838069562937,0.000904467137171489,0.00120635087734779,0.00100655249142657,0.000814992084944494,0.000903867855847354,0.00109465553777941,0.0008529508534463,0.000898093113555248,0.000735231491827352,0.00338754359894658,0.00104228928311525,0.00216353476924937,0.00113629149262571,0.00104739745140092,0.000989600197061499,0.00178624487135668,0.000998910143093557,0.00207763210702924,0.00452998718846779,0.000822102208435814,0.00445208988085555,0.000895090248799512,0.00111236317185239,0.00105647913128737,0.000930168227772015,0.0020375913570955,0.00101400956204752,0.00107184915388321,0.000715818520423582,0.000885721789879746,0.00315420775297092,0.00325725916803272,0.00105406208066479,0.00209175637444588,0.00329926003090242,0.00123504700662552,0.0018725990915656,0.00371745585700761,0.00113475107468688,0.00104460636562535,0.5,0.000718023991475838,0.000940421284408647,0.000980705668431607,0.000893601856377149,0.00109474497915208,0.00267899390378499,0.00075542343282603,0.000865890921946656,0.000874795344029073,0.000943377470322035,0.000853323086484388,0.00399965164193485,0.000702479720841799,0.00324586846930558,0.000993873023170268,0.00329865361286309,0.00172335740457352,0.000934509830220491,0.00199897647869838,0.00315307581581831,0.00113348531729554,0.000873683396401767,0.00179932244183653,0.00093934114178025,0.000709706122124507,0.0273549761903754,0.000751991291538116,0.000896612354414459,0.00288847106610867,0.000945476185495797,0.00081515954863016,0.0079210889269868,0.00130483468519054,0.00227653602597268,0.00276435892364351,0.00207849111906592,0.000862762604092708,0.000814828723846717,0.000910482309095996,0.000941439829884209,0.00099941347760783,0.00317924145083112,0.000861620681066509,0.00291269111832333,0.00258991822225015,0.0022119979402573,0.000927255092713725,0.000974104878875576,0.000869465035438153,0.00223598417560012,0.000886567819371992,0.0008048567343205,0.000815402328715426,0.0010183163409083,0.00129524665644289,0.00325049195169704,0.00116882388327534,0.00111862404557604,0.000852321957194856,0.00112724303035253,0.00315959553130103,0.000958451661266299,0.000982317723462696,0.000737188020967035,0.00191578157466739,0.000829514901051467,0.000859255992350347,0.0169301194890848,0.0108793886772755,0.000935987589223397,0.00202077397974032,0.002052268541417,0.000971624099478382,0.000884159308475142,0.00580425460081728,0.00087117875809232,0.000921947588996584,0.000883600601769518,0.00194429880431567,0.000996244422570194,0.00095184803616984,0.00308980269891533,0.000944660138626141,0.00514907231494594,0.000928974749575342,0.0138912743728963,0.00101153361364392,0.000817041115914616,0.000893387060598999,0.00101861566807057,0.00288462061392787,0.000962374904204444
"CH0028",0.00120783773482988,0.00102588095728725,0.00376954220992646,0.00351184371179971,0.0064098077828519,0.00459159778364838,0.00320463670278079,0.0010254055429562,0.000981962241317277,0.000940166382715597,0.00325436161894335,0.0009220279917341,0.000975237184220997,0.00102167421855534,0.00199665193630297,0.00234200401822553,0.000986886325606144,0.000851919776198692,0.00358351839097965,0.000941390929739775,0.00104386830904162,0.000946659007960522,0.00129757417653402,0.00610444732753912,0.00454796290670321,0.000992443967108085,0.00102968106825137,0.00365469310931906,0.000843895503688644,0.000902486860227502,0.000936876775649593,0.000920647189267812,0.00097699593650862,0.00169954827285846,0.00371878874833668,0.000927868231077972,0.00104467037238141,0.0014366670245528,0.0012880910115091,0.00129299359403394,0.00504386620257537,0.0011636526330385,0.00160008962077386,0.000916200803040741,0.00140681763821996,0.000988008648425965,0.00127530331529862,0.00450167519360943,0.00132193074497356,0.00198154899503111,0.00150293757124627,0.0010108673986133,0.00120991447787804,0.00119954576912732,0.00123077153391389,0.00325692157502737,0.00605233160242908,0.00425681159594308,0.00112762087069638,0.000894950725705483,0.00198472436206334,0.00159182766630506,0.00151868110515415,0.00574122160655716,0.003218646035956,0.00143280737539627,0.00245148686557358,0.00493912259211063,0.00147891231782604,0.00152528462456552,0.00519650391790974,0.00766313594423206,0.00138427532080252,0.00140545378732596,0.000833414018994425,0.00332430707208187,0.000855305624850669,0.00140024027082805,0.00131616212121649,0.00288862361311474,0.000922750095033343,0.000854174025896191,0.00083500569397121,0.00108779350040956,0.0011794695061637,0.00104349092222667,0.00153316916563017,0.00153915010949738,0.00490309642379609,0.00192320137766174,0.00223249832724671,0.00146162634021036,0.00871353051524936,0.00116584217295449,0.00208361910327182,0.0010161333190629,0.00159272508708873,0.000975566839505738,0.00368664547073745,0.00384694301844373,0.00439271634285038,0.00110721842410655,0.000887448914950313,0.00381467965793765,0.000985365007820107,0.00140652747698083,0.00474020207962079,0.00494358986430456,0.00654531228008734,0.00116012353623072,0.00372292999798267,0.00471462914409667,0.00374263284428792,0.00127976653719102,0.00108099584399977,0.00166222372924115,0.00295034119764049,0.00183039386693777,0.000831690743461305,0.000845925342087894,0.000916312895262178,0.00104759176847695,0.00336893040716379,0.000959480418610997,0.000718023991475838,0.5,0.00373166037588191,0.00121129795303172,0.00339304803493142,0.00118535457289477,0.00502595596107362,0.00462382115714795,0.000955470870040077,0.00414021817864785,0.000832694363123596,0.00115765907949788,0.00105591546837388,0.00657272788263165,0.00272317583592577,0.00151245045595179,0.00135521928026887,0.00106743312222391,0.000839316033825769,0.000886584195475621,0.00101493430377421,0.000855696354368792,0.0108973083225327,0.0015299871133129,0.000920427948575417,0.00308377051370024,0.00164965497772227,0.00398098574854107,0.000890993139818493,0.00505162952169715,0.00471120330152186,0.00437636236645396,0.000770431279707617,0.00113258057971951,0.00100830671050523,0.00112615963264382,0.00286948832217118,0.00620262268774367,0.00618783096341011,0.00133984298797469,0.0022828272732164,0.00105176463983447,0.000820414606267167,0.00371885423641843,0.00153580955847907,0.000878332331708194,0.00271162390345711,0.00181791035343476,0.00545538533028302,0.00340588179783822,0.000986692754943124,0.000921609208214193,0.00327388638752652,0.00363232679065012,0.00100640624223002,0.00122729567303537,0.00108225305213913,0.00119816390743041,0.00108045033547102,0.00088658084449686,0.00108509985343149,0.00108993015773733,0.00368728279063641,0.0012780729548166,0.0125923447490492,0.00100639756246837,0.00270045242891688,0.00191765196185285,0.000967035610808523,0.00320216644723484,0.00260143812674855,0.00123762854283129,0.00112651125425804,0.00547826996685456,0.00416724296741803,0.000805293302030344,0.00181752368414134,0.00716286979693155,0.00148941035159665,0.00128391001140035,0.00344717403937501,0.00467011396393756,0.00088946518870646,0.000916009097042232,0.00111628123810941,0.000888604194047654,0.000797376352232598,0.00109722097252176,0.0019970544284525,0.00351437665239671,0.00257283558641713,0.00390914544302138,0.000896852117765342
"TT0008",0.00116990139074672,0.0024391363418966,0.0052262369263495,0.00146161761374739,0.00136355959106054,0.0033516088826792,0.00360663892632846,0.00116401113226909,0.00566062172426933,0.00107240803009449,0.00630353590947267,0.00102171089440643,0.00102968536007494,0.00101470661364068,0.00096770219503273,0.000834435459676323,0.00219874405452514,0.00126412558712896,0.00224790765862218,0.0020598234970405,0.0036618138482625,0.00130391033084878,0.00114323450755898,0.00142040755543734,0.00110837646749354,0.00500200067544767,0.00469552867058798,0.00613961625264576,0.00196024943261099,0.00109416569196516,0.000967002622795871,0.00318335665060787,0.00222346627541898,0.000965016201983243,0.00105506589657271,0.000942923932526557,0.00437438333340624,0.00361921123399952,0.00130435081233755,0.00364258775178009,0.00147420303523179,0.0026783111002389,0.00267314902910586,0.00219295970898478,0.00127993410971288,0.00225266874304528,0.00225582491687944,0.00134706688953717,0.00124834071966297,0.00146644568952082,0.00133945110892807,0.00225334830286986,0.00134850074399099,0.00453709828898728,0.0038666968637928,0.00126039630081005,0.00125602829757149,0.00172122758879924,0.00490486337043773,0.00122580294844904,0.00119963476372639,0.0033767150576087,0.00236607154772028,0.00123331745871575,0.000995523611483785,0.00220717326518719,0.00113387382505893,0.004169586253034,0.00124519447578331,0.00133524765119377,0.00119933331261432,0.00139276143781917,0.00130039230482544,0.00116763455669209,0.000999662520503955,0.00137203071447516,0.000915798771504591,0.00126998343280514,0.00106180679008424,0.00358351421675678,0.000913192859726776,0.000957325843798923,0.000976994871026249,0.00114336407821291,0.0048346232637234,0.00235587620206852,0.00258196188444906,0.00157416711433191,0.00224187441690388,0.00388724088534752,0.00519635720236996,0.00328982235430248,0.00463699971775533,0.000750810340049126,0.00103476563013269,0.00220465216655969,0.0013057376697337,0.00341429517784033,0.00215070963233509,0.00242665441872844,0.00214066473913722,0.00394031023025777,0.00096411606333293,0.00141265286633917,0.00108323330198242,0.00134234312402446,0.00361233578070349,0.00119850178943381,0.00347023183958294,0.00290987167467115,0.00777481252780485,0.00114191583443482,0.00337068124385721,0.00249310389463363,0.00126798426149889,0.000912300938523847,0.000997998342457564,0.000917869938092826,0.000829562100042563,0.00103399621156368,0.0011018896117564,0.00347494880386849,0.00235632305910447,0.000864271585456907,0.000940421284408647,0.00373166037588191,0.5,0.00574512287846217,0.0032781868209552,0.00353992521031783,0.00372563753708111,0.0013514518943661,0.00116960040020352,0.00129973716994895,0.00118468430706725,0.00230251732886054,0.00438252292942429,0.00345432983839627,0.00123496335758828,0.00133575715521077,0.00111609619151696,0.00208399523162404,0.00119266960751976,0.00116946302146234,0.00136552231126495,0.000839822960025143,0.00263542214912055,0.00133123192261869,0.00120402457238461,0.00290535228283075,0.00120074952214148,0.00125160750878815,0.00127377474451631,0.00122553862691656,0.0023220774387282,0.00124213957586501,0.00118612080018601,0.00539583487893449,0.00316006362616806,0.00145421545921031,0.00152940633347134,0.00435121739541115,0.0013456644068412,0.00258789184165315,0.00103730094489197,0.003507500457104,0.000803550513488445,0.00321132210634228,0.00233317939828586,0.00112126257329918,0.0022746371278587,0.00354619797743451,0.00130333282097737,0.0011964302010733,0.0044365626039777,0.00103588770416677,0.00139402175708696,0.00332702325195843,0.00220525515188758,0.00254254920620258,0.00268067657658998,0.00255267450954043,0.00178274596217693,0.00295634952617761,0.00357051835083728,0.00415462470072938,0.00142044938319557,0.00446911741578266,0.00180414298297316,0.00110668878056259,0.00150523190869331,0.00226889732081586,0.00126262181690258,0.0047459442238052,0.00326265358168165,0.00261067433558391,0.00612445801881477,0.00346050339113561,0.00252170891848033,0.00120019068075236,0.00325785579281242,0.00408221285077675,0.00136318137008701,0.00375610243054897,0.00401668353756128,0.00111901449979227,0.00318865092056541,0.0011537950366112,0.0012070154424671,0.00197778882532824,0.00118959708422999,0.00150818099729355,0.0040057790905148,0.00601262179167242,0.0013173347642401,0.00371608990488915,0.00230684813555129
"TT0009",0.00104972067871535,0.00203072146013481,0.00211165156639589,0.00120292599734274,0.0019605917300315,0.00108340512212538,0.00507234895564091,0.00380104961170709,0.00400564328889919,0.000960947744023131,0.00485943161582578,0.000972339183493907,0.000955659730098828,0.000935289399699852,0.000851121560314142,0.00074820042810159,0.00100634687669308,0.00112133573021474,0.00193516021484168,0.00176412677371823,0.00119594319086903,0.00183378219680723,0.00109837534979785,0.00225378601068715,0.00105005776179865,0.00462011727508508,0.00652291278778628,0.00459628898677952,0.0018013207669992,0.0010268239281073,0.000893588068765841,0.00273990943649807,0.000937018849858876,0.000868211885359395,0.000895151033353741,0.000844044663163756,0.00375290450972231,0.00497617993038962,0.00654715049625476,0.00437963022985099,0.0013092336745629,0.00219884395555307,0.00215779207050348,0.0010771296903084,0.001096415492055,0.00196204416579664,0.00198486076291424,0.00228463339543266,0.00120682458328627,0.00143997815419537,0.00127069318283866,0.00195178561893073,0.0021701574538627,0.00525383039892551,0.00213827650736607,0.00110640243219604,0.00102502693439611,0.00364531116533806,0.00541045264141949,0.0011901355019098,0.0010645573946824,0.00396749550775936,0.00384559219796497,0.00128067024675182,0.000855367189706524,0.00517371418240964,0.00116310717670583,0.00117198472224179,0.00107164168774056,0.00129940876988549,0.00282140402913298,0.00122349336732835,0.00197695144220551,0.00478902309462643,0.000816418560441685,0.00124134964819914,0.000828517061796554,0.00134023102373494,0.000965641230512346,0.00445934916485135,0.000839328066986776,0.000879934751190477,0.000916414753732981,0.00099130564901508,0.00732336116788726,0.00300626679190976,0.00211916262526023,0.00139932025962853,0.00205710303837599,0.0073812730300159,0.00584210594329451,0.00421615562713573,0.00415353414389628,0.000675213821419136,0.000927761596393191,0.00199265784343124,0.00120613542540673,0.00197205542907861,0.00208488125226242,0.00132322229822737,0.00566054920214171,0.00121542578941018,0.000867800343467009,0.00122524868436669,0.000994681823987723,0.0023669256027508,0.00202801960730711,0.00584139169011222,0.0011815384002864,0.00392648737459904,0.00555225074156878,0.00107936462338667,0.00111025389902191,0.00115572676653299,0.00420414929770728,0.000812724959640928,0.000863241106841824,0.000822640505234712,0.00073724270854559,0.00263073022341604,0.00324350819498821,0.00530303299620092,0.00106872569059319,0.000792896685977155,0.000980705668431607,0.00121129795303172,0.00574512287846217,0.5,0.00101087947056169,0.00456221735440968,0.00133032969093145,0.00115286472340636,0.00200691626695054,0.00753461417389263,0.00178529499133183,0.00194314126553398,0.00442621144334167,0.00111441828452438,0.00112963095258731,0.00205573319244134,0.00104987019848989,0.00564277980688811,0.00185180793812237,0.00177806704602913,0.0029092906136372,0.00075506549034153,0.00401239347892778,0.0077137493193831,0.00107039453542034,0.000873608520647518,0.00124114913262562,0.00107539852338823,0.00189147308065504,0.00119577255456766,0.00842921149052031,0.000937453402883872,0.00189939849327968,0.00486547187678216,0.00268060359738933,0.00138380631631269,0.00245282899656652,0.00409540778730265,0.00115666114604455,0.00128860492938073,0.000925677917926497,0.00381195477784458,0.000715819850628084,0.000909735905129904,0.00124558248615778,0.000896021302504129,0.00135437454599761,0.00218093488166533,0.00113648363796029,0.000915059867924102,0.00285838052792906,0.00173861880286397,0.00129407255025099,0.00205397150359821,0.00371990408170709,0.00600829683561358,0.00236309137666584,0.00142918554844156,0.00274678259064363,0.00172008847974299,0.00210913724832737,0.00413425242834326,0.00188653981489757,0.0103260584125168,0.00154210399738492,0.00423402105304455,0.00132921002555791,0.00260979880136153,0.00122549367588888,0.00108830784694005,0.00131974110073416,0.00432606234248111,0.00481112926882876,0.00113574780704389,0.00204956981109413,0.00120685693359669,0.00269718445865089,0.00133496181318466,0.00341667983822975,0.00473773609443253,0.0010604216600799,0.00193968655627404,0.00356746473249768,0.00180658170459692,0.00114143305786449,0.00103997657592262,0.00101086722410343,0.00220456640154723,0.00500885842101182,0.00436383388381293,0.00129511814556325,0.00133070531316804,0.00185605302319766
"TT0006",0.00404214111121806,0.00280660948197119,0.00341437695996028,0.00738322891039159,0.00349822724065944,0.00528369671269328,0.00280574443917549,0.0027399326147042,0.00093251395098741,0.00286157488573223,0.00123560890758601,0.00291783367498228,0.00384143624007265,0.00279188011571554,0.00282436522200484,0.00090835070042548,0.00299649694404525,0.000827884977438076,0.00101313790747733,0.000894838431007305,0.00285674366203855,0.000926081336592427,0.00275884247105343,0.00187464797277967,0.000927220449468471,0.00174624480773864,0.000983944708975097,0.00381248804400858,0.00074331572427268,0.00272867194544266,0.00302944791067252,0.000972701730866936,0.00290743746691626,0.00281499907166035,0.00280112258399986,0.00281339846119861,0.00107748005993953,0.00291880688470037,0.000951029339545357,0.002683353858636,0.00106004741953217,0.00293484924980482,0.00109056533533333,0.00095832854249378,0.00425170181803724,0.00273662787378025,0.000974775530800169,0.000988407585114024,0.00285301858895614,0.00327316821370134,0.00108430804086908,0.00267369094671141,0.00308066833917202,0.000982704733191869,0.00316120999981773,0.00171984362142554,0.00271488415291138,0.000953058611337381,0.000902684187136841,0.00257802386067043,0.00373561391079618,0.00114102302039432,0.00115732425215852,0.00241696662811859,0.00287272346400479,0.000964392024606837,0.00174990169872425,0.00649698575617607,0.0040901999797396,0.00198817017305114,0.00103112984210286,0.00108595128462902,0.00108280182760775,0.00291715143030564,0.000914808296107039,0.00169251148826924,0.00275623659232558,0.000774327804225301,0.000939505109723847,0.00267080682647365,0.0027665227333831,0.00280667288378634,0.00279496782755038,0.00302360645087581,0.000982054368105953,0.00279576119978995,0.00104641912343825,0.00175446764643129,0.000909373054461853,0.00167622535578801,0.0030587454591059,0.00176322688766734,0.00115052139311214,0.000827842779144927,0.00298221432410435,0.00270298236444987,0.00287564519591912,0.00276316701975963,0.00101491089594555,0.00315950164665914,0.000955954868935319,0.00304030284537809,0.00286662445598242,0.00390188649815691,0.0029412627154555,0.00109585149804011,0.00376584024440691,0.00100383500051931,0.00358905099526096,0.00180704610095023,0.00308162035632117,0.000939640184364539,0.00439919630033197,0.00493590387771737,0.00290980569380147,0.00278362569501227,0.00281683668051923,0.00528434737560295,0.00342399745922273,0.00328731140448571,0.00419227356130454,0.000984690679695992,0.00621084653411254,0.00319179545716038,0.000893601856377149,0.00339304803493142,0.0032781868209552,0.00101087947056169,0.5,0.00287737423785167,0.00296268262680827,0.00323306050331282,0.00333264687311251,0.0017515491479299,0.00322620252247767,0.00353907750764846,0.000934937507675912,0.00349513520947056,0.00173738554705239,0.000987726864448382,0.00165755509968424,0.00321997089684654,0.0032744959620012,0.00320979819974351,0.000858515841605268,0.00339741530459431,0.00100343909348349,0.00258058606382645,0.00348400985350273,0.00519367976177837,0.00113727668275415,0.00273074735922178,0.00343527357400135,0.00176532966318654,0.000995726744449566,0.00327582686981771,0.00126924126867985,0.00110536333502922,0.00277979329732647,0.000833047367637008,0.0010330984021819,0.00330360647562429,0.00443487125421474,0.00101963393183708,0.00095945931933209,0.0010150895066756,0.00317228667485634,0.00334530799509393,0.00117561545242237,0.00332273644292737,0.00100723984879255,0.00122121050691526,0.00117857941335387,0.00643964255494845,0.00101595161793323,0.00315076121240554,0.00104041055534307,0.00307358580478852,0.00337157041336943,0.000997060835691951,0.000899244566042264,0.000940790847595042,0.000822989477007665,0.00318353465746107,0.000893128094511892,0.00092039682484107,0.0056200475993014,0.000998296618231654,0.00133841289484549,0.00413823271867385,0.00220285976913976,0.00339258101836073,0.000918344156334973,0.00337309599625158,0.00100842971367658,0.00102218774541688,0.000933710544624498,0.00107773227890535,0.00104067298180213,0.000820993041768445,0.00342533707101881,0.00364344555629721,0.00472886193730555,0.00194354810006584,0.00563102767924962,0.000907639280909606,0.000884784831757386,0.00333848363755126,0.000935449349181568,0.00319730764997111,0.000900259606929026,0.000968539710449576,0.00318299103887658,0.00305457197842241,0.00310062824462129,0.00525219659568292,0.00347839352120957
"TT0007",0.00358466953035227,0.00117555272440995,0.00138469591043023,0.00336169118760517,0.00128814407656458,0.00124073836487012,0.00202196816304392,0.00122476169819095,0.0044280091540472,0.00108569227883515,0.00559574898693048,0.00114736363614258,0.00217204729708973,0.00119435574696987,0.00198444759024557,0.00102624431047816,0.00122713875719077,0.00165542979610322,0.00103753709063266,0.000958704607531463,0.00212503666135878,0.000990337055327763,0.00125013365188729,0.00115060673539052,0.00115219055672594,0.00501830580680737,0.00525280623283308,0.00525698241710136,0.00242733265966008,0.0011494390962423,0.00112496524077692,0.00263063055575135,0.00106885759623902,0.00197920342886951,0.00113552595374533,0.00107011154316282,0.00167778528675798,0.00381696533802479,0.00126325230780543,0.00272272965332422,0.00205000069562278,0.00216148445770063,0.00214355875540478,0.000987700559262288,0.00125361525867648,0.00105142178142902,0.0011649499016469,0.00114517705689902,0.00346927724758456,0.00142457454371177,0.00382110234548983,0.00188958541908256,0.00121614717627137,0.00580249403389644,0.00123292074161489,0.00127624235881231,0.00136804126452879,0.00527643614037429,0.00490791664449368,0.00119752571318239,0.00124149318736696,0.00139360646341061,0.00146948230280171,0.00137093591197279,0.00109739377124697,0.00109870522757365,0.00307085153238565,0.00122105413230273,0.00195865036186048,0.00772686474419474,0.00117467323350479,0.00209200845598053,0.00129009680215651,0.00175197406561803,0.000876998872145829,0.00307916577502595,0.000986206553427025,0.00182395306546908,0.0011089836002781,0.00324248348038922,0.00102351447843661,0.00104135348086248,0.0019959239415421,0.00104129745193838,0.00511457682892659,0.00120162000333709,0.00110765360985709,0.00553165375721977,0.00124564905291211,0.0021626233379502,0.00212980855484535,0.00800408995753047,0.00508229459980361,0.00094291867379035,0.00213692243195442,0.00115059692872421,0.00334198653790462,0.0020236495529681,0.00106919581198523,0.00125572524313319,0.0011441494908499,0.00139665142066733,0.00101969602000099,0.00138733829883055,0.00110332622900295,0.00425523038022392,0.00115067303132539,0.00113700909077973,0.00132207836186667,0.00660004667785241,0.00200630724903416,0.00145244389776533,0.00126750212711266,0.0033066357136953,0.00118984939461804,0.00101793758225503,0.00112997743273572,0.00189641193857687,0.0028029745033134,0.0009878645617438,0.00195839267923992,0.00510787341419621,0.00102142907106126,0.00101274286057551,0.00109474497915208,0.00118535457289477,0.00353992521031783,0.00456221735440968,0.00287737423785167,0.5,0.00226262287228616,0.00619097371347699,0.0018590408662452,0.00122861735502139,0.000997226839495665,0.00117259420877865,0.00450534808975649,0.00135677766879875,0.00138440975163689,0.001210814712616,0.00120525629932919,0.00110267750661815,0.00475687436924233,0.00102562208795819,0.00152922006276763,0.00183045830525849,0.0018711130623528,0.00220625178749242,0.000956927453278825,0.000992489747119651,0.00227350828606164,0.0011431987783028,0.000936120952562559,0.00120838946536468,0.00118668196832478,0.00189625592211843,0.0039685880679444,0.00672307956396784,0.00367874980829826,0.00492931940003633,0.00501881299134463,0.00511591650769632,0.00123097306069973,0.001456984129079,0.00207175651801201,0.00194508428477708,0.000883489334189678,0.00120059000663096,0.00232340581398795,0.00192180130401861,0.00132648017967282,0.00437346350691037,0.00141340320595826,0.00105358924264795,0.00176126740335237,0.00107402684016578,0.0046043744604144,0.00116549111227515,0.00105080848224249,0.00475366657116822,0.00487091586285495,0.00495965175385183,0.00825924524471692,0.00108780757695596,0.00150285198723551,0.00557082703531743,0.00220458042388965,0.00429577547039014,0.00177020842882002,0.00201386896155253,0.00125478477446009,0.00107115881847049,0.00153006087474909,0.000966633814067788,0.00128115863470188,0.00466987471469543,0.00495384989280173,0.00104019169298448,0.00195316171083543,0.00736316815122076,0.00112172603188967,0.00110133634709708,0.00232790569501658,0.00691803462101531,0.00106769484032781,0.00110907613962353,0.00177262730512368,0.000928141737854738,0.00137021257440814,0.000933828448912409,0.00102360016455291,0.00291886303536443,0.00705717066979224,0.00527115907436199,0.00146246941966705,0.00142528382619614,0.00197154501760886
"TT0004",0.0012313153844729,0.00110438952697378,0.00119460180875562,0.00224028266452504,0.00620335158880288,0.00147114183843285,0.00310702729561495,0.00127893776779169,0.00113464468894469,0.00116991293089237,0.00124869791939195,0.00230999995848514,0.00434389176043036,0.00113664966007878,0.00241470267672436,0.00421137613727755,0.00238337666879769,0.000922212392844956,0.00247870363838882,0.000934141853897972,0.00101588295757267,0.000962009876821899,0.00203497540519457,0.00608184248329046,0.00474209261471979,0.00295142873056241,0.00118166166113344,0.00120653052169691,0.000912009684170667,0.00111913230188792,0.00233213461739191,0.00210833000126847,0.00125397571679601,0.00452493831924143,0.00124231723108265,0.0021799327607668,0.0020737885108057,0.00329789805153789,0.00128997910516355,0.00304472687785756,0.00512097235708424,0.00102987609691998,0.00246985469872606,0.000987470488104793,0.00282888623825413,0.000994273276899925,0.0011364208002256,0.00603999860727955,0.00308093796199037,0.00119049665496019,0.00377043914558576,0.000956033639925774,0.00244558333757625,0.0011322956764695,0.00116800621892788,0.00151446538985131,0.00110812131307654,0.00118045928477492,0.00112688614681169,0.00102329483556176,0.00126996392023668,0.00251833763878574,0.00223405721964879,0.00562617154623704,0.00128209667636263,0.00142623296652502,0.00499732805072468,0.00126891757867628,0.00277398015076951,0.00239525330585098,0.00481404081203163,0.00575506887769362,0.00211466215158992,0.00151703018393083,0.00115275554696739,0.00115638897090452,0.00119810593066565,0.00137651881157872,0.00147326382903968,0.00367251372300003,0.00121054540326104,0.00210089401671137,0.00114429622842822,0.00241955969084681,0.00119249953749036,0.00111238049257402,0.00407601114774876,0.00137512024656296,0.00599054518800988,0.00136692473833711,0.00134412308238711,0.00289144672200118,0.00115129821688655,0.00298182148853195,0.00382079360485913,0.00106207967971983,0.00392596049220771,0.000970282770275128,0.00503502177551019,0.00389057964212191,0.00583144578151187,0.00102602074715441,0.00232642925355456,0.00333655214578112,0.0022708644952664,0.00243640572075549,0.00152804413016098,0.00580016653443028,0.00246924837720029,0.00314668581503832,0.00342918593687187,0.00174692895259618,0.00310379946910098,0.00318580177373453,0.00120813768712882,0.00130593465060855,0.00233596747330045,0.00232325679128358,0.00212499735534283,0.00106107098140333,0.00287955086794706,0.0034657932314599,0.0010520975942267,0.00108155081556584,0.00267899390378499,0.00502595596107362,0.00372563753708111,0.00133032969093145,0.00296268262680827,0.00226262287228616,0.5,0.00434544083891035,0.0010197497900014,0.00616582911119004,0.000883389099468597,0.00106882488035729,0.00114945774044915,0.00128161949481299,0.00121200005619206,0.00140353525548521,0.00127408605601802,0.00111801593831657,0.000899860194305279,0.000970369975277971,0.00105550560151322,0.00227296894214348,0.00172106625897271,0.00426841539678842,0.000947975195628172,0.00124501717098714,0.0030418680897016,0.00390495681717209,0.000925458708821075,0.00604242960494874,0.0057618092739392,0.000927364674604998,0.00092916538023202,0.00114280475800622,0.00248593418412546,0.00116671804658182,0.0013048470867836,0.00121019862858642,0.00550974457609485,0.0011147144428722,0.00239369359649242,0.0012149883767833,0.00106305786183326,0.000944714683579349,0.00227228184030227,0.000963578569134963,0.00513406599651592,0.00200763267922982,0.00221005987769218,0.0012841789029232,0.00247229983586233,0.00094134755478564,0.00122672924661163,0.00385186568376873,0.00105357029889739,0.00125118173010358,0.00108058135147754,0.00209126185304701,0.00104484042644415,0.00088985975267501,0.00105228238854838,0.00109974016759357,0.00429872224794807,0.00139621940585557,0.00350616925155305,0.00281882171373852,0.00148221823815833,0.000958328263654668,0.00107275764446249,0.00104427209322067,0.00478675475131775,0.00119286971249143,0.00120702676747613,0.00720310200318535,0.00405306163685371,0.000940258844848919,0.000884838048703371,0.00454822158237354,0.00223283288362519,0.00586224779527496,0.00198140408708998,0.00693249710584436,0.00113559062776068,0.000935886409043099,0.00112203461179692,0.000914874690118879,0.0010066274460424,0.00101514625955213,0.00354894713410501,0.00312480656508597,0.00476106206181508,0.00523856745753123,0.000938181501853828
"TT0005",0.00100120876095009,0.00101789635486135,0.00478651921884061,0.00249540560530757,0.0145680981587643,0.00645333125342641,0.0044307113432318,0.00104609299811875,0.00329201374802919,0.000753817927428301,0.00139146994447041,0.000725624055800362,0.000718122453869614,0.000804718476406124,0.000780042460071397,0.000838176140150112,0.000812030523994106,0.00142197919163541,0.00484184688994701,0.000896379809390015,0.00100806765024255,0.000902234983699894,0.00451832218387412,0.00393919240750334,0.00455181920937851,0.00101124418369182,0.00407954877206281,0.00132174860991643,0.00140224674776414,0.000880218056401601,0.000764652173833189,0.000993584798317973,0.000780908149361039,0.000740971972329484,0.000836503078202423,0.000710164140044516,0.00103008409443741,0.00401949235882198,0.00386738288244645,0.00457096935190509,0.00436318410372618,0.0011114144191828,0.00492697464772031,0.00079658877181522,0.00584985397948393,0.00102238379455019,0.00418114050106019,0.00237836196149613,0.00139083590338258,0.00118355785096931,0.00203810359775081,0.00101151653272608,0.00113859584721682,0.00117918298992037,0.00116906115277374,0.00488114316078914,0.00104548653676464,0.00110064696024978,0.00107417560517043,0.00102207866689973,0.00140225605719664,0.00149650242521396,0.00141788541387861,0.0115070713094614,0.000829163763660941,0.00438203263087637,0.00130542970681495,0.00147860398025653,0.00596889178902264,0.00769784909010839,0.00244438663494944,0.0041866719946763,0.00136606144376377,0.00283477610680939,0.000598394339377787,0.00142124469946029,0.000702650004440492,0.00102351919174883,0.00412520435375136,0.00102400886465659,0.00071210141509935,0.000719929599715352,0.000721709307123912,0.000853073421248067,0.00131036693751366,0.00113561820781155,0.00478702584617845,0.00257577817711389,0.00256961446408061,0.00128774342149484,0.002051874284177,0.0107642301260002,0.00126285335559484,0.000617372252171216,0.000901254938077439,0.00105273874832726,0.00227453588132957,0.000984099087930289,0.00142407230311166,0.0023367463364186,0.00240266440273636,0.000933207732822378,0.000707625046616673,0.00563847735148911,0.000726739853905214,0.00405745188918468,0.00578432850430014,0.00147437132050466,0.00225272920043308,0.00102669678163141,0.00132406709374868,0.00121648672712445,0.00849454864799866,0.00318402312182057,0.000865364082564621,0.000708120353202539,0.000802484930560734,0.00071052623581838,0.000637008477491892,0.000742275474461918,0.000778072215511484,0.000911165930182683,0.00105502692604634,0.000700367281006435,0.00075542343282603,0.00462382115714795,0.0013514518943661,0.00115286472340636,0.00323306050331282,0.00619097371347699,0.00434544083891035,0.5,0.00101112773303877,0.0035596471667845,0.00082042220572905,0.00269336849270786,0.00112905053311356,0.00620381089226554,0.00465960668829044,0.00472794834938186,0.00538096658656676,0.000849043868859042,0.00348195501349792,0.000936744660889425,0.00151967329530092,0.000637795291767911,0.00237146403175053,0.00134587524556079,0.000926367828952183,0.00327710767717848,0.00101395137712224,0.00751062925112709,0.000838989976961556,0.00895459059846217,0.00256315149615655,0.000956103869983075,0.00226822776776376,0.00116308825829328,0.000939834848875943,0.000897857788036946,0.00238157300393933,0.00202867134692981,0.0039272983158568,0.00418511596218591,0.00388237979701158,0.0011369098051883,0.000615945700871911,0.000878688783285622,0.00145923834763185,0.000767754928117498,0.00145252991215531,0.00447710645590115,0.00142024330876499,0.00260887470440227,0.000873752024550393,0.000807686142098399,0.00304558240278297,0.00160020031807243,0.000835159953089974,0.00124627879550816,0.00123921562264359,0.00114217726262355,0.00335524848839224,0.000805055801702516,0.00151701374382965,0.00107726728297494,0.00367242029988651,0.00120201755340693,0.00580063184244626,0.000935171578683971,0.00578069701094273,0.00112243536366015,0.00126281414855755,0.000969500657578313,0.00128467862793398,0.00207073989358725,0.00124692894513441,0.00435980562618112,0.00492550039607854,0.00733935246116516,0.000905743732956164,0.00570171511842184,0.00574882469228468,0.00119569942681664,0.000954546385121985,0.00240277644864698,0.00112516439674173,0.000888864139525652,0.00378538035578263,0.000895505984689868,0.000744693258498102,0.00142341513956678,0.00300430315752591,0.00189327994583733,0.00447303417151137,0.00239785609595197,0.000872179896567059
"CH0021",0.00317753402895885,0.00290680723530821,0.00103402421678966,0.0031402032247214,0.00179606840098965,0.00264264393993984,0.00322614448270922,0.000990283951207535,0.00131546293108532,0.00296187150800362,0.00108216565406331,0.00300796258723005,0.00303106668658729,0.00292034374394542,0.00291774130858583,0.000899282710496599,0.00302528655797748,0.00292200027395176,0.0029436463923709,0.00264338611689936,0.00515531759712432,0.00204189675962578,0.00250005930670802,0.00302336662788315,0.00109017875124323,0.000915968667884611,0.00114816260906528,0.000933770222041321,0.00147610002303329,0.00285398070166251,0.00307073416710215,0.000980948681297228,0.00306101205894042,0.00292909300743299,0.00287362001461284,0.00291369501907242,0.0011710963475756,0.00193233654879008,0.00436601491876081,0.00110527234206407,0.00203764675551086,0.0042334561242106,0.00348494732875134,0.00101899217127956,0.00282465831457902,0.00484859211172281,0.00300548573607482,0.00118088362044763,0.000918165198538413,0.00637247199995723,0.00101808183373421,0.0048089038723851,0.00331753423662535,0.00120871740057058,0.00319036328132004,0.00108224766766499,0.0027444136173322,0.000976279255332599,0.00276218440858998,0.00458601025631915,0.00302445097369802,0.00295138253229908,0.0010578332361268,0.000900558633496326,0.00293896766269177,0.00292005334402562,0.000895961092730174,0.00307977245950839,0.00357878791271778,0.000995192545882915,0.00311432261987332,0.00204376263163107,0.00277380344598439,0.00346798622814922,0.000947025809433227,0.000936064608138972,0.00290083672316844,0.00103130225617645,0.00182629101237681,0.00196201552373752,0.00291795520535086,0.00289511731848232,0.00288101080413366,0.00320293243249778,0.003107084202458,0.00407859236793162,0.0023246008300122,0.00104212668475459,0.001996996236619,0.00295790028920834,0.0011955801093136,0.000960658475700736,0.00171652737971729,0.000877847671060851,0.00309032422557644,0.00482133411583672,0.000994333565486082,0.00495612777153294,0.00284833117924276,0.000937378771198711,0.00417793571105622,0.00314633349306203,0.00301064193189186,0.000901441120002172,0.00299581343781545,0.00447407755603157,0.00120506311867436,0.00111472954976089,0.000916727038094743,0.00101486651230311,0.00103482848863552,0.000974629127453,0.00181237392851891,0.0031021098924252,0.00309370374044874,0.00291363395518654,0.00291135653613083,0.00381891935033826,0.00348142179277943,0.00434110030489486,0.00353141940381223,0.00184724216163653,0.00347463231627765,0.00333446455454899,0.000865890921946656,0.000955470870040077,0.00116960040020352,0.00200691626695054,0.00333264687311251,0.0018590408662452,0.0010197497900014,0.00101112773303877,0.5,0.00107879307100489,0.00525576207853396,0.00459869572805912,0.000915755812196498,0.000984979539980609,0.00101045329285896,0.00125304695149783,0.000940050687221887,0.00336122249245809,0.00528223757512482,0.0033516227820898,0.00112826011498869,0.00347696903769846,0.00091983330637068,0.00108071489857094,0.00469109956938099,0.00308991503397208,0.00104096470525737,0.00180465267661409,0.00467880243183026,0.000966550022218857,0.00203525543893472,0.00340889154231439,0.00297698556337763,0.00110811754985948,0.00106393410415221,0.000963382253337707,0.000943204864173484,0.000924565643147052,0.00104183077404439,0.0030116129805977,0.00101635188289032,0.00222322440063579,0.003281809909625,0.00348382637909702,0.00301728767073955,0.0035426044938157,0.000913426735347626,0.00103033027554458,0.00108253524357502,0.00328638235112987,0.0019293375933751,0.0050579531375433,0.000936920994143446,0.00101099336182226,0.00433535531421409,0.00108587646559705,0.000965459877612665,0.000925202793108124,0.00293169380241259,0.00510650345202035,0.00290644515102213,0.000913179567243664,0.000946949740938887,0.00110057143338245,0.000820685893381396,0.00347942963788232,0.00322741325564103,0.00446688482731474,0.00212467692703036,0.00093091393070713,0.000962664870482297,0.00185897077196027,0.000941484461332105,0.00116838346758201,0.00135856221697124,0.00297586945457531,0.00453408089514703,0.0021998666196339,0.0010405570744258,0.00320216180266708,0.00347930864996338,0.0027733901661664,0.00265647278616707,0.00453126998762016,0.000959836049061027,0.00507685388503726,0.000893024040746673,0.00298079133149158,0.00198112311247582,0.00277630227647627,0.00096200773440564,0.000931549408304546,0.00379043787911352
"CH0020",0.00101430689392992,0.0010428380911045,0.00124967265167969,0.00133331277118768,0.00652534698151349,0.00299945082600935,0.00311398094182264,0.00382495224459761,0.00119914232187154,0.000905971582466868,0.00126537614006991,0.000922468387948665,0.000880551288043618,0.000904344475366826,0.000835031576079171,0.000798644666989084,0.000943444390318002,0.000832332042076962,0.00129995797310801,0.000836754004532628,0.000955756324848648,0.00085369834040957,0.00284861016265934,0.00503542726941579,0.00265142499145696,0.001059807852017,0.00256936270740535,0.00122597112254258,0.000807794022070975,0.000948868858643031,0.00132252531025759,0.000973438987525499,0.000887789407307668,0.000865913912336808,0.000862348069179685,0.000813714866337896,0.00104168604895531,0.00281291103422309,0.00651146187280215,0.00281456810385518,0.00414228832623929,0.00105511284662409,0.00127050727257888,0.00088983031832092,0.00334681845928761,0.000952384978179745,0.00109665918871685,0.00604217386370925,0.00226318071962542,0.00138384790244493,0.00408515176743937,0.000925065999052195,0.00111690485495109,0.00116115423876162,0.00110655248205808,0.00318523707890768,0.000989915984373126,0.00104243791329876,0.00106659136125779,0.00096787018350622,0.00295982749949676,0.00533360907127521,0.00537190527792567,0.00601966480176148,0.00085978686147543,0.00448817945627773,0.00417190816814808,0.00286115107914797,0.00302047188679194,0.00269845686763477,0.00471171339674015,0.00455031195978682,0.00238614831559581,0.00587058830889617,0.000681116585048363,0.00107126516641581,0.000788518720845738,0.00142395139683006,0.00103271637584386,0.00106594680638743,0.000812690814167318,0.00081395061859917,0.000811459566263515,0.000966953447226418,0.00314392641520954,0.00116225683318412,0.00128931591955566,0.00175625613134829,0.00485430096896782,0.00599873308941146,0.00136967762893488,0.00315492606110009,0.00107828920150053,0.000658866797022686,0.000959406034652923,0.00102267242835039,0.00245449627505633,0.000927591281393747,0.00520368799384666,0.00432135539656338,0.00999236153350406,0.00101188484439341,0.000819494768499076,0.00539988483350274,0.000923934664210247,0.00488436226140141,0.00143033385503098,0.0108979555240402,0.00342764243048936,0.00108687059493603,0.001308353693373,0.00223230836409986,0.00327544171493276,0.00273784201176232,0.00477316519680449,0.00079919492731419,0.000849146558350511,0.000788791089873691,0.000676930690187757,0.00263401100751109,0.00325062598431471,0.00274287458309409,0.00106575357078116,0.000773972048086874,0.000874795344029073,0.00414021817864785,0.00129973716994895,0.00753461417389263,0.0017515491479299,0.00122861735502139,0.00616582911119004,0.0035596471667845,0.00107879307100489,0.5,0.000835089810055947,0.00105929824964695,0.00114297312898115,0.00269960668440696,0.00115969477985002,0.00119280512127893,0.00319115436667403,0.00652502553718121,0.000898297935019525,0.000906332085572423,0.00107825502032725,0.000700957786801521,0.0054804851862664,0.0108153830364153,0.000880827861931019,0.00221932413485487,0.0011096646132405,0.00315709531405962,0.000877083109246457,0.00628688287258022,0.012042594523498,0.00140108515256873,0.000923595596890757,0.00107008340389238,0.000908663833602251,0.000931537573577125,0.00276918691950185,0.00116574892898487,0.00527049054659879,0.00116906093684787,0.00101223575980398,0.00108310970600423,0.000672828307404353,0.000817567411903433,0.00254665294740513,0.000810169273031431,0.00534385607168579,0.00235554011917656,0.00245381830449969,0.00178919681165564,0.00155366687451027,0.000857473102196616,0.00266245208464395,0.00420455817780093,0.00415666192726044,0.00658676709520187,0.00107032545217059,0.00105343127466464,0.0011098987090998,0.000824182543175535,0.0010630426164112,0.00115813032577664,0.0040114117579286,0.00798839702902276,0.00435562389762637,0.00449190963758384,0.00140209293685035,0.000918358613968009,0.000963827582707758,0.000929724050939119,0.00501840472346487,0.0041763265532775,0.00118575443535828,0.00385417183084459,0.00153230073033256,0.000921295170921817,0.000856657619778725,0.00181593277603978,0.00355381353640679,0.00120881999292457,0.000991639093620022,0.00471862092965596,0.00104578210371988,0.000850584556799005,0.00113302314931073,0.00085325333433491,0.000813659692294365,0.00105891055988011,0.00293257183286038,0.00112240524789948,0.00479184880892286,0.00381178823988047,0.000809511985751869
"CH0023",0.00315952844456855,0.00284027801934059,0.000915314127495701,0.00301751130245974,0.000778106356846466,0.00250765592735524,0.000795359075683049,0.000957788583663934,0.00114527178870477,0.00289597697254442,0.000955597835048366,0.00291264630190887,0.00294803557476068,0.00288055756148312,0.00281607535535661,0.000784918617802752,0.00294751151649987,0.00237871417139548,0.00406777216079143,0.00487006483468037,0.00719606356557162,0.00356430034362723,0.00240911975345007,0.00293261807464363,0.00100618116589376,0.000795850580135034,0.00175707775570406,0.000778492292174086,0.00226855911833879,0.00280699656539407,0.00300338049162141,0.000902182999015519,0.00529530305869992,0.00286553118410288,0.00277838727326751,0.00284439997437031,0.00289420283670559,0.00085840594338386,0.00261893481171374,0.00324818957540319,0.00292533243423212,0.00614479480639686,0.00225420237757398,0.00321690137966388,0.00292888552637935,0.00422893628881879,0.00481864353906621,0.00115653574225254,0.000845342344563195,0.00328530023172709,0.00105545450818716,0.00686505615591283,0.00423689278533345,0.00353762653508016,0.00426408653555679,0.00102566540031972,0.0027286237462176,0.00092551893853776,0.00269290695506557,0.00454030614548559,0.00528152450861849,0.00176455907976789,0.000860198813240377,0.000809420912376294,0.00286199627004478,0.00193820341283785,0.000834271806366177,0.00298568847682768,0.00463207377640803,0.000887659556905824,0.00085523723493195,0.00112700866867468,0.00391866378222847,0.00254959679238542,0.00118359724082025,0.000833642086469242,0.00284419320745409,0.000798427186834557,0.000910331948302716,0.000865476399062051,0.00285432218387458,0.00283904133674479,0.00281527585245673,0.00328587087728375,0.00078846336671639,0.00316066327731097,0.00124200287878281,0.00101612787591557,0.00114960127523325,0.000868565727812833,0.0019031415843899,0.000812581273302639,0.000937087441992766,0.000799517291270841,0.00302673516234033,0.00392640456278623,0.000940450425364954,0.00693427158115869,0.00524416690178208,0.00083078801246058,0.00189284322258435,0.00322362449925864,0.00294352249526078,0.000842253390421084,0.00291289425641249,0.00267093568546008,0.00104500961536509,0.000883695060718744,0.000807113958054256,0.00103008887343803,0.000861452488712394,0.000914308107469822,0.000817434966070009,0.00525468048213141,0.00289319152944268,0.00283455294570335,0.00281373567193432,0.00369638970023247,0.00340226000434316,0.0033364968904586,0.00337288760299947,0.000819024455734745,0.00336509612424394,0.00327534124633925,0.000943377470322035,0.000832694363123596,0.00118468430706725,0.00178529499133183,0.00322620252247767,0.000997226839495665,0.000883389099468597,0.00082042220572905,0.00525576207853396,0.000835089810055947,0.5,0.00362283729728571,0.000797961337641711,0.00082669606362511,0.000893930882954867,0.00213288997101597,0.000830519234739004,0.00315256332175666,0.00528487693620083,0.00328744867437636,0.00109694070561907,0.00337456949077725,0.00070845702355758,0.000842476319682494,0.00662464092668631,0.00306346954383732,0.00110965378058065,0.000841738589958907,0.00696748226913734,0.000851576175834724,0.00180613566061708,0.00342891357542625,0.0029444548263812,0.00308356457787591,0.000978442516830731,0.000935259942226765,0.00083789497360878,0.000801628794340961,0.000900921582529903,0.00123881363802929,0.000910978257214995,0.00433250363410003,0.00321993916414118,0.00435195913413058,0.00109180208372354,0.00531945737368754,0.000839455632798854,0.000890602941567056,0.00282677676385393,0.00313721570749946,0.000952602373836723,0.0050433761988087,0.000881112013440393,0.0010247945626543,0.00341458776839172,0.000837218454926142,0.00173139587411634,0.00082969373244138,0.00200113719612279,0.0068243823252611,0.00484971302633519,0.000801796544677406,0.000786698466224066,0.000830147206721283,0.000693959171002781,0.00325080548416373,0.00213687650880406,0.00439807837069489,0.00223172231287355,0.00124517700473464,0.00182374309868763,0.000796978891680628,0.000851659988661379,0.00320115202365662,0.00218959720457667,0.00291884527680313,0.00534625887773704,0.00205764416190644,0.000827352810183028,0.000834895167836269,0.00343614587242306,0.00194801045097832,0.00258837006766075,0.00544861673538458,0.000838362367676941,0.00680079550211057,0.00113590764216817,0.00309942237322037,0.000923522973828708,0.0026883980234811,0.000859783867946874,0.000817863842124125,0.00682928210935223
"TT0001",0.00323823083939462,0.00392997277591955,0.00210946155824142,0.00581544885853245,0.00199346918164058,0.00371639669349253,0.00115482305074796,0.00180338912750824,0.00294993435503264,0.00295960495354162,0.00116573666342151,0.00300190391648297,0.00304833114480452,0.00291567241862242,0.00292290770637222,0.000836170043571263,0.00304663336177274,0.00203466973180239,0.0021136587065869,0.00179295624863322,0.00425498661830965,0.00111812641096291,0.00254619847807741,0.00368321127923886,0.00110677741367053,0.000896639551955023,0.00199937435844974,0.00107521487095333,0.00200865911914121,0.00284383942845249,0.0030622228273372,0.000954432622241877,0.00305658169392174,0.00291364395349249,0.00290239366242579,0.00291355471932508,0.00109946196907384,0.00199082017001651,0.00198957828345893,0.00111993540200848,0.0035577253802229,0.00438306820581678,0.00237532099164471,0.000988736139018617,0.0029115460445294,0.00398160679034285,0.00212364096885501,0.00119682106823475,0.00103951173733645,0.00568738915067761,0.00105474936429461,0.00397517901141975,0.00438945849109267,0.0030707163947609,0.00652482840867512,0.00109454031080075,0.00282329295131691,0.000956337770355565,0.00107567205631583,0.00286126705495983,0.00303303296315207,0.00203153534940949,0.00194833748806144,0.000991530634491732,0.00297861176246511,0.00202809001606316,0.000915458967018922,0.0032537866492842,0.00288314969620245,0.0018326447038572,0.00202992563877397,0.00326400020193967,0.00124266435932175,0.00278519525420529,0.000878059794891192,0.000934035124507112,0.00286793878582018,0.000936475457798393,0.000994333903519638,0.001007558737918,0.00289984191962417,0.0028877318623149,0.00286576628057498,0.00318819410247878,0.00196115150554911,0.00408722980379585,0.00130292120852683,0.00106928105611826,0.0020647862283798,0.00112488349833549,0.00285616223482016,0.00102293042434712,0.00186494085584675,0.000818634258731279,0.00312505234396091,0.00390336903167616,0.00205722208132463,0.00411750451748289,0.00197275119438517,0.00109945319481345,0.00198686040824845,0.0042106576779996,0.00297500221230671,0.0010759438269538,0.00301359557768125,0.00197833807237296,0.00315483788763115,0.00105140676403943,0.00178679260699446,0.000984361236623358,0.00201976537979072,0.000998044951746177,0.00194140829415099,0.00322257038994188,0.00303017490019575,0.00290178592918638,0.0029173625963745,0.0038594774365835,0.00353273617349362,0.00344114750367136,0.00354601421418206,0.000925152685639889,0.00361559394721933,0.0033419699979779,0.000853323086484388,0.00115765907949788,0.00230251732886054,0.00194314126553398,0.00353907750764846,0.00117259420877865,0.00106882488035729,0.00269336849270786,0.00459869572805912,0.00105929824964695,0.00362283729728571,0.5,0.000913112932402679,0.00188130978133788,0.000996155360689239,0.00125574793490244,0.000926128486695951,0.0033458494925739,0.00451626551551635,0.0042627418194956,0.00105568043690491,0.00348804052029905,0.000909188721310275,0.00105421802688784,0.00381245741990844,0.00321418976220231,0.00105997942554585,0.00193466887543213,0.00382439613224586,0.00105151079641093,0.00284699060190927,0.00427376805360129,0.00128921501638876,0.00115763096890794,0.00106676780170702,0.000880050747362407,0.000907653052376049,0.00184812384341982,0.0012513966028507,0.00328638097848535,0.00101766919223933,0.00212467830763135,0.00329147219555304,0.0036054018958375,0.00201739458932316,0.0036091933872926,0.000936007702394934,0.00408732525443099,0.00118895848233435,0.00520193898251169,0.000996738785368349,0.00348172528448162,0.000938912131625886,0.00115084090321825,0.00359132557095146,0.000997455013677028,0.00187958526217552,0.000892232804435318,0.001961308104044,0.00434247619754019,0.00110814034611673,0.000906853083432318,0.001846469485019,0.00189942559061572,0.000904892765729348,0.00346147062352031,0.00458945794328837,0.00457278175589914,0.00294795877558847,0.000981322216784152,0.000990500738347468,0.0018849042494729,0.00183465923900761,0.00118995565829256,0.00416882209594464,0.00197441208219792,0.00459379746790104,0.00144901917921632,0.00108406414102729,0.00106288781377009,0.0036129335938875,0.00196090550900438,0.00104475646250932,0.00366359874604094,0.000934254156205101,0.00427299066720294,0.000834965585059702,0.00119542096314293,0.00895163115769416,0.00114492247147416,0.00110499743729157,0.001905926996972,0.0038634753804401
"TT0058",0.000982210443112926,0.00483588274071998,0.00121489217049592,0.0010795854413405,0.00102993199470611,0.00105693066950411,0.00439845282987205,0.00212888835343312,0.00307640756026189,0.00405180964409362,0.00594929118344069,0.00208112833607348,0.00103501826922361,0.00103455643264018,0.000898780730118226,0.000891967645880754,0.00229390557256252,0.000778379480505534,0.000877939894503367,0.00111324051267065,0.000952897637270049,0.00116370445401769,0.00507457461691954,0.00105033542373364,0.00174532905297489,0.00775775488284888,0.00535262134194608,0.00549544968530967,0.000801172395393904,0.00559231193271822,0.00121450420385903,0.00679232699090281,0.00103278317593035,0.00087669073671815,0.00095375376025592,0.00285544840960122,0.00285774912017216,0.00444326245498307,0.00104904319244824,0.004421381836151,0.00293715401284762,0.0010987667930551,0.00201937188084886,0.00280850752684812,0.0010078104669901,0.000885362163314077,0.000934569651891686,0.00232453525438525,0.00401679846443335,0.00246546058662325,0.00294015300157564,0.000903096566918052,0.00132870267396479,0.00414729302782109,0.00207095833719354,0.00100690710532214,0.000955972066506792,0.00153222051381434,0.00439693596647725,0.00577243438748378,0.00101221709288383,0.00204084682183759,0.00217950004469046,0.0020648433554741,0.000957308626402968,0.00104210692646955,0.0051668000743785,0.00109135789922446,0.00101138439395232,0.00215081062809626,0.00212591537950876,0.000965720867814056,0.000987564861502778,0.00108852396687766,0.001171510563869,0.00371865107198863,0.00197500675727949,0.0129090623853607,0.00100973690061197,0.00464207679075372,0.00185770140180001,0.00316791137181071,0.00210106679157471,0.00104459818457671,0.00449107027023347,0.00370147928965539,0.00105805411572335,0.00139958432296116,0.000950026128829136,0.00487842164420854,0.00492556966412681,0.00606573016502194,0.00406457310391274,0.000899103986194646,0.000883265501605637,0.00353394940534874,0.00107061058681682,0.000929691834677418,0.000953845885075888,0.00210382082440691,0.00101622036729385,0.003117746003487,0.00122591957933904,0.00109645134209368,0.00123629220523344,0.00112786057808668,0.00186007632904248,0.0010567187006827,0.00108733439533068,0.00169993599913867,0.00566792514024242,0.00482421653622438,0.00107489393701032,0.00104686664604725,0.00311615893153428,0.000921885002341818,0.000901114572710874,0.000873151148165287,0.000921519317614387,0.00130812352362844,0.000961168656825546,0.00537247483734211,0.00283204786448402,0.000794621088223081,0.00399965164193485,0.00105591546837388,0.00438252292942429,0.00442621144334167,0.000934937507675912,0.00450534808975649,0.00114945774044915,0.00112905053311356,0.000915755812196498,0.00114297312898115,0.000797961337641711,0.000913112932402679,0.5,0.00106404332496129,0.00503311266858854,0.00100262833440597,0.00407975389954826,0.0019073474032571,0.00091564552047788,0.00413816636809722,0.0057757920479196,0.000837185733518326,0.00221309125140481,0.00121691530560034,0.000829836840011834,0.000807671885870948,0.00133313480836529,0.00106529811794719,0.000811393580715528,0.00377847935497184,0.00111973408290709,0.000886804894301588,0.000969431981741457,0.00491811945103959,0.00295434043079003,0.00290823417853585,0.00153295644093546,0.00401498173766231,0.000985854078195038,0.0010981185177622,0.00091107082137515,0.00290895392937862,0.00177576350151574,0.000880974718496281,0.00300595688911886,0.0017055475511358,0.00536780291152515,0.00214988848305212,0.00104665161967584,0.000863802984278879,0.00425164273374147,0.000778138028986436,0.00129555958677447,0.00189595212701485,0.00189408609669832,0.00249685286706036,0.00433685233527347,0.00246982919134673,0.00481559505106029,0.000783792059779562,0.00106702106143122,0.00766001509392569,0.00112607242355728,0.00564911696342324,0.00142057763501392,0.00100957201722501,0.00104433910353637,0.00086445804015886,0.00184154685481403,0.00214397238404243,0.00198604789294667,0.0015824386039536,0.0089180316530189,0.00087493740767414,0.000942732130881597,0.000943323667382491,0.000915944370133708,0.000976602972896819,0.00110826932150836,0.0047059870304688,0.00278776133184146,0.000893125200077858,0.0072523473171093,0.000809763402408924,0.00458934691360904,0.000781114730433637,0.00398775663855398,0.00117372762762497,0.00502408935419451,0.00416656722661054,0.0011802245673837,0.00122060798383249,0.00174990865796825
"DU0043",0.00121433327984797,0.00112336849752822,0.00778990732757386,0.00259234605726692,0.00338211571677667,0.00587912246565953,0.00153912608414056,0.00093271316239505,0.00104095393197213,0.00086192057624034,0.00133857560305151,0.000844945605293488,0.000807668405779033,0.000992198621018859,0.00108411032940157,0.000951511980472119,0.000902836311568899,0.00296505369271208,0.00405971738684089,0.000895702595517939,0.00109803181200444,0.000886287610493819,0.00300766468478919,0.00138206004052438,0.00153569763948281,0.00102461564868774,0.0010496170189684,0.00234298025489595,0.0011662631108547,0.000940825563784477,0.000890568286343839,0.00093666090368116,0.00089044846273608,0.000868181186626611,0.0035319134690206,0.000838935909237156,0.00103069352326888,0.00145290770453625,0.0045897986682751,0.00130242214499386,0.00152317148327809,0.00119243755529493,0.00524713378711441,0.000810362243071076,0.00377199539726067,0.0010921161310586,0.00483042082469843,0.00127486761024129,0.00125877606776566,0.00110600282023981,0.00118051305248802,0.00106751764514683,0.00110859868666615,0.00146989222310246,0.0012023827610204,0.00580677855654933,0.00658220908345047,0.00464305468444837,0.00115513288913159,0.00102943833086416,0.00211620286333261,0.00135120683602749,0.00129909593936943,0.00291700040474115,0.00294522274326645,0.00447016862460341,0.00132110960778816,0.00270994302825692,0.00267854639529844,0.00208388598988555,0.00151610471712213,0.00354427802006368,0.00130917901595545,0.00298490163465214,0.000648338674234072,0.00650916565113525,0.000804224029505862,0.00111351067903071,0.00443870500717373,0.00269402300432281,0.000829967265898026,0.000822967957889059,0.000823717722812547,0.000902093653297711,0.00111485430099813,0.00112321741972981,0.0050315086109141,0.00473737710909163,0.00130994904910125,0.00185428103538314,0.00341560701869948,0.00305101800922206,0.00768903662627798,0.000700649118512135,0.00113703278342142,0.00106707496983835,0.00357489103153249,0.00100995730614653,0.00122036320997405,0.00354937388773427,0.0011569777172691,0.00102098544312989,0.000817179835955243,0.00395642458900683,0.000878828177932393,0.00123007652101382,0.00653413335990547,0.00112528058178462,0.00577505848050001,0.00154034057934555,0.00134657698991016,0.00445640478294013,0.00710991159952543,0.0013561555345034,0.000946826500042911,0.00085299524570502,0.00117926685052691,0.000952176799313843,0.000736824647873076,0.000791455566457054,0.000848041779064251,0.000883907650435294,0.00117688466398683,0.000861624728824859,0.000702479720841799,0.00657272788263165,0.00345432983839627,0.00111441828452438,0.00349513520947056,0.00135677766879875,0.00128161949481299,0.00620381089226554,0.000984979539980609,0.00269960668440696,0.00082669606362511,0.00188130978133788,0.00106404332496129,0.5,0.00536090393534982,0.00498794333750281,0.00654761918165829,0.000911968536493869,0.000854960648204242,0.000981110175540893,0.00450364594326879,0.000751965587786254,0.00157201883022885,0.00121843714422917,0.000974334175692088,0.00406960121206919,0.00088610295770321,0.00696693940266869,0.000891265152490997,0.00230758186255754,0.001242270623166,0.00457084418806075,0.000981021724609398,0.00115279223612434,0.000908322384334669,0.00145822988237893,0.00370848726428941,0.0063969072238805,0.00398592087100632,0.00616121366690367,0.00515305746532863,0.00107291419276979,0.000732398025593371,0.00352165738685981,0.00135470581451148,0.000800720110278888,0.00121109603032373,0.00149226418809806,0.00628732414982825,0.00368484112228926,0.000792244045630123,0.000961583250529575,0.00712054702074991,0.00335190581628484,0.000909850839841044,0.00403363896175581,0.00413305890644385,0.00409636571673087,0.00126297434275805,0.000896097178532266,0.00479051781441841,0.00138191137051645,0.00333132311184538,0.00112119913960422,0.00330214701816485,0.00091899391066737,0.00636461259415516,0.00196995112930206,0.00104616931932348,0.00108253206577646,0.00126749644011446,0.00435864121813318,0.00115841464464371,0.00147668099379826,0.00185048797469576,0.0015533590390889,0.00100480375646272,0.00423442435099039,0.00753329600846721,0.00133579061816616,0.00114054723607649,0.00115356447351157,0.000995622066122209,0.00100193206483552,0.00503056229605819,0.000986835770661611,0.000761500869246772,0.00440808615100738,0.00130156194691797,0.00351139745261947,0.00513123217424999,0.00328284476925247,0.000904965917590129
"DU0042",0.00126226926736225,0.00504173188460288,0.00551892300155195,0.00211444859408734,0.00162082966540194,0.00123490829673037,0.00198784575132589,0.00111284334377167,0.00112816466598514,0.0022659163330345,0.00117773088360915,0.00119529950419677,0.00114492672536651,0.0011540348017125,0.00113479713912081,0.00308759577110725,0.00127370087603506,0.000935485750104811,0.00419443706428095,0.00103545710900637,0.0010522726679622,0.00107743910639644,0.00485553918126342,0.00125833226286929,0.00156798588402017,0.00453795654624379,0.0011082802800164,0.00121354252117772,0.000959418763917923,0.00456744438910529,0.00236505169206683,0.0051616209649881,0.00197025920299119,0.00182802229087502,0.0019167613046361,0.00114803560254497,0.00116915079783447,0.00184514973710125,0.0049148244684461,0.00184666768069412,0.001375622351928,0.00104757536591499,0.00546327741251717,0.00104378993708605,0.00120435598036152,0.00101017983666498,0.00501586879037405,0.00154627201791463,0.00409347141796371,0.00116835972254865,0.00104734220113352,0.000974660938259933,0.00143623257671613,0.0015411201513643,0.00112583545346771,0.00616303457554026,0.00125287310323336,0.00247134437556245,0.00115227192859404,0.00532760665590066,0.00346122387769608,0.00109484136799294,0.00109734493030792,0.00153742051008903,0.0012387867662046,0.00477502365582394,0.00461103552423834,0.00299442444519075,0.00121747259041524,0.00183498939281891,0.00147238890280119,0.00134405646607147,0.000955276965188722,0.00273249757391701,0.00116319705095242,0.0073977117380999,0.00226053295170942,0.00442029311231796,0.00495935301991481,0.00121184637210197,0.00119139753415057,0.00236751125950116,0.00230631610463472,0.00111730550031752,0.00113316271341203,0.0037699659021431,0.00542871234319777,0.00356692048490548,0.00124246716062502,0.00191496013965887,0.00131852337140756,0.00232627694474211,0.001155600919774,0.00229697599516209,0.00118531077602457,0.00392889106321801,0.00105843446288603,0.000970876890629893,0.00100742763841311,0.00116773964138928,0.0011047364912174,0.00102610883924417,0.00210477147097174,0.00115792850909185,0.00119434534554623,0.000991812480617895,0.00468607223540493,0.00104394434814181,0.00181337599026442,0.00167842206022145,0.00122398317774183,0.00261162114011183,0.00473886786627669,0.00108907533382256,0.00113112364335846,0.00112323318528781,0.00204858282725504,0.00107108049197549,0.00189535433735845,0.00285275741643661,0.00100065495260521,0.00115899159571748,0.0010308321790564,0.00102800746212291,0.00324586846930558,0.00272317583592577,0.00123496335758828,0.00112963095258731,0.00173738554705239,0.00138440975163689,0.00121200005619206,0.00465960668829044,0.00101045329285896,0.00115969477985002,0.000893930882954867,0.000996155360689239,0.00503311266858854,0.00536090393534982,0.5,0.00530330588240781,0.00825782961259696,0.000974730710148992,0.000921261245075954,0.00423222187051309,0.00889176410140327,0.00183144481267438,0.00112851572685612,0.00105568511938844,0.000971399719511339,0.00118259604172148,0.00116429063747892,0.00440733867052858,0.000916640353378896,0.00441457505246538,0.00117530355729831,0.000967908490611302,0.000910640902123766,0.00105467479604445,0.00133661229501399,0.00174204046648834,0.00256906228142228,0.00270639532679359,0.0023261539469883,0.00547314330725191,0.0054213592013372,0.00123279352470277,0.00295727131572463,0.0023918476965481,0.00101445224209006,0.000900380670129476,0.00428847821884706,0.0011483784811309,0.00105763590103387,0.00176676586537291,0.00123638084017636,0.00100273425005081,0.00528690394605206,0.00111931092208135,0.000980544509322036,0.00432826013189184,0.00744145233407817,0.00444185825753824,0.00154935129974349,0.000931935727013091,0.00511840238437703,0.00516365491239728,0.00179380485977294,0.00115561231614706,0.00132004543172623,0.00102136547273759,0.00544836482084232,0.000960090027579403,0.00100172210689236,0.00116108107335565,0.00113605649550888,0.0046009794643699,0.00437418936232618,0.00143213527581572,0.00284241161112998,0.000928914224733271,0.000950678656740815,0.00164213201030042,0.00630451921738408,0.00140570194665597,0.000994376497853619,0.00118536818960123,0.00507448047814645,0.000941804843808706,0.00896925128479797,0.000924062693795732,0.00400408009652371,0.00462225231801637,0.00121434791550803,0.00122767620874849,0.00130632705141584,0.00107733354794578,0.000954303354411756
"DU0041",0.0044181392789993,0.00127499499595561,0.00524130049692994,0.00121242286940472,0.00410331081893475,0.00122942860706888,0.00112395867125587,0.00103198504378072,0.00213507337732848,0.00217134052428903,0.00106761077724708,0.00108571788609751,0.00109734564946665,0.00272437102031415,0.00234714211854987,0.00107855646905809,0.00105573008274721,0.0026611339402438,0.00608344046626618,0.00117104762770581,0.00143289346906715,0.00119669696897968,0.00120261124761713,0.00272909414704457,0.00771189217501368,0.00101544348210088,0.0011728703267436,0.00104603427491224,0.00497445000773909,0.00111526689076601,0.00115478147849324,0.00109683428981916,0.00142425405112907,0.00132749873776337,0.00234755212810925,0.00229858105427634,0.00118190702268922,0.00103948628631089,0.00579431500887145,0.00115507656346756,0.00422718444059644,0.0013955609027408,0.00627128788643096,0.00107053909133361,0.00123045370163698,0.00227277130785291,0.00547743444217569,0.00143477242025184,0.000927696519772456,0.00118134697795156,0.00227467172330976,0.00223048496058336,0.00373463315082317,0.00267818592726331,0.00133548211364021,0.00917450749892153,0.00391995186266598,0.00434942120402654,0.00489156751427,0.00126768889366371,0.00440457758940067,0.00121589679305543,0.000987072786620068,0.00117136180518048,0.00133899526564008,0.00640046471301858,0.00100015317394017,0.00118107395925228,0.00118532740011941,0.000979898918019653,0.00145229958492403,0.00292355867110912,0.001100980979082,0.00117012698641695,0.00194849707470066,0.00304010394319132,0.00119056177166493,0.00105145904358204,0.00671210736718425,0.00108845155864734,0.00236117086274415,0.00104861786419239,0.0011123491324831,0.00124164900228853,0.00117480847879444,0.00242844092066161,0.00646136376800035,0.00401907230313247,0.00524312309890234,0.00106038837607404,0.00352514328014051,0.00111362355080643,0.00115366341646079,0.00101163832229452,0.00269472812075525,0.00131777290245753,0.000966916167739621,0.00137691656691645,0.00211262638922288,0.00106324016652005,0.0014419758953002,0.00229750842446083,0.00113201758757537,0.00102359866725798,0.00115086603539227,0.00108481778933891,0.0055265515168719,0.00123547012340489,0.00101920847620601,0.00417859946777981,0.00117188875532313,0.00116850139724093,0.00492869998945513,0.00120442462125245,0.00110767269447705,0.00229570346344311,0.00248935893073113,0.00111118936665581,0.00104975205855351,0.00098521678308142,0.00097236029654099,0.00104254324125803,0.000944207479253734,0.00356239720705214,0.000993873023170268,0.00151245045595179,0.00133575715521077,0.00205573319244134,0.000987726864448382,0.001210814712616,0.00140353525548521,0.00472794834938186,0.00125304695149783,0.00119280512127893,0.00213288997101597,0.00125574793490244,0.00100262833440597,0.00498794333750281,0.00530330588240781,0.5,0.00486447170274276,0.000919365147380881,0.00210517781974142,0.00211317602607969,0.00426285340741065,0.00106920628452565,0.000992794785709556,0.000919804817430966,0.00327042378134033,0.00111472919516719,0.00113311616962134,0.00476661569941971,0.00233135826362028,0.00283506744421693,0.00161454634087113,0.00110771598257709,0.00247342003017897,0.00101238773324561,0.00118898049001281,0.0042144961587173,0.0026628374676326,0.00119420797186646,0.00132543998596837,0.00536254318209299,0.00653853278344498,0.00487748763411626,0.00103265174799383,0.0011069093881382,0.000970865905194383,0.00107623169411252,0.00103679378018802,0.00214069475753173,0.00107516923638428,0.00108583950186846,0.00110373235159462,0.00474373120040332,0.00443655183323196,0.00116727654373665,0.00200762851466272,0.00150708355647342,0.00174900290031231,0.0042130288051573,0.00246330512771473,0.00334745110934142,0.00613514784730459,0.00121366585196564,0.000936559809133891,0.00105088509885052,0.00103159322110036,0.000946672826921044,0.00715724290891809,0.0011627735362201,0.00341828396830779,0.00199521445484263,0.00376899204083751,0.00170982699200599,0.00110706345672434,0.00455822742885684,0.00515281313514194,0.0017795846554014,0.0021622638322214,0.00606229877772385,0.00510830556325001,0.00121542214165743,0.000988329268360978,0.00281501282192677,0.00205918566300011,0.00119370094884226,0.00497967547033198,0.00117242290954726,0.000978799976401793,0.00322551842824742,0.00106646493356767,0.00127997855154737,0.00106063456750717,0.000911426300424719,0.0033954368418092
"DU0040",0.00115468697102774,0.00408988385216123,0.00499715967230553,0.00121826737387754,0.00327227144773679,0.00214831552894943,0.00197591117900635,0.00107935619569515,0.00101490474458743,0.00326562587933035,0.00109622599224259,0.0010879773382315,0.00105509431133518,0.00108799307964352,0.00098240763549459,0.00117851016357436,0.00227642279449887,0.000874357269729742,0.0038733122752584,0.00105733459684247,0.000942466653131746,0.00108995818489853,0.00685800124802642,0.00203135212522667,0.00151361908766939,0.0046444284538995,0.00101345879872749,0.00109877067093052,0.000890928490569465,0.00379023856789003,0.00498941165589562,0.00396727043503035,0.00108283871511329,0.000954844453474508,0.00110397387507528,0.00107320086677626,0.00109599014281732,0.00126081326604696,0.00447930445890166,0.0018706663295807,0.00133762340532693,0.000967454936487054,0.00499872190826197,0.00103411078180916,0.00345114280487662,0.000982776164539764,0.00464054375814394,0.00255082817261862,0.00378637683414063,0.00109998819990132,0.00102330188373677,0.000909565026574594,0.00136760477566255,0.00137653894042977,0.00102494442531468,0.00669501051456156,0.00243298694221036,0.00156920181372127,0.00105596533921411,0.00398903685794967,0.00573623434059882,0.00107287582823649,0.00104278841157137,0.00299932069661457,0.00213960478271254,0.00438656809063368,0.00465427832355882,0.00117807869900094,0.00267433237358215,0.00110507647858419,0.00312059586217626,0.00133538628524756,0.000976163437608391,0.00148052115840749,0.00195194592121349,0.00582800727806955,0.00323853431085118,0.00957946284600515,0.00451397612656468,0.00169914157809098,0.00108391975256008,0.00342520454477228,0.00331777457938926,0.00106996740760953,0.00102628834882944,0.00417622740124709,0.00495020720279376,0.00222080181604236,0.00121044850744206,0.00115645900118873,0.00118493817706104,0.0028969064425266,0.00112446667075005,0.00187600787714587,0.00105250047221096,0.00370806708144044,0.00105250738179674,0.000876434770819866,0.00104295699325517,0.00116131027196159,0.00109607081102015,0.000913825994907247,0.00334644959431735,0.00255666432038352,0.00109055280316579,0.000974950211759835,0.00430354624433545,0.00104919002442818,0.00111863676164021,0.00146020110819185,0.00107515450156385,0.00989407497763515,0.00591830179309713,0.0017948118533937,0.00108064262122746,0.00101373836152288,0.00104242452661225,0.000942441847344117,0.000975238551126318,0.00211091579100176,0.000913507766504485,0.00106508641915416,0.000955881151493293,0.000931916995018986,0.00329865361286309,0.00135521928026887,0.00111609619151696,0.00104987019848989,0.00165755509968424,0.00120525629932919,0.00127408605601802,0.00538096658656676,0.000940050687221887,0.00319115436667403,0.000830519234739004,0.000926128486695951,0.00407975389954826,0.00654761918165829,0.00825782961259696,0.00486447170274276,0.5,0.000901788882458113,0.000850401505763212,0.00347622706779725,0.00727965093251691,0.000898957290724839,0.00149184793103999,0.00104633614290775,0.000925393765336937,0.00257888561377187,0.00110550779653511,0.00553340980019338,0.000876467137912331,0.0058691312902877,0.00117305868791364,0.000958431640129439,0.000844698852402361,0.000972787789497863,0.00118985052877631,0.00412620461822445,0.00332933242696533,0.0012167725616157,0.00139606228050502,0.00495362127936263,0.00488342876288468,0.00112529922426485,0.00294908838492155,0.000906976290663322,0.00101697820253253,0.000826904664738872,0.00401021395693056,0.00111040503245325,0.00155811839233628,0.00115519663503961,0.00111922589589788,0.000929641498250834,0.00619927962466998,0.00110810193767456,0.00089113437369732,0.00393838219616701,0.00565797138890824,0.00282695327032137,0.00195270893050701,0.000861727700950928,0.00463930537955839,0.00415407429915192,0.00183150642736632,0.00125651811838516,0.00321578939993732,0.000934801493923262,0.00500750079172678,0.000904566761020375,0.000949031331211065,0.00110847389227993,0.0010960772609928,0.00413866478409099,0.00359789953847259,0.00138185050125999,0.00157150376018919,0.000870187485561974,0.000855032583398691,0.00158138450462364,0.00575072434554799,0.00122382655107734,0.000890191021730999,0.00112523412822496,0.00380714957923159,0.000911184271026109,0.00787654377611093,0.000899884141664768,0.00395219926669779,0.00421568195815791,0.00117587832054561,0.00108407120729995,0.00310642507898881,0.00105683583700083,0.000857879342277963
"DU0047",0.00291934501586956,0.00370890284460807,0.00192370966497017,0.00290933198267755,0.00103589624735801,0.00248567643994714,0.00166937348581196,0.00330688395429094,0.00116009061045339,0.00379786550098238,0.002059374923859,0.00381796397636191,0.00285201088334332,0.00360158262883662,0.00268162025662654,0.000836017539679446,0.00384267287608751,0.000746579334101221,0.000900409067538319,0.000937239262465711,0.00277497249527969,0.000977910639914759,0.00241157001554356,0.00115244954449204,0.000960720065624418,0.00105129857567404,0.0026077675994266,0.00282725754787731,0.000748306198233361,0.00273647011490211,0.00288180223899633,0.00099035656017463,0.0028574251445162,0.00271624664438619,0.00263394933919179,0.00280268827259185,0.00103134114641444,0.00104511974145216,0.0050630505473922,0.00100520905824783,0.00289529679473611,0.00378349143004546,0.000985791820063084,0.00258588719129433,0.00251297972611753,0.00264767433567008,0.000912440465666646,0.0011871231896985,0.00110677488985833,0.00438437662390078,0.00122580973057764,0.00260795253697389,0.00391187532869971,0.00109490738305486,0.00392214346325663,0.000886853543319065,0.00248695705906608,0.000940607752815598,0.000969533083164514,0.00257916774977782,0.00277918328607943,0.0037481406890753,0.0054641224314538,0.00109443476037626,0.0027172118280186,0.00356699514285983,0.00104978244709791,0.00297711549652696,0.00249045556720222,0.00117753416064996,0.00191654905650134,0.00100606069998687,0.00103999820374556,0.00610536430790965,0.000985206264161369,0.000934868339992185,0.00271729879869992,0.00191651272050728,0.000914440053278013,0.0010495820127995,0.00272285725175903,0.0028063031130767,0.00273432175836723,0.00295385800466726,0.00379357921569159,0.00283041988871264,0.000987050630310112,0.0010355428789295,0.00103272417798547,0.003920536391119,0.00113150142757751,0.000974903884133558,0.000920841283092188,0.000813573141531794,0.00284143330603985,0.00269250900116681,0.00109573685189965,0.00270529561385983,0.00108998187385322,0.00298324926690932,0.00491066923909866,0.00487852212224807,0.00281081576752606,0.00107599779378429,0.00479836990903959,0.00257749253889559,0.000980812820096843,0.00533794459744519,0.00110294319712928,0.00107402001927519,0.00205020282584173,0.000906492359087666,0.000892723646084687,0.00281288879749451,0.00685900347186595,0.00269946786028125,0.00266749190364973,0.00354829609520508,0.00323978847643939,0.00498284563890717,0.00543803905688174,0.0019778814486087,0.00511172349327642,0.00310320566989675,0.00172335740457352,0.00106743312222391,0.00208399523162404,0.00564277980688811,0.00321997089684654,0.00110267750661815,0.00111801593831657,0.000849043868859042,0.00336122249245809,0.00652502553718121,0.00315256332175666,0.0033458494925739,0.0019073474032571,0.000911968536493869,0.000974730710148992,0.000919365147380881,0.000901788882458113,0.5,0.00320314154263531,0.00393094489404099,0.000972040443800227,0.00323147145288612,0.00567904491835041,0.00665375399634494,0.00330933650706215,0.00290364491538136,0.00112495194145396,0.000972573401434577,0.00333418021262372,0.000982458969806982,0.00643816244158373,0.00306824188302743,0.000836554483485933,0.00110082022892484,0.00102951370882919,0.000950102675641937,0.000972041760837177,0.000983764066616359,0.00118233238871902,0.00102809170312543,0.000895747193977104,0.00103014119974036,0.00306744700802555,0.00314671489898639,0.00121079822531101,0.00324699254750832,0.00204610893725036,0.00122715583037715,0.00100902558306288,0.00313699254749459,0.00167427820852334,0.00308999102692558,0.000926357311316953,0.0019701462748927,0.00677950078724204,0.00633767844836309,0.00184982272226407,0.00281030629833072,0.00106017503244002,0.00311012876104118,0.000987110203262072,0.00291266480617621,0.00172133325208186,0.00681013858414655,0.00168809310612811,0.00613147344588499,0.000975604577730291,0.00316613975887974,0.000950316100835753,0.00266337994482439,0.00207395218803795,0.00534895896824331,0.00184151202505824,0.00103693886486011,0.00100112058166706,0.000771962083065632,0.00329185018157532,0.00105006119884287,0.00294198186043789,0.00112167371015827,0.00509403284204237,0.00101035708462281,0.000968082746049237,0.00318283329988824,0.0019190580743115,0.00305147898648891,0.00173169269829346,0.00097206167027633,0.00116654342797773,0.0010122459844921,0.00113634947605951,0.0020220734251444,0.0033369391511307
"DU0046",0.00320827831312174,0.00286862813586531,0.000960906541566479,0.00313417830488873,0.000894508497266835,0.00257052702926322,0.000909330775697429,0.000997421260878505,0.00351235735000481,0.00290954903665453,0.00104079308356995,0.00293089826102098,0.00292736279814227,0.00288423372797187,0.00280218911168189,0.000812847717229276,0.00296847617393613,0.0033334427164811,0.00291730289527192,0.00271294548133507,0.00517596291941558,0.00283770462041431,0.00246715027982254,0.00296025083565171,0.000997986180357802,0.000874164984559874,0.00394687675859557,0.000888060862396296,0.00269628518232879,0.002812415305446,0.00299848848107805,0.00093589472137793,0.00306576500035024,0.00282378646725473,0.00277734724343148,0.00283930818931743,0.0011500638035328,0.000965784376370494,0.00265436559538281,0.00192301848538143,0.00191972194833594,0.00415359066167378,0.00125470154242105,0.00117041469537033,0.00286464033267639,0.00486836556067305,0.00296923397799662,0.00202789859746115,0.000984980506654941,0.00337221018150441,0.00316871802481307,0.0048268942518146,0.00425188389556736,0.00308270286630398,0.00411815819609014,0.00179886312453232,0.00270562621435547,0.000972730104085042,0.00276989853105314,0.00456328028687916,0.00304563358621754,0.00111096226114394,0.00100774970218471,0.000913162249018631,0.00285238669959738,0.00271450598331274,0.000882138754319813,0.00299983692914808,0.00357615106855729,0.00400444935732245,0.00087039549288368,0.00109170807338094,0.00284843944958751,0.00262104195572568,0.000962163075259442,0.000847625372768982,0.00282366324546066,0.000997611072072126,0.000887428899899984,0.000905095793640399,0.00284164823907596,0.0028446515356975,0.00281877591979385,0.00315876076832386,0.00105993413514451,0.00407037365830423,0.00120162471900275,0.00106002375071174,0.00198559991670198,0.000979282691418068,0.00111768812331027,0.00290152891089307,0.000994557357146618,0.000796272142811278,0.00299260565556124,0.00477149211796146,0.0010250160252573,0.00582778086906145,0.00285648662991416,0.000925148670696562,0.00266072549909443,0.00410080238837353,0.00292314327769475,0.000936525910580574,0.00291476775956531,0.00525516232079545,0.00108783662397237,0.00089539822742005,0.000881004367587231,0.00107052805467997,0.000930179613688526,0.000873014091856602,0.000895970776841794,0.00400343337797013,0.00290790328389871,0.00280566973872437,0.00281037354456646,0.0037102359360622,0.0034194868797274,0.00333563048767193,0.00337687205738799,0.000895077934611723,0.00339617757798912,0.00326683623640801,0.000934509830220491,0.000839316033825769,0.00119266960751976,0.00185180793812237,0.0032744959620012,0.00475687436924233,0.000899860194305279,0.00348195501349792,0.00528223757512482,0.000898297935019525,0.00528487693620083,0.00451626551551635,0.00091564552047788,0.000854960648204242,0.000921261245075954,0.00210517781974142,0.000850401505763212,0.00320314154263531,0.5,0.00332511681353192,0.00189215499231552,0.00337416033147428,0.000822732002472956,0.000934170628384411,0.004707775244441,0.00303379778596699,0.00184777376639731,0.000890927945385979,0.00548751206127277,0.000911562825973119,0.00183943629320491,0.00410291056656003,0.0052009069421472,0.00199516679733427,0.00102509245502886,0.000962564656207425,0.000907184794114532,0.000859750502283266,0.00093341641319738,0.0021229031473967,0.000889594599211015,0.00309732048757501,0.00320769957766235,0.00424174465719246,0.00115836377028456,0.00358275453801631,0.000912439723411156,0.00357087299581923,0.00108011835419427,0.00318115722994506,0.000974572540061034,0.00504678880274204,0.000949745853144936,0.00101173990458623,0.00343837434065411,0.000941018206576864,0.000955433665685661,0.000890479262864402,0.00587915628475291,0.00587137054539461,0.002903182531313,0.000903238585385496,0.00089113587218825,0.000948391452582191,0.00079009018527162,0.00330038028291844,0.00215027698069717,0.00362933050000187,0.00240993875952651,0.00101023285650756,0.00100103946825772,0.000889850089390203,0.000968478443807987,0.0010853427941379,0.002140121230261,0.00650229433286551,0.00535364109470833,0.0020656446764594,0.000879422194457831,0.000936131965583185,0.00346201792284467,0.00270619801726102,0.00264426355056214,0.00454266314313344,0.000860366104971654,0.00508047898493609,0.00095189389292226,0.00297143644152616,0.00105284564298781,0.00277478595794304,0.00101445630306835,0.000916766459592225,0.00387100524178536
"DU0045",0.0030489627115557,0.00715482321873982,0.00209292250841092,0.00295814204379805,0.000873078986376016,0.00252930240186545,0.000953159829343676,0.000961803817069547,0.00192838593682716,0.00389516587873568,0.00104968228649598,0.00299234480458473,0.00296093651525245,0.00284131100028517,0.00277899389695481,0.000882751050718097,0.00401252342529358,0.000937617162428145,0.00101509595137719,0.00103829079463553,0.0029215431706077,0.00183259711775765,0.00527361820255143,0.00107815293511192,0.00098261190919478,0.00383041578323208,0.00189493078431329,0.000994472257604305,0.00169930167529923,0.00595700360145763,0.00314701787429938,0.00405058288290633,0.00298025215291114,0.00280066090989877,0.00273742643082421,0.0028647352794333,0.00109819116503563,0.000940234599341677,0.0010290412976681,0.00099427726285991,0.00191243542387893,0.00302801701834821,0.00220296821258391,0.00182696070244154,0.00261557808569668,0.0027682779359852,0.00106104764952062,0.00415732404013918,0.00363751604956917,0.00322199583984513,0.0009905624463044,0.00271843452494926,0.00552119103287128,0.00204879566721976,0.0041089331827327,0.00106095860813187,0.00259410947206633,0.00100507881815744,0.000967437750778027,0.005986161874169,0.00295187916168957,0.00262604547938182,0.00177947372191035,0.00177834457638415,0.00285405462286759,0.00106708631567961,0.00404486518601456,0.00293925523811145,0.00257130757514927,0.000926736843431804,0.00109062906079056,0.000989825742476849,0.00091759897323949,0.002603647594165,0.00111689832703692,0.00357765029406582,0.00294533693615931,0.00373627419475484,0.00103931921798277,0.00103245857511772,0.00287538344769446,0.00391907287364563,0.00298317429791821,0.00306340373716199,0.00188731334096854,0.00615353985746989,0.00216716708723937,0.00109878231025008,0.00183645664239825,0.00101331771857077,0.00206925342469303,0.0025771977353179,0.0008991377292552,0.00091228812281552,0.00294700714872849,0.00527927378384582,0.000882499236330554,0.00283284023947898,0.000973942573558561,0.00182078097854265,0.000950839391203787,0.00302359821773599,0.00307889570393068,0.00084170493581346,0.00297578575542851,0.000901848254381127,0.00190782465721198,0.00092969689340255,0.000843038403084297,0.00110728263341491,0.00201017068328405,0.00230298969759878,0.00097423731612144,0.00287211557361936,0.00292453593383233,0.00281943470457152,0.0027645650332933,0.00368816056382276,0.00343523000310584,0.00521988552774495,0.00334993470358768,0.00104080713854098,0.00421503158375398,0.0032350168230365,0.00199897647869838,0.000886584195475621,0.00116946302146234,0.00177806704602913,0.00320979819974351,0.00102562208795819,0.000970369975277971,0.000936744660889425,0.0033516227820898,0.000906332085572423,0.00328744867437636,0.0042627418194956,0.00413816636809722,0.000981110175540893,0.00423222187051309,0.00211317602607969,0.00347622706779725,0.00393094489404099,0.00332511681353192,0.5,0.00516469684481975,0.00335624426510667,0.00174345962237913,0.00090500046378094,0.00348429297256822,0.00294687926396104,0.00103067813270772,0.00178546651878859,0.00347493300484958,0.00359445192945903,0.00180989519599407,0.00317205843576425,0.00089244024968288,0.00101921186739809,0.0011715718312081,0.00112395403264597,0.00103950857094817,0.000909592384686066,0.00101469287285863,0.00202996627922593,0.00102538678596095,0.0020197791758922,0.00405387726781789,0.00327132698823426,0.000954947000312858,0.00337352575704751,0.0039451198832769,0.00192651794707893,0.000870628355797757,0.00315628938023032,0.00114645554237797,0.00397992472033101,0.00102627124931354,0.00186753508649943,0.00422365853017055,0.00105592501613625,0.00565433175044831,0.00190807903747629,0.00115627349106885,0.00325248789993974,0.00190900785621387,0.00494122824408176,0.000846757302020785,0.00106788336840856,0.00101508140225122,0.00324591261903695,0.002028242916831,0.00409811046919726,0.00106126964573626,0.00194152587690836,0.00181190694394856,0.00191216167920139,0.00409633163546722,0.00100281761348749,0.00196951326921615,0.000892602376401485,0.00421598521139177,0.00190567801110902,0.000981464436140603,0.00106473515049333,0.0042006787770318,0.000966930646123838,0.00483216725323441,0.00411864964855634,0.00404735158948053,0.00317599561042578,0.00355410576844049,0.00111092207530912,0.0010560409641613,0.000965559364239093,0.000938571974664524,0.000893879710940916,0.00449074544465544
"DU0044",0.00116230283201227,0.00592991210404454,0.00582345407576374,0.00108134043435239,0.00118796334722924,0.0010247789391162,0.00110564786927106,0.00110018083605484,0.00213435945102036,0.00211923911499995,0.00114016014445952,0.0010999003205631,0.000986270509708124,0.00110424992562017,0.000964244488920929,0.000878477521039559,0.00118480112926771,0.0019813099944116,0.00253200688694795,0.0020619274157283,0.00216159524322789,0.00216840693888407,0.0052925500804788,0.00223346215642964,0.00131484869411052,0.00455531032398256,0.00117849223295637,0.00127110973996726,0.00204817479565411,0.00478262225470366,0.00121073482057787,0.00524100243114933,0.00105731566295528,0.000979444175727555,0.0010189249970138,0.00106438560961309,0.0012060036195789,0.00105156111652793,0.00434136386385789,0.00113340556097492,0.00123302283673691,0.00113913330671007,0.00565070731593777,0.00120861555066942,0.00110118006018321,0.00210247983558513,0.00528290203313179,0.00443469092891017,0.00388688209843347,0.00114522013558964,0.00108273483051593,0.0020104015011786,0.00258007741439912,0.00403967997267127,0.00215284037453356,0.00323318982235299,0.00111549076974924,0.00438395709021017,0.00139842750459443,0.00630464660793628,0.00128372755328637,0.00112484255888912,0.0010635707938099,0.00202468169682486,0.00106727324854294,0.00499607469233421,0.00474330934441502,0.00100742151843796,0.00105546992974952,0.00102738264005082,0.00126080310714318,0.00115358004001272,0.00190680691891799,0.00116338673207509,0.00118851422746982,0.00743951566861656,0.00207297348279729,0.00437201846908341,0.00409425521758501,0.00103883824883206,0.00108065507660348,0.0031295924505017,0.00302925975627895,0.00106168104783931,0.00211564055390858,0.00503104175691746,0.00561324170443386,0.00438565752698307,0.00217201024280256,0.00113587373417149,0.00132116913258786,0.00295253202943776,0.00109324489898013,0.000877992291023868,0.00103591553575732,0.00478379079693068,0.000977099539951606,0.00205365486253702,0.00203940557154876,0.00111905531303024,0.00201664769606038,0.00107501304788397,0.00120159277465678,0.000983874683765608,0.00109216873216888,0.00112423860141353,0.00284618435149162,0.00102810344325121,0.00092935359743996,0.00456289539571854,0.00210818084874041,0.00187367134949051,0.00381373049107514,0.00102503603787788,0.00111596177826425,0.000985463596739523,0.000996384714539287,0.000904392650749354,0.000932445491511138,0.00123287614553569,0.000937349738558467,0.00117671538083792,0.000955040069367534,0.000957748642966047,0.00315307581581831,0.00101493430377421,0.00136552231126495,0.0029092906136372,0.000858515841605268,0.00152922006276763,0.00105550560151322,0.00151967329530092,0.00112826011498869,0.00107825502032725,0.00109694070561907,0.00105568043690491,0.0057757920479196,0.00450364594326879,0.00889176410140327,0.00426285340741065,0.00727965093251691,0.000972040443800227,0.00189215499231552,0.00516469684481975,0.5,0.000870291947654225,0.00106852815344161,0.00101283251055665,0.00114041576900116,0.000980897813727304,0.00115884292615022,0.00162944114012932,0.00110456352943173,0.00400288354510357,0.00121771668671792,0.000909086199573344,0.00116595185606491,0.0011350014801865,0.00114844116185859,0.00439565426322375,0.00452252178330389,0.00130846787266375,0.00110544670354339,0.00476112853256772,0.00446703718333125,0.00139980949648787,0.00271840455461235,0.000923606629910013,0.000994578804448496,0.000902264746766256,0.00440708329120819,0.0019725350209958,0.00097541931478347,0.000925929843488011,0.00111949221341322,0.00193532941220819,0.00477954225931649,0.00195836879004609,0.000976410322658533,0.00466644046437794,0.0086102384856817,0.00479959469875668,0.00272079072277342,0.00187577971890154,0.00609956072719294,0.00647664876262431,0.000909183727547702,0.00118828934169995,0.00114200238387502,0.000957422259699287,0.00468220231732116,0.00189855735783028,0.00114891560183277,0.00126653131535354,0.00115739444730478,0.00489527145886949,0.00473115606238436,0.0012096546562318,0.00240105443007218,0.00119270867203652,0.00192126540191224,0.00326672193355811,0.0046449388141023,0.001516949407491,0.000953027242053949,0.00208484481264223,0.00675039729769073,0.00198210177773747,0.00828482872011212,0.00188744538989061,0.00407123629710157,0.00598673361567539,0.00112807221184867,0.00150758102680307,0.00108014270169278,0.0009656284819511,0.00197924460967054
"DU0049",0.00443647105796369,0.00290069933939388,0.000751268380255889,0.00304652015297212,0.000644685166796913,0.00253013022894076,0.000803045361444603,0.000786451723672225,0.000830262547601573,0.00454273034899532,0.000824735527806258,0.00583114696807286,0.00789557883567255,0.00631391211330074,0.00704639507930928,0.00598753297601825,0.0046261983759846,0.000744739179915914,0.000805368013942356,0.000843743147116724,0.0028930345279812,0.000869902100014398,0.00248758815608173,0.000741914018201423,0.00132245455545827,0.00106753280554646,0.00072723610139544,0.000779952825589784,0.000812214653049536,0.00316374962811025,0.00616773758561255,0.00299444122879759,0.00655850773442316,0.00776525200593575,0.00457907180647861,0.0058119849084735,0.00291268967801998,0.00078153672845346,0.000741392227926119,0.000881077988694461,0.000793072196587606,0.0028902772081477,0.00081233247679317,0.000892483827040111,0.00257583493181363,0.00275296049987587,0.000781829488363279,0.000705628931813775,0.0027240406189442,0.00321248621505624,0.000867428651953999,0.00268182023698284,0.00427954311538214,0.000813391744517445,0.00302700459184351,0.00110904118148972,0.00299938705734575,0.00116992687913455,0.000958740602872215,0.00271710304797438,0.00391340762952545,0.000668459386531857,0.000748298967775513,0.000612584152424313,0.00476315782103965,0.000728878489186808,0.0017621234088598,0.00304179676890766,0.00250768000584695,0.000779106861391053,0.0018232257673268,0.000970846951405694,0.000740606538328424,0.0038641444713003,0.00391520408042364,0.00103692785617645,0.00472288467769998,0.00101498387753121,0.00434360952166461,0.00442891906982916,0.00557908597192967,0.00449452443975952,0.00454856134299767,0.00658852836230275,0.000698101031794869,0.00282866572826372,0.00212055667723259,0.000949153282932756,0.00100859617110113,0.000906917347217198,0.000784134446917143,0.000718778093999212,0.000904492326604172,0.00641247020449992,0.00811151415708797,0.00281566467195408,0.00248778144852789,0.00278492609527844,0.000729823393340598,0.000673909291548248,0.000703621996545195,0.00300427099367046,0.00663455941598297,0.000655869376063432,0.00594185420482095,0.000667595185245277,0.000721500224435161,0.00103523099378444,0.000864386498883292,0.00110727644067006,0.0008648474282869,0.00105799965800612,0.000702046134098535,0.00290968339871565,0.00313922171725541,0.0056848091752929,0.00680321706582173,0.00850688309181854,0.00819926863655298,0.00457431265304797,0.00456129179210226,0.00324284627642486,0.00348813891533299,0.00549103485722847,0.00113348531729554,0.000855696354368792,0.000839822960025143,0.00075506549034153,0.00339741530459431,0.00183045830525849,0.00227296894214348,0.000637795291767911,0.00347696903769846,0.000700957786801521,0.00337456949077725,0.00348804052029905,0.000837185733518326,0.000751965587786254,0.00183144481267438,0.00106920628452565,0.000898957290724839,0.00323147145288612,0.00337416033147428,0.00335624426510667,0.000870291947654225,0.5,0.000699113222404167,0.000851614283652575,0.00359235614439609,0.00304048306419256,0.00104164113824043,0.000786772956732362,0.00359493908366693,0.000789720668972758,0.000745625257193282,0.00338708354046367,0.000628121647095693,0.000884566283445349,0.00495970394921695,0.00309693017570156,0.00240714778008579,0.000919117901773077,0.000813311355380258,0.000754618821417432,0.00529588401110624,0.00106581059742312,0.0064224277789277,0.00354279238462243,0.000792037706926669,0.00372683093660605,0.000738631341525982,0.000700082264685172,0.000863491063178326,0.00324420632419053,0.00566602214748689,0.00349521525454964,0.0010200941829097,0.000723182053123523,0.00347612466484188,0.000856631362275938,0.000823168867080055,0.00114272693495274,0.000777837423278521,0.00336279333805668,0.000919227870730273,0.000843085150871089,0.0021489064121462,0.000734055757999483,0.000689364769670343,0.00345220445412962,0.000780938805039303,0.00334077061706397,0.000715783790738025,0.000879113514421202,0.00083832919258438,0.000747486472486426,0.000695981619283235,0.00226795858963389,0.000815386412027675,0.000612869084183022,0.00344637426517902,0.00078477322797905,0.000751914694314003,0.00206216179551741,0.0034934341443204,0.00310445113604972,0.000936962411709457,0.00343783253685281,0.000981579668268152,0.00327475524569383,0.00107499228990438,0.000843305717601383,0.00178751397136067,0.000719708533001125,0.00131867271030248,0.000770580607652764,0.00362153814784329
"DU0048",0.000908035844371485,0.00206487468976363,0.00232339930899472,0.00115676386491976,0.00239972502521233,0.00188813059559994,0.00184150597108642,0.00212337546841433,0.00127891422602277,0.00201358556085372,0.00228568833963596,0.00110048972578021,0.000955619681323618,0.000884676955231377,0.000763166280887203,0.000719641150716605,0.00116104170886689,0.000775900027833323,0.000975077642659307,0.000866555932958274,0.000835299093871387,0.000906536268608868,0.00169473604353407,0.00142929985791734,0.00108761907387736,0.00200362453490247,0.0023172948983277,0.00230301816128355,0.00144011829321961,0.00105658879337058,0.00155750368305347,0.0010178438261203,0.000819509137390377,0.000766801525746885,0.0008179530923441,0.000831738525935271,0.000956483333209114,0.00168665501324256,0.00391614426883729,0.00164239024902193,0.00325477162575201,0.00197075834787321,0.00118760104163383,0.00265056370424406,0.00181394272143613,0.000813614090719596,0.000896936584758284,0.00195106323758239,0.00167935900184622,0.00247991312449584,0.00155321556066886,0.000899375078931414,0.00262266022299724,0.00116309815233628,0.00215390724634485,0.00128244488506593,0.00091089646491758,0.00107802417633592,0.00180262158807583,0.000899942847130496,0.00132171710029335,0.00445841774883286,0.00629085724513721,0.0178524422093764,0.000805700930842299,0.00341042362226067,0.00141807201454609,0.00131139715585319,0.00184878552351472,0.001622970994778,0.00136152972790631,0.00122322519207608,0.00128473056367802,0.00395389709402223,0.000768631843332875,0.00119728143062825,0.000769816384564552,0.0022565705322828,0.00170286611805054,0.00199016641362503,0.000769370867840913,0.00178916219888638,0.00079263757349981,0.00142191346365411,0.00429097447561811,0.00102435367989828,0.00202081843546191,0.00144405310442444,0.0012865497673617,0.00447877065043072,0.00128995432811267,0.00213771831283143,0.00119773747950028,0.000626436272864379,0.000821173528483175,0.00137813985045118,0.0018102673589614,0.000817789490716898,0.00136990669141439,0.00406808722198704,0.00404868626240805,0.00312906714230706,0.000817118004408519,0.00242605496101166,0.00202231810365479,0.00160485082050524,0.00203402048287166,0.00403128956183933,0.00149855585707174,0.00113514782083592,0.00324054991331896,0.00157461886255599,0.0020120608286876,0.00141863457230558,0.00462151379444066,0.000751321671592017,0.000792487327505761,0.00072044885256832,0.000674719902608403,0.00184606559758896,0.00326378108495307,0.00346943534624457,0.00293661351409482,0.000695441521004332,0.000873683396401767,0.0108973083225327,0.00263542214912055,0.00401239347892778,0.00100343909348349,0.0018711130623528,0.00172106625897271,0.00237146403175053,0.00091983330637068,0.0054804851862664,0.00070845702355758,0.000909188721310275,0.00221309125140481,0.00157201883022885,0.00112851572685612,0.000992794785709556,0.00149184793103999,0.00567904491835041,0.000822732002472956,0.00174345962237913,0.00106852815344161,0.000699113222404167,0.5,0.00499105141400186,0.000756340083710269,0.0016062285821077,0.00101803638204714,0.00211853540127102,0.000762028060225963,0.00199524169084545,0.00479227899287403,0.00080100630064308,0.000853395237824454,0.00115360534119248,0.00103338549864516,0.00100762774878474,0.00146859558307288,0.00127589659371274,0.00171846925664093,0.001140226915357,0.000882995030758258,0.00101510417694796,0.000632917660137583,0.00077761491553177,0.00164969898480458,0.0007503531852585,0.00248947712282644,0.0085564168619967,0.00134916128804797,0.00126543179452438,0.00308767605907815,0.000739794115652052,0.00151633777496477,0.00281092276914784,0.00524269750756258,0.00438496518671851,0.00316908414598786,0.00312307320185789,0.00338581233863433,0.000706124934361086,0.000972706145765506,0.00404492364701116,0.00191790917453694,0.00524610263047176,0.0783008254792289,0.00333311176155213,0.00113025616656946,0.000817953957572673,0.000866349924578442,0.00201330133953361,0.00337027306771084,0.00457198381746862,0.00221471345841949,0.00111032250654002,0.00112632752489889,0.000874879486496637,0.000811473042335956,0.00136583283582515,0.00168985876014417,0.00170285559084787,0.00203510491179336,0.00117537511782297,0.00102216405998364,0.000746489659052191,0.00212642873679243,0.00070595497923372,0.000942668365937816,0.00120051908610791,0.00131891895353828,0.00125573762471597,0.0020608649706212,0.001659458387065,0.000785233530431604
"CH0019",0.00105001815237153,0.00106489069946311,0.00117250596125902,0.00131799962053395,0.00263272575951453,0.00117804059427486,0.00262245388372699,0.00411863443929759,0.00129020619935208,0.00105436709740715,0.00135529214495629,0.00190827554259053,0.00258271274133719,0.000989164795130419,0.000914679362265398,0.00105344235238694,0.00110476644589445,0.00089520813695133,0.000986747371364939,0.000942366287145866,0.000989605522943116,0.000986182064632752,0.00116177252822982,0.00180245240475833,0.00124259158482213,0.00273600663178659,0.00265826336603773,0.00204486568361293,0.000829565126212365,0.0010755107378438,0.000954854518647848,0.00177306809642739,0.000951538192901361,0.00163910502740089,0.000876049834559084,0.00094391197700985,0.00180347242279921,0.00288211709859704,0.00648012424679264,0.00185421645791899,0.00148385001625644,0.00111583728768603,0.0010812521630079,0.00103878498326251,0.00114331158700697,0.000990427871296772,0.00100195146410705,0.00375356092332897,0.00651794346913471,0.00151086985859257,0.00592555019660584,0.000966575384526264,0.0010766186170149,0.00113823464610444,0.00111700991472964,0.00100165455389544,0.000949002892630894,0.00100785990088416,0.00105385296100977,0.000972166866342535,0.000982469142411601,0.00827906354354351,0.00907897998971426,0.00370717319150481,0.000891804311995576,0.00432856214137351,0.0038778233861424,0.00129059021545008,0.00112829954382927,0.00657624455174292,0.00288069561248295,0.00150150799430648,0.00584331892224322,0.00573112859095981,0.000877338054507801,0.00101401604168903,0.000923990496020676,0.00123107757904033,0.00161013963806545,0.0010994283089309,0.000915869991488147,0.000969423885611463,0.00172034541121863,0.00102658246950462,0.00317815301612273,0.00112236125646939,0.00105178604346409,0.00111902782532639,0.00215516185055893,0.0045206480686128,0.00133450896815507,0.0013190650645211,0.00113334627749715,0.00146457788666307,0.000987726226963707,0.00100564606715901,0.00750360998564345,0.000945983969783457,0.00402387488574797,0.00630736547021254,0.00747054249165732,0.00112538463383858,0.000934310958904193,0.00697973959280125,0.00182258057870305,0.00772891027031067,0.00116858511824082,0.0090454557881909,0.00628948324297025,0.00285923813870517,0.00133937382715301,0.00139638134159772,0.00120469181242458,0.00270106284806673,0.00507227199233393,0.000892927861827834,0.000865179244620576,0.000883587996694593,0.000825072821295328,0.00280597249497393,0.00499519215328306,0.00368481687584772,0.00114276436055285,0.00145288659966988,0.00179932244183653,0.0015299871133129,0.00133123192261869,0.0077137493193831,0.00258058606382645,0.00220625178749242,0.00426841539678842,0.00134587524556079,0.00108071489857094,0.0108153830364153,0.000842476319682494,0.00105421802688784,0.00121691530560034,0.00121843714422917,0.00105568511938844,0.000919804817430966,0.00104633614290775,0.00665375399634494,0.000934170628384411,0.00090500046378094,0.00101283251055665,0.000851614283652575,0.00499105141400186,0.5,0.000870803443940292,0.00102434613771171,0.00212127018143264,0.00128495428015149,0.000855408068156941,0.00147391770321048,0.00944208077522018,0.000874930762998805,0.0010529160120186,0.00123550840028893,0.00107214853913973,0.000960592211819576,0.000985807660003643,0.00118345107950533,0.00318201167750787,0.00112305897235178,0.000920638070086958,0.00106611193027131,0.000757770493651184,0.000852568500815014,0.00631823129726778,0.00156674816706887,0.00453277288572147,0.00570755150767338,0.00585096012728854,0.00111197287742635,0.00170511885830048,0.00083443290669883,0.00104870775745469,0.00580924512287988,0.00433175044319176,0.00668437930182474,0.00108733737307456,0.00113398451917575,0.00116007044298815,0.000818025915256711,0.000985383524019795,0.00198787301007685,0.00773539760484404,0.008045726168694,0.00199065171297094,0.00617149803058187,0.00120498549037893,0.000939598108895973,0.00107563991267573,0.00110548846331874,0.00474395008780741,0.00505265531143874,0.00121828204859553,0.00128664300872546,0.00117809051738914,0.00102845778820038,0.000891258899790658,0.00131616866526901,0.00411137311601298,0.00306254871493399,0.00107696139653141,0.00210131017287722,0.00105442311350731,0.000899416767909563,0.00184695021570468,0.000893114868653313,0.00168167481870186,0.00101681359338797,0.00307142467880913,0.00113443705647793,0.00674254182189677,0.00831669284474229,0.000846945454762008
"TT0019",0.00331162107443644,0.00301059319855869,0.00108871929025317,0.0032278964178681,0.0009026957714275,0.00273853501454428,0.000872680545967626,0.000958154986728703,0.00113167836810443,0.00306357276712344,0.000949705388730502,0.00307390494976383,0.0031355134771382,0.00302437087781765,0.00300639621854516,0.000879546465154203,0.00311353386914923,0.00419002323531,0.00522154285526134,0.00396545493075877,0.00444237018500221,0.00244680080802886,0.00257192097059805,0.0022061468354498,0.00105005188817234,0.00083426040189769,0.000974748982712964,0.000854234958668823,0.00153139387144764,0.00299389808818518,0.0031924088133509,0.00095893284787321,0.0042779082025887,0.00304885725839487,0.00294278250561816,0.00300185083599562,0.0051527473938388,0.00088329934921934,0.00197555148611243,0.00342547053758351,0.00111046459488755,0.00346867035114696,0.00131313522441121,0.00336569586526639,0.0051568009749467,0.00606603009780381,0.00442632198920359,0.00116625286715351,0.000888321304289028,0.00341774529025416,0.00100025698976391,0.00620250746977305,0.00350877549069894,0.00345200774439371,0.00575531203797989,0.00108082043737269,0.0028286092049,0.000940924662827276,0.00198819194059887,0.00391985960203829,0.00421630314866331,0.00103235857239025,0.000874663528624234,0.000884744409807268,0.00303607472433812,0.0012177268224287,0.000876787607892901,0.00323287289620414,0.00373553482416452,0.000917992089301381,0.000906547457272403,0.00110459037160065,0.00327054970348569,0.00271858969829095,0.00118384789682361,0.000897443441272659,0.00301756633242924,0.000838216425568941,0.00101103356204753,0.000938257306226876,0.00302650165574975,0.00299539627534705,0.00297324771095153,0.00590964537002317,0.00082595843593591,0.00422698793491428,0.00128713304568307,0.00105580591092227,0.00116677519729629,0.000917163369834006,0.00112444203643114,0.000897498049100478,0.000916257530847026,0.000892580870747192,0.0032194309471415,0.00320027441904785,0.00104930004505699,0.00343166914898018,0.00444283605953441,0.000924198898786162,0.00194905309704846,0.00326660350917127,0.00312318240597764,0.00261408301470447,0.00308075781012297,0.00198051544668613,0.00111733338395805,0.000934574811830175,0.000904239633177107,0.000998656384137825,0.000942376223082685,0.00100394683570555,0.000960423130864911,0.00422068626534402,0.00304380191711582,0.00301795983352805,0.00299043362617714,0.00392645174167496,0.00360722786806689,0.00352345993804376,0.0035958718427511,0.000876473994067021,0.00359607413129236,0.00346872134482008,0.00093934114178025,0.000920427948575417,0.00120402457238461,0.00107039453542034,0.00348400985350273,0.000956927453278825,0.000947975195628172,0.000926367828952183,0.00469109956938099,0.000880827861931019,0.00662464092668631,0.00381245741990844,0.000829836840011834,0.000974334175692088,0.000971399719511339,0.00327042378134033,0.000925393765336937,0.00330933650706215,0.004707775244441,0.00348429297256822,0.00114041576900116,0.00359235614439609,0.000756340083710269,0.000870803443940292,0.5,0.00514716302584753,0.00110703468420209,0.000989791030722405,0.00829328909630961,0.000923408626565947,0.0011163844826885,0.00350618843825445,0.00213979479468006,0.00204284617904003,0.00105289469545433,0.000970698447604209,0.000916077030948342,0.00178458215052443,0.00105751131757082,0.00123354677037822,0.00100012477087797,0.00235746511884602,0.0034146940639143,0.00360289495553121,0.00099473193717936,0.00371678448563319,0.000861925079541467,0.000948939362740642,0.00112338343914349,0.0033915096490124,0.00102845776581773,0.00451422651204324,0.000923992475114421,0.00337325910401359,0.00443676234674823,0.000874548187229258,0.000954447140685103,0.000882251832946852,0.00204808773196302,0.00459628032686373,0.00221763193267798,0.000845688672234807,0.000904044932111779,0.000860530442228376,0.000836999542144857,0.00341838975224781,0.00230998467390726,0.00376453648635957,0.00224669562877334,0.00207816824018549,0.000968727315418716,0.000849795219162439,0.000875094948676404,0.00358831940953899,0.00133282718847227,0.00144129707958178,0.00474040881790714,0.00225464644382903,0.00180441407491714,0.00088263013447787,0.00361846100525471,0.0020298871906434,0.00193118338838269,0.00696897209236183,0.000889422630309888,0.00751457355284657,0.00110174020065047,0.00466949801275131,0.000981303268498609,0.00117587209000067,0.000941351466731927,0.000902517538575675,0.00582327185588493
"TT0018",0.00281576681202211,0.00256106205522983,0.0031214290425895,0.00565258143716952,0.00270370189052642,0.00678891352141159,0.00126520296346474,0.000904465006121779,0.00084337363659992,0.00254724215472016,0.00181361312743452,0.00257958643036448,0.00261271093421769,0.00252602194039582,0.00256674897226109,0.000978966678552195,0.00264152757088051,0.00253745242797611,0.00292318566845926,0.00165467031106054,0.00268951138990914,0.000973098726055716,0.00647171990961154,0.00114613869109683,0.00105002618481554,0.00079159623502737,0.000799439243323028,0.0027452117843594,0.000929097417208449,0.00252140988552235,0.00266870289183002,0.000810904387858537,0.00267083330207486,0.00251875550909601,0.00259881768271705,0.00249775818830425,0.00298549634982591,0.00122298724971662,0.0010030438171666,0.00214002411933422,0.00111112283884254,0.00272219383202122,0.00117905250908225,0.0024306851538576,0.00616718917679859,0.00441897255876694,0.00196193646296309,0.00113465453112435,0.0010063471635967,0.00291362618143126,0.00104279255441968,0.00258042142155355,0.00286483817622523,0.00181998332233761,0.0038145628556403,0.00116713223043448,0.00398391909822209,0.00152938769393162,0.000858071113535556,0.00243261292811377,0.00295922640166316,0.00173197773044169,0.00101015250829544,0.00352149918656312,0.00264093038774146,0.00100844272335192,0.00104585604294637,0.00503226332762627,0.00650041400910081,0.00168650082679066,0.00108985354997931,0.00127298217483303,0.00258024488135642,0.00721198706055427,0.000791217798160188,0.0010596957425785,0.00248948809108765,0.000789244086360507,0.000958451945958303,0.0020183247721282,0.00250204740300727,0.00251284567144567,0.00247695447127724,0.00476364311066844,0.00079965065925338,0.00259552140250703,0.00108583425331194,0.00766246853746121,0.00105208859424127,0.000954485988575109,0.00102974726681718,0.00347136738929666,0.00208860867176049,0.000769315570335931,0.00270455497415802,0.00256632056251245,0.00281285575849226,0.0026097702740944,0.00278497834587414,0.00210973141106958,0.0010252736657258,0.00272479395265481,0.00257808481565056,0.00333220700131626,0.00259100266485295,0.00102443236300166,0.00207198896668501,0.00103037981541953,0.0030324352959382,0.000960591334079677,0.00183957944903886,0.00209767601413178,0.00614324061123922,0.00296435425735685,0.00259932817644802,0.00250369622883573,0.0025700480650436,0.00334981935466036,0.00302554180532036,0.00298786155299484,0.00306870413740675,0.000791731723535599,0.00409040754860941,0.00291574622899422,0.000709706122124507,0.00308377051370024,0.00290535228283075,0.000873608520647518,0.00519367976177837,0.000992489747119651,0.00124501717098714,0.00327710767717848,0.00308991503397208,0.00221932413485487,0.00306346954383732,0.00321418976220231,0.000807671885870948,0.00406960121206919,0.00118259604172148,0.00111472919516719,0.00257888561377187,0.00290364491538136,0.00303379778596699,0.00294687926396104,0.000980897813727304,0.00304048306419256,0.0016062285821077,0.00102434613771171,0.00514716302584753,0.5,0.000849554165437394,0.00797651032733188,0.00493356671481796,0.00236684022896535,0.0010490537445632,0.00353852721001134,0.000814779645068674,0.00100828772778725,0.000886827801191975,0.000901919693591559,0.00256598068376605,0.00315489869009143,0.0114809186692591,0.00110963759759491,0.00101433285747902,0.000943261668342739,0.00286817284374251,0.00316343332412509,0.00106667759462732,0.00307559055271374,0.00102471716933996,0.00108563113448728,0.00209140421978024,0.00925714702077828,0.000837195993673529,0.00296465356849335,0.00323373000295047,0.00338295395677984,0.00303980243739548,0.000959260431676431,0.000918538944365061,0.000938024596151355,0.000851749841437972,0.00297989763197715,0.000981047074401219,0.000891074745620113,0.00359243722575014,0.000844664600082182,0.00479707222978701,0.00298304363536944,0.00135391693155721,0.00316935273428441,0.000839554609693608,0.00181701727336743,0.00102793414589249,0.000961780370983587,0.000842393007204022,0.00302473063970195,0.00112910133952924,0.000884694501181878,0.00311222796681701,0.0031896003793137,0.00487339739840157,0.000954893838186621,0.00407169933793355,0.00101501580935824,0.000828759716941975,0.0048055012683593,0.000995567207922582,0.0046034330688435,0.000776913657923621,0.0029355802733674,0.00111611222638675,0.00186907864934791,0.00262401854918448,0.00293307924226558,0.0032058386465003
"TT0015",0.00207443914998186,0.00120223122394725,0.00107055614124468,0.00455486763455547,0.00111204770795285,0.00177036064356799,0.00205570245181668,0.0292442145415885,0.00123328122011893,0.00145115696466695,0.00199052388262583,0.00165258596548211,0.00231722763967185,0.00142262847575783,0.00198212577896269,0.00151354663613239,0.00143745621774595,0.0049364976127766,0.00120474364209628,0.0113535339795735,0.00124977279270672,0.0103303563337964,0.00106324370513331,0.00115468025041721,0.00112528123696653,0.00228698673280768,0.00466021430188922,0.00209446067988948,0.00565084536431253,0.00156245021828586,0.00139862727212336,0.00222675356076594,0.00224386081572185,0.00200931862632891,0.00101724829670665,0.00139954771651193,0.00208142694950087,0.00128751153658217,0.00119328593550001,0.00113958858745975,0.00120371148577726,0.00135468520776198,0.00186914146846159,0.0145044574713549,0.00116709856062601,0.00133047597939293,0.0012785838012553,0.00109395410709866,0.00315491706037954,0.00141497619830989,0.00124362784994163,0.00198883876973608,0.00114234005446104,0.00120002383476194,0.00200100076513444,0.000902057966444832,0.00085210084195795,0.000873411715548993,0.00106174785868335,0.00130130556496518,0.00101831585969246,0.00123346927903415,0.00206027474584617,0.000945370963499275,0.00123630822445581,0.00123888233314711,0.00297369311798354,0.0023526227765961,0.0011219742785509,0.00167416915367791,0.00209084549614895,0.00115164426570301,0.00141487540540039,0.0011758237944384,0.0117533751215557,0.00105116214388166,0.0015164757037673,0.0013216038186043,0.00186814696931678,0.00118281012796669,0.00142740491898858,0.00155305087467518,0.00249920393744968,0.00133331999136631,0.00115081859392241,0.00113977734455503,0.00109707357224684,0.000822640444633557,0.00106074377483402,0.00378386801298912,0.00117278135240544,0.00102619530687069,0.00100242328408149,0.00218130910250849,0.00108779535013882,0.00126665215144703,0.00388405025961196,0.00126712233388328,0.00124534119110977,0.00125644667167954,0.00127122927295481,0.00130433183650555,0.00239982555824374,0.00181472156986627,0.00137664480409227,0.0012991142972842,0.0021783774459097,0.00123749026911074,0.00188868495955841,0.00308736644074775,0.00124301662557339,0.00111349944242579,0.0015644131841,0.00107796035688193,0.00147395173040384,0.00219417704898111,0.00101747529645711,0.00201550785384811,0.00295188129396236,0.00184587412750235,0.00211121273749759,0.00131310270212044,0.0012088121242413,0.00177173418215736,0.0273549761903754,0.00164965497772227,0.00120074952214148,0.00124114913262562,0.00113727668275415,0.00227350828606164,0.0030418680897016,0.00101395137712224,0.00104096470525737,0.0011096646132405,0.00110965378058065,0.00105997942554585,0.00133313480836529,0.00088610295770321,0.00116429063747892,0.00113311616962134,0.00110550779653511,0.00112495194145396,0.00184777376639731,0.00103067813270772,0.00115884292615022,0.00104164113824043,0.00101803638204714,0.00212127018143264,0.00110703468420209,0.000849554165437394,0.5,0.000953435668455526,0.00105683132933799,0.00173950901688436,0.00122619511963565,0.000963655806324337,0.0168348642238893,0.0030132686990619,0.00135041035518249,0.0011350813172792,0.00108492752541757,0.00107242571018093,0.00105313141653445,0.00189693343889331,0.000946721147803973,0.00121065377816369,0.00193333666939053,0.00099936801247724,0.00162238363509669,0.00116152930829192,0.00121729809941178,0.00201076314456013,0.00128221968982903,0.00106658554389262,0.00218954376470864,0.000967945138720605,0.000810569369885299,0.00106156704746108,0.00114812828439824,0.00128729119741945,0.00118760725157663,0.00102908565049922,0.00122274345195643,0.000954000875935151,0.00336457734716794,0.00121992052326905,0.00131623085846272,0.00119338369502193,0.000868883137329506,0.00281539001790129,0.00109442155253206,0.00174171851457127,0.0214865733166995,0.010914361439266,0.00106878444075758,0.00140891599869356,0.00117518982179444,0.00201950645289633,0.00117193924183969,0.00805484657375586,0.0019942547727821,0.00126651085196185,0.00110471423800816,0.00215963046094628,0.00104882099150179,0.0010325835730497,0.00127584386819068,0.00109577493556054,0.00147430753791601,0.00111848498774881,0.0104068968198265,0.00115934785673917,0.0011183506178096,0.00114189305052188,0.00415350960976421,0.00236743341764886,0.0010970551936643
"TT0014",0.00112122373579769,0.00116749103954485,0.00428940664873497,0.00447728881473428,0.00823235250969404,0.00423940986122094,0.00436187310041858,0.00177430513880973,0.00099368778542093,0.000834734794160388,0.00124673755319615,0.000806901307742498,0.000813167656886568,0.000896216724898505,0.000873522931455224,0.00279412206431367,0.000881016338960872,0.000902465201104279,0.00468918182355991,0.000818712051083508,0.00103715638169484,0.000836037093777924,0.00778364489503882,0.0037549133763595,0.00450095754211955,0.000967958560671496,0.00104745370787621,0.0013326967250704,0.000846890049957709,0.00101252452292759,0.000864359502601486,0.000966013806637837,0.000888837304917541,0.000843873267211104,0.000948361141207444,0.00080333535086528,0.000947100241092897,0.00457287065970577,0.00390113255241266,0.00257739973049351,0.00426564478490045,0.00113702947537998,0.00492334079408356,0.000798778104541079,0.0038375042262125,0.00103963606221831,0.00417045183378677,0.0037680666350534,0.00126728085465849,0.00192409838660577,0.00118320902609578,0.000989688923860644,0.00348469699574027,0.00108170918588156,0.00119387942864997,0.00491648943354882,0.00121730154161263,0.00118401398789456,0.000947924622312476,0.00109086334930172,0.00314302586865193,0.00297203552536845,0.00128118391601894,0.00632633727845766,0.0009304675714823,0.00436005145321315,0.00143058866876318,0.00256583814501942,0.00558762914452635,0.00145623731614498,0.0025018507966475,0.00413726441504609,0.00120207771683814,0.00862558090586135,0.000618869128972434,0.00239758735392691,0.000789190730840183,0.00106318520349388,0.00415811811472885,0.000950946197303289,0.000808549772982218,0.000818870737685052,0.000791430565131735,0.00101045469519308,0.00106364854047457,0.00120761429211454,0.00480595539530959,0.00779505703053848,0.00250368875331089,0.00117227818495729,0.00135424372899037,0.00587692602962719,0.00119256738518262,0.00114889353897149,0.0010148593676088,0.00299629350464775,0.00302806555386913,0.000982299948091481,0.00134650413316657,0.0037198905281864,0.00155485356225321,0.000988882363150218,0.000801210819242474,0.00251332190147921,0.00083225064538052,0.00123062914784135,0.0068723085784879,0.00147375055882196,0.00238533213673862,0.00104291761532649,0.00124348771673504,0.00312387850446306,0.01067925703899,0.00145978164098582,0.000986641984265801,0.000804363440360268,0.000914509769312071,0.000807686450200273,0.000734517211356414,0.000866316658443223,0.000884870822649766,0.000801989063683823,0.00200503249841831,0.000814693534742682,0.000751991291538116,0.00398098574854107,0.00125160750878815,0.00107539852338823,0.00273074735922178,0.0011431987783028,0.00390495681717209,0.00751062925112709,0.00180465267661409,0.00315709531405962,0.000841738589958907,0.00193466887543213,0.00106529811794719,0.00696693940266869,0.00440733867052858,0.00476661569941971,0.00553340980019338,0.000972573401434577,0.000890927945385979,0.00178546651878859,0.00162944114012932,0.000786772956732362,0.00211853540127102,0.00128495428015149,0.000989791030722405,0.00797651032733188,0.000953435668455526,0.5,0.000908803210140832,0.00608968407996431,0.00251245273289616,0.00105092019098114,0.000832790944863847,0.000986663723617236,0.0008387808067179,0.000981082065520352,0.00178036336994749,0.00311543785462593,0.0121348686365735,0.0042250744874699,0.00398530299914231,0.00100582504356683,0.000721263059227036,0.00097467869284073,0.00127082913960661,0.000848257775058584,0.00221763775428508,0.00142145561907487,0.00133868183894628,0.00854150851695959,0.000774766157372519,0.00089858255027537,0.00489415003881655,0.00325480694285189,0.000949063324656662,0.00128507459143137,0.00133674892308693,0.00118785998143148,0.000960723345383401,0.000862951958903505,0.00153819699719032,0.00110380861824781,0.0050121230446525,0.00111899506129468,0.00594892467257129,0.00101453763197776,0.00694671729446798,0.00280563080636072,0.000959180740292977,0.00106438000468771,0.00129764297078208,0.00148378294368045,0.0026860548857551,0.00431828939953659,0.00476507761607223,0.000942103325770662,0.000939197068592664,0.00503284590477269,0.00630535376149574,0.00200766263477755,0.00113089335045416,0.00232910809342042,0.00102422891706355,0.000959405111853761,0.00395711985015443,0.000927966862682453,0.00079675938539402,0.00143569002965574,0.00149006199410587,0.00117263748726751,0.00605884914114074,0.00238963571149883,0.000954623436651097
"TT0017",0.00337131915818211,0.00299001315465732,0.00102245166311813,0.00320059987096102,0.000833559764950826,0.00267706858955162,0.000856264075757529,0.000929894951229194,0.00116212968120167,0.00305612295526556,0.000971553872505422,0.00309118459449364,0.00313509185750545,0.00306311117520379,0.00299832920234255,0.000861471464137387,0.00312574653941988,0.00344886747071648,0.00443780729209887,0.00221281064609136,0.00447962189901795,0.00149259494274873,0.00252784747620171,0.00218911823621387,0.00107669611232248,0.000816581935038102,0.00101483345059313,0.000846763567264373,0.00150598685309814,0.00296826114830677,0.00318731204151737,0.000959871741417163,0.00570270510021878,0.00305449067031806,0.00294101766574404,0.003017357509632,0.00383509874825455,0.00087450104021449,0.00195140406292733,0.00343379479879445,0.00112118214233424,0.00346763711374172,0.00127766232115344,0.00347490706640643,0.00492088008260454,0.00642207751427385,0.00238297550869415,0.00113799327939659,0.000835961001662074,0.00343458576729753,0.00104212811472418,0.00517114489023522,0.00350012390191137,0.00369983174964243,0.00570181888097167,0.00110086201632741,0.00372235709029448,0.000986836257015006,0.00200594033770811,0.00303833993766169,0.00571111056547077,0.00186350764281009,0.000853829651443509,0.00080027138701431,0.00303373283366678,0.00200494404482085,0.000832281717634762,0.00318198342964947,0.00291924216013769,0.000853112089009849,0.000892918332486276,0.00108456974906999,0.00217420455010817,0.00270224566255205,0.00108687163784575,0.000853519341668999,0.00301009981804612,0.000763081246203598,0.000981474811404314,0.000943636755895401,0.00302852641003178,0.00299797802836783,0.00297364779271599,0.00568725786261405,0.000830413779059323,0.00422546557958549,0.00128965437318127,0.00107648026814037,0.00116970275198546,0.000930769951847642,0.00208588034847707,0.000843429609745696,0.000927998010051243,0.000878602542543559,0.00323443191448508,0.00317858752094735,0.00092932917354079,0.00628944985136778,0.00415173419476342,0.000859492824651961,0.00194006536506663,0.00538663738048731,0.00311711527584623,0.000878250633800474,0.00310127248666177,0.0019205759013599,0.00107480784154616,0.000936369001187929,0.000821840031539619,0.00106457280310424,0.000943446800005901,0.000931200308852402,0.000881018427923056,0.00535827030713149,0.00307341678232281,0.00301508666011383,0.00298615929607298,0.00392170341398711,0.0036103367480606,0.00353173390379685,0.00360316297750288,0.000876122931300388,0.00358201397583398,0.0034861672421024,0.000896612354414459,0.000890993139818493,0.00127377474451631,0.00189147308065504,0.00343527357400135,0.000936120952562559,0.000925458708821075,0.000838989976961556,0.00467880243183026,0.000877083109246457,0.00696748226913734,0.00382439613224586,0.000811393580715528,0.000891265152490997,0.000916640353378896,0.00233135826362028,0.000876467137912331,0.00333418021262372,0.00548751206127277,0.00347493300484958,0.00110456352943173,0.00359493908366693,0.000762028060225963,0.000855408068156941,0.00829328909630961,0.00493356671481796,0.00105683132933799,0.000908803210140832,0.5,0.000883993180720202,0.00113656737693251,0.00353312767923208,0.00208240812639984,0.00307016236096987,0.00107441763133544,0.000997691157491441,0.00089610518253845,0.000886066676521984,0.000994350055333167,0.00122229718422139,0.000981980004192234,0.00456394906337119,0.00340983701453894,0.00364882577216465,0.000980786699027619,0.00460131235490047,0.000834313498247317,0.00179729085131317,0.00105183899744331,0.00335248509427717,0.00104499792912677,0.00454238488728199,0.000940628824028862,0.00112471492762151,0.0044470600256189,0.0008809352528341,0.000924093551459991,0.000877501326781034,0.00113713201222975,0.00551404932022374,0.00433323677313423,0.000823828779752445,0.000811286086990314,0.000888401478483234,0.000760576932415455,0.0034345345230501,0.0022470888790923,0.00374572958976916,0.00218663626577003,0.00273806268184277,0.00284337465779667,0.000837514126022712,0.000848867032929078,0.0038125760575063,0.00133474486273162,0.00135254858903911,0.00481152583697295,0.00312590110548928,0.000901313556235153,0.000863938505807816,0.00456124455031009,0.00201892761256646,0.00191619713023599,0.00597390346991042,0.000861612141929036,0.00657838422291702,0.000994627353133779,0.00367917249620446,0.000978542822033322,0.00115018853410642,0.000869299532604058,0.000836419425224243,0.00496877184961326
"TT0016",0.00107721474195724,0.00402315013058848,0.00150939606100534,0.0013488398969866,0.0100105550838297,0.00505741933083698,0.00359135277518078,0.00114256616286349,0.00109884321011586,0.00102239645545332,0.00122691309350476,0.000959968678415351,0.000953229408814194,0.000953668224555914,0.000931939363427888,0.000927407660106922,0.00306062175304567,0.000870683646139825,0.00416111070783882,0.0010183658958025,0.000970760207185962,0.00105685942807716,0.00579749536321044,0.00550893642961545,0.00514072091411294,0.00375387627205874,0.00111932233437011,0.00114774277126587,0.000871525444663332,0.00366929698656303,0.00202239575778257,0.00375378384127547,0.000960026687234248,0.00092648279582636,0.000973141838936991,0.000918539074204436,0.00108976699439503,0.00301921894406329,0.00151978669584607,0.00350228980790153,0.00564241320108807,0.00102287147100284,0.00185310342704306,0.000999966087679929,0.00484730863964833,0.000960853815320637,0.00148033405925505,0.00584228192836647,0.00400541723784126,0.00114967214137448,0.00141075616370359,0.000953429106618143,0.00236937665885693,0.00118087945920096,0.00111871749274338,0.00455015629363727,0.00105046919505458,0.00112325017339368,0.00104015714754076,0.00382600077913745,0.00286954007578272,0.0014398265377305,0.00136168341344168,0.00776855667859625,0.00101533869233548,0.00266900730798702,0.00425838680969818,0.00267882931960626,0.00437797261295015,0.00147857953202477,0.0045096409218246,0.00579164837893077,0.00126136093105054,0.00164015298953562,0.000977398691158384,0.00378346094947406,0.00101639402846806,0.00411786060108937,0.00250284031226189,0.00112380808586039,0.00097062394325022,0.00202107825665704,0.00189968443417168,0.00102990043815422,0.0011137743397091,0.00241949779610034,0.00293717583980795,0.00187838415005248,0.00506061732182884,0.00187097980058846,0.00129583905529751,0.00587198740399288,0.00110052200189009,0.000849976811935927,0.00106112292220989,0.00357573645523681,0.00132532698328598,0.000934392890351841,0.00381224932903314,0.00165473550835026,0.00461514357245795,0.000935298534406374,0.0020032246587827,0.00410474766026378,0.000941162659753302,0.00136620883789825,0.00418916551221007,0.00441376256281094,0.00144439012121978,0.00111368374866694,0.00120895003593965,0.00270552036692428,0.00517440614256039,0.00282174834689346,0.00105193950610522,0.000938561866761775,0.000950769334379481,0.000891361603478696,0.000847219823197437,0.00290390912406219,0.000906732401119163,0.00107388634277366,0.00101906001117225,0.000858266090120854,0.00288847106610867,0.00505162952169715,0.00122553862691656,0.00119577255456766,0.00176532966318654,0.00120838946536468,0.00604242960494874,0.00895459059846217,0.000966550022218857,0.00628688287258022,0.000851576175834724,0.00105151079641093,0.00377847935497184,0.00230758186255754,0.00441457505246538,0.00283506744421693,0.0058691312902877,0.000982458969806982,0.000911562825973119,0.00359445192945903,0.00400288354510357,0.000789720668972758,0.00199524169084545,0.00147391770321048,0.000923408626565947,0.00236684022896535,0.00173950901688436,0.00608968407996431,0.000883993180720202,0.5,0.00492610475973624,0.00139736331807614,0.00135012953574137,0.00104080622187607,0.00109180396843385,0.00113497851559407,0.00275973336181588,0.00117991218192877,0.00446093187494581,0.00149739725438961,0.00142954637485715,0.00112366383450572,0.00171300423229812,0.000871949790334935,0.0013560588241371,0.000855495711297043,0.00651017230065946,0.00138348693988136,0.00132642469952326,0.00179465694599011,0.0010828554150359,0.000871824197716275,0.00209259138231857,0.00158356413403001,0.00092748339085392,0.00121854200297596,0.0039263140667373,0.00110155450745102,0.00121252129653411,0.000844033230436496,0.00122012004784807,0.00385968193480595,0.00232386383706016,0.00127344960316594,0.00443701642643281,0.00100852385393049,0.00187399766927854,0.000995945110033078,0.0010414782141586,0.00109183713564527,0.00253718561109426,0.00125206106337758,0.00374508471974827,0.00541784741259532,0.00469913912780816,0.000987485892603238,0.000840073425223128,0.00516946971934804,0.00239077036007656,0.00119908443428551,0.0009321677089298,0.00483462546250166,0.00373174607009481,0.000886332064327046,0.00416871440718553,0.000872325542659094,0.00341051537419181,0.00115803963201479,0.00212073169500289,0.00110460481607247,0.00375050887398047,0.00149643395223586,0.000877422596748377
"CH0014",0.00106646259540763,0.00203095151837613,0.00218486637680688,0.00121293402164322,0.00496488736025972,0.00117666415139304,0.00190924459620426,0.00389609111669378,0.00216585710727883,0.000946323925408881,0.00127361965229997,0.000960362944739329,0.000916568281752645,0.000982549574291596,0.000896419347261777,0.000725063732332928,0.000971428409201729,0.00121258652884296,0.00337288281535153,0.00172547824883987,0.00121752397488549,0.00107841004015933,0.00115508360972898,0.00681483032439677,0.00443202545756747,0.00103429470808844,0.00355257246227091,0.00116841528487756,0.00190011175146445,0.000988864696622846,0.000851344879406862,0.00100113523719479,0.000982538726149378,0.000957074817813181,0.000901083892761922,0.000875890391289603,0.00112005428112685,0.00131626844491251,0.00745017614427665,0.00123671231544322,0.0050205588270358,0.00220255905096087,0.0024925885026644,0.00102131309812012,0.00114849229619965,0.00118873029115129,0.00219577661282745,0.0055340193841544,0.00142463981772725,0.00142349863286775,0.00260723386117217,0.00194660983674183,0.00136453057098324,0.00221446125495095,0.00217529727073653,0.00147880526504267,0.000985920310153728,0.0010509364153029,0.00197567872404008,0.00113120826398046,0.00112827828899371,0.00464113583923473,0.00458732178896346,0.00350323512239561,0.000897213436836088,0.00483660443377341,0.00356264394033203,0.00116385480359692,0.00119562162124326,0.00165371907790813,0.00608320896915041,0.00543809629652013,0.00162212590647095,0.00559676143882692,0.000793382819656996,0.00103233872340379,0.00084713615283605,0.00145628962809606,0.00124766499250161,0.0010427080126882,0.000896442606605936,0.000851739911893544,0.000852707712521167,0.00106452223891954,0.00423369771784715,0.00221805770571526,0.00254040028086337,0.00122715486763572,0.00657545313736995,0.00439678491483881,0.00241956707170218,0.00127984865066012,0.00102853445676146,0.000671235306016926,0.00105800537060114,0.00120306326486474,0.00153649794689723,0.0011827915782539,0.00540787713719928,0.00277124004341933,0.0103389753722995,0.00113487815824576,0.000874103213549519,0.00170425908959061,0.00097567949405251,0.00322570184184069,0.00421657750790818,0.010503351270335,0.00160295698494995,0.00112388216043556,0.00218157473961484,0.00155888665384593,0.00142238555083883,0.0011291000314177,0.00487306955786349,0.000883334882965296,0.000907996278160022,0.000837165811366595,0.00071792777748984,0.00274123621941656,0.00335024916722696,0.00279061521632971,0.00106122461514734,0.000858560374115611,0.000945476185495797,0.00471120330152186,0.0023220774387282,0.00842921149052031,0.000995726744449566,0.00118668196832478,0.0057618092739392,0.00256315149615655,0.00203525543893472,0.012042594523498,0.00180613566061708,0.00284699060190927,0.00111973408290709,0.001242270623166,0.00117530355729831,0.00161454634087113,0.00117305868791364,0.00643816244158373,0.00183943629320491,0.00180989519599407,0.00121771668671792,0.000745625257193282,0.00479227899287403,0.00944208077522018,0.0011163844826885,0.0010490537445632,0.00122619511963565,0.00251245273289616,0.00113656737693251,0.00492610475973624,0.5,0.000892454689129156,0.00197033352591991,0.00110181729313096,0.00091080186184236,0.000973994154721211,0.00097016765693127,0.00106865563720878,0.00464644667503626,0.00226731999622256,0.00114512747061869,0.00213254017652599,0.000721610859345152,0.000869323507143479,0.00160708226959234,0.000905420343506225,0.00458149529935245,0.00250009769003789,0.00148646835469421,0.0011482884942549,0.00161030923017828,0.0017826559483448,0.00109830097551861,0.00347925323896922,0.00502401835822965,0.00642834776350288,0.0019960079969179,0.00107944957743905,0.00128928558213018,0.00176588052103536,0.00204809519909346,0.0011421081751644,0.00169678718547733,0.00869967032878907,0.00199117280099322,0.00450335860269678,0.00254724592566471,0.00106039068680269,0.00214588704540948,0.00104067126726266,0.00512508458223783,0.00421481189733346,0.0020150905198207,0.00474390171062252,0.00573194889103752,0.00128722394099759,0.00187351853883783,0.00537994404787775,0.00345247438028523,0.00119031204429617,0.00102279372479682,0.00553733219126028,0.0018892526627672,0.00103558052299029,0.00116168431705254,0.00175407593339253,0.000895803866479413,0.00123888672364746,0.00139502141004222,0.00122665937107445,0.00174225200291391,0.00176040159626062,0.00106763921634064
"CH0015",0.00323815609692441,0.00273896951624324,0.00106433534479993,0.00303858510692449,0.000963479150645572,0.00433781439066686,0.00104155270956244,0.000868449824554967,0.00284076006646309,0.00287430054492441,0.00313478289313111,0.00291457115430504,0.00295764585463939,0.00289718716542562,0.00374046716650127,0.000969621612568183,0.00294521892399351,0.00090712005886315,0.00105717694526744,0.000995078412956717,0.00547710423975608,0.00106506735605049,0.002422164797989,0.000991995801858301,0.00108097840142181,0.000892142251495319,0.000905484056451571,0.00109743585249018,0.000962539053854415,0.00270929963997129,0.00300850379911722,0.000900718786720473,0.00298954376632126,0.00290286938889612,0.00541349357749925,0.00285148974033228,0.00108664146416651,0.00300163863731672,0.000873774097776697,0.00108631778208026,0.0031414317618529,0.00551674080955886,0.00225671376969657,0.0025892961493855,0.00461700614215765,0.00289728646155661,0.00285883659962295,0.000916940153726991,0.000964596153187835,0.00319867878842956,0.00111075346403578,0.00492727410958067,0.00305169503596201,0.00114531073570611,0.00305754690061754,0.00244117543317083,0.0088487688229988,0.00407150137285374,0.00107170361296537,0.00256886409688433,0.0030387368554075,0.000911587629232165,0.000925652990571117,0.000914746708726793,0.00495646892198236,0.000863576852067306,0.00103869559353804,0.00379927633187336,0.00468364600169028,0.000970694098911611,0.00183911913481736,0.00536066220028233,0.00289981571401698,0.00257617743579369,0.000915471879369918,0.00300415071283253,0.00279606629458081,0.000951078781669619,0.000983712794199971,0.00198016633947683,0.00284927100614616,0.00279464135268742,0.00277955294689306,0.00301893222622803,0.000994128230044095,0.00278137867768274,0.00107271675968939,0.0020376320292813,0.00105676684609886,0.00162613531823719,0.00169911246520801,0.000948829439482581,0.00990215663011177,0.000895270698359495,0.00384810397050519,0.00270352207700596,0.00115120678494279,0.00522786276265986,0.00104875964175171,0.000936747422554511,0.000877037868533865,0.00537017780843512,0.00290713559967211,0.00106054566125933,0.00291509033515157,0.000932997739585544,0.00105223884472381,0.00146628216605262,0.00341610757851244,0.0020359864060583,0.000981504371790877,0.00410695818345539,0.00106808936602712,0.00543552521082094,0.00280151914365064,0.00343923323822191,0.00382811274441815,0.00448646501231284,0.0034082951927131,0.00325906210284748,0.00327589440404074,0.000969002346377384,0.00337156577480742,0.0033265621161466,0.00081515954863016,0.00437636236645396,0.00124213957586501,0.000937453402883872,0.00327582686981771,0.00189625592211843,0.000927364674604998,0.000956103869983075,0.00340889154231439,0.00140108515256873,0.00342891357542625,0.00427376805360129,0.000886804894301588,0.00457084418806075,0.000967908490611302,0.00110771598257709,0.000958431640129439,0.00306824188302743,0.00410291056656003,0.00317205843576425,0.000909086199573344,0.00338708354046367,0.00080100630064308,0.000874930762998805,0.00350618843825445,0.00353852721001134,0.000963655806324337,0.00105092019098114,0.00353312767923208,0.00139736331807614,0.000892454689129156,0.5,0.000859236015122569,0.00320414312248884,0.00109532455623102,0.00111896216734569,0.00251086567513998,0.00384781576748553,0.00109435400603848,0.00347580885748479,0.00193969383269401,0.001180657218921,0.0032301780722237,0.00830291479255111,0.00337470189751826,0.00560024784828059,0.000848269799439023,0.00191688053590465,0.00780448103524942,0.00364436686440529,0.00102012644050504,0.00329395798481526,0.00311627557564488,0.000981347726118202,0.00331538007291937,0.000923298698973149,0.000931146642840339,0.00100435799529127,0.000988894507617118,0.00504283630775838,0.00103451455971088,0.000912056859025832,0.000993459808532501,0.000900550148661004,0.00093794703527738,0.00319192712233614,0.0010628347806024,0.00527333440302244,0.0031072099379995,0.000879355656161969,0.000956981351412378,0.000908004332402018,0.000901572235642462,0.00161848334617218,0.00386387444895446,0.000832535927527836,0.00540812556724323,0.0011251107386625,0.000910713340778708,0.00196462559825396,0.00344388693537126,0.000990294702614507,0.000856363998291167,0.00339599683549045,0.000867252589896358,0.0032746404219647,0.000774856058782659,0.00104767877004158,0.00110178365321198,0.00109100663528584,0.00103288927735558,0.00100047923468612,0.00567825148692939
"CH0016",0.00120872694267743,0.00098579270543781,0.00113476527107755,0.00450188366893229,0.000914849288860779,0.000846001272050394,0.00155831943642069,0.00896634510435164,0.00264846265217937,0.000919001545976401,0.00100588856439875,0.000880414984542972,0.000770896259269078,0.00104969245931966,0.000705188995425149,0.00179179871256192,0.000848466222036984,0.0269204997495167,0.00321909500514706,0.00479672050343798,0.00356840354596865,0.00337628130194039,0.000850813510730838,0.00326493053976886,0.00104087595860493,0.000877934288989413,0.00798331823997937,0.00144796120329826,0.0301094423201785,0.000910886478584086,0.000794322550929719,0.000877957370435928,0.000867348518032127,0.00071754353753566,0.000736694902504593,0.000792774815974018,0.00119225783994188,0.00108672751926274,0.00294983696808203,0.0011157497868122,0.00105645613527205,0.00232053231568569,0.00130680106769101,0.00396938663200459,0.00121486741836435,0.00264864923582215,0.00338718685633805,0.001469589998135,0.00176573870775533,0.00130760786456096,0.00230385025349026,0.00331056596004137,0.00116253612324506,0.00226958875740749,0.00110494223458212,0.00109978075188909,0.000919120856788471,0.000990208421211072,0.00314538090707154,0.00301542385265615,0.00108997288949182,0.00224916698428074,0.0017570095576506,0.000871652418621681,0.000736786738252382,0.00298919065445027,0.000908263281006489,0.00166953518108323,0.0010189150352597,0.00384671699016296,0.00091083606033429,0.00104903400853682,0.00329804557150339,0.00101164357252865,0.00273382907965345,0.000776898271738839,0.000794213191072017,0.000952640556385694,0.00077476085273963,0.000759473808373769,0.00082762388400195,0.000836279598656785,0.000852782576799488,0.00102202046015888,0.00118789931458877,0.00234637178545604,0.00216524592888436,0.00101548634698778,0.00240689898102136,0.00169201252809456,0.00228984453361399,0.00189981479874005,0.000856625860575738,0.00174940656685388,0.000770818374316628,0.0031242012394858,0.00201926964475937,0.00346834801252219,0.00323546707604499,0.00106278112854473,0.00295998037301954,0.00100698607923813,0.000819207181225522,0.0011462288997282,0.000787730576450951,0.00523046889421453,0.00291580313757601,0.000923782419563485,0.000976728806722092,0.00120304347920979,0.00104168059461533,0.000742579497259353,0.000843148455898127,0.00101686847726259,0.000936228462308926,0.000746859088455064,0.000729073980698111,0.000699726772068219,0.000741509231085501,0.000699756141708295,0.00077110247464459,0.000796851076020491,0.00080889736454087,0.000809613706037767,0.0079210889269868,0.000770431279707617,0.00118612080018601,0.00189939849327968,0.00126924126867985,0.0039685880679444,0.00092916538023202,0.00226822776776376,0.00297698556337763,0.000923595596890757,0.0029444548263812,0.00128921501638876,0.000969431981741457,0.000981021724609398,0.000910640902123766,0.00247342003017897,0.000844698852402361,0.000836554483485933,0.0052009069421472,0.00089244024968288,0.00116595185606491,0.000628121647095693,0.000853395237824454,0.0010529160120186,0.00213979479468006,0.000814779645068674,0.0168348642238893,0.000832790944863847,0.00208240812639984,0.00135012953574137,0.00197033352591991,0.000859236015122569,0.5,0.00171852133622457,0.000850399572526707,0.000994428624648159,0.000824157559681725,0.000923247148877726,0.000834485978857873,0.00225473135983103,0.000730602289449866,0.00250388695406388,0.000645964652016161,0.000888913490424935,0.00133795819765093,0.00151086803995682,0.000981946463667865,0.00248540570388396,0.00121812766709102,0.000798204930269298,0.000818151419482962,0.00280829784326575,0.000987872483003303,0.00123044170192432,0.00109276464879181,0.00146228467932857,0.00105720993358013,0.000847656038526468,0.00542574776996665,0.00292064145930751,0.00511438017845914,0.000875482138692488,0.00103824508994105,0.000992366913432664,0.000708601289251041,0.000956064182406475,0.0023389792969475,0.00133895914298657,0.0241869027860261,0.00292326402022815,0.00122813569014811,0.00111929924478786,0.00110374348963394,0.00101352753307872,0.00144758899200384,0.0401387532603759,0.00283243713375073,0.00219995409170287,0.00102676873122523,0.000914864798916065,0.000794886888009831,0.00287453246968629,0.00288951257478151,0.0015133218055138,0.000916498387810796,0.00297769639911015,0.00268174906610277,0.00331104463575554,0.000947167143251976,0.00296787159937936,0.00434937047573305,0.00159246286351624,0.00217742409060634
"TT0012",0.00111203158847979,0.00121154531464989,0.00337989374212503,0.00225490987361876,0.00107133474234997,0.00118853178610307,0.00481866253619132,0.00301617434933367,0.00454497412400189,0.00110019536165773,0.00653566843041998,0.00210207265056262,0.00106156999043517,0.00107699821555212,0.00095875120139358,0.000850296476190733,0.00320146765543113,0.00284702493899551,0.00196946576065434,0.00300178836278089,0.00338859583620127,0.00227416615841944,0.0011296558183525,0.00185006306124885,0.00093978705317989,0.00504250525055452,0.00574932097185993,0.00592661475107149,0.00115965159392713,0.00209394764032494,0.00101192816524204,0.00311999070004184,0.00208499788096412,0.000962413867818772,0.00103873730179893,0.00105312771728692,0.00431803690243575,0.00501201205700357,0.00102767705116192,0.00707124584433268,0.00332457526607347,0.00459335307980931,0.00229099092888693,0.00408523080838481,0.00323014894519707,0.00121432542450606,0.00115886264140481,0.00101852807967517,0.00123758771338841,0.00249798052064496,0.00133742530270415,0.00341075428794166,0.00119536512125372,0.00684755856226675,0.00367049863335743,0.00098711347363288,0.00119053346845146,0.00277065944092585,0.00487895195325708,0.00112866450070654,0.00112525163012337,0.00128678301930569,0.0012902643066091,0.00109543595869053,0.000992740909792163,0.000992920841338755,0.00103964027633884,0.00204209886687754,0.0033932836773524,0.003278533678004,0.00102823093371487,0.00123458958365476,0.00209606818049816,0.00171779274128517,0.00117403324125465,0.0012414307805844,0.00189363432050031,0.00131911025248953,0.000939173966506184,0.00503486587971317,0.00190993692019675,0.00110900772862198,0.00296267458050224,0.002129475701088,0.00494862687554845,0.00114277534415715,0.00104150036630456,0.00209872972582516,0.000953608824003519,0.00527613743263672,0.00650009971352924,0.004660666235693,0.00644640179713438,0.000853974606647163,0.000962290543092512,0.00109229923263701,0.00122736214835824,0.00342230821527635,0.00191742498986994,0.00117680059474225,0.000996242863522645,0.00358319941611404,0.00198165780339201,0.00299118950111078,0.001106557979305,0.00204540336950822,0.00108882972887493,0.00102807990104073,0.00121773416805217,0.00301382649206976,0.00523030375674534,0.00109444737739429,0.00112959311656608,0.00405448435032175,0.00126230696397002,0.000975368549272326,0.000965381317663863,0.000904534855031267,0.000892516957832871,0.00104692888438645,0.00106549677461803,0.00489952935969705,0.0011410897196141,0.000861108101558149,0.00130483468519054,0.00113258057971951,0.00539583487893449,0.00486547187678216,0.00110536333502922,0.00672307956396784,0.00114280475800622,0.00116308825829328,0.00110811754985948,0.00107008340389238,0.00308356457787591,0.00115763096890794,0.00491811945103959,0.00115279223612434,0.00105467479604445,0.00101238773324561,0.000972787789497863,0.00110082022892484,0.00199516679733427,0.00101921186739809,0.0011350014801865,0.000884566283445349,0.00115360534119248,0.00123550840028893,0.00204284617904003,0.00100828772778725,0.0030132686990619,0.000986663723617236,0.00307016236096987,0.00104080622187607,0.00110181729313096,0.00320414312248884,0.00171852133622457,0.5,0.00310164732924635,0.00230617799390753,0.0014763822176988,0.0044762187748653,0.00238932863035261,0.0033549645626123,0.000853521518223846,0.00540079759813655,0.000877219929212553,0.00311948283801637,0.00526524665431519,0.00391946141653601,0.00304207354506982,0.00225376998950604,0.00310925783232863,0.00154007678477821,0.00441695680178157,0.000921653686929491,0.00126312818390617,0.0011415916361152,0.00112100622938053,0.00240192690891514,0.00149876125284084,0.00230083583144594,0.0027601790393599,0.00280483168839349,0.00208603350481616,0.00437922529905092,0.00198770467849298,0.00478637118844794,0.00110148317041052,0.00282460475107401,0.00111412071805459,0.00119192030680312,0.00229386847830086,0.00142340011877264,0.00110915618224728,0.00144455433061818,0.00515926823719979,0.00106753497252409,0.00337334404693433,0.00123096570624655,0.00354776975386078,0.00110916642235817,0.00193607472280917,0.00720311640838722,0.00121010583001213,0.000858913415501079,0.0030637977215295,0.00109353391413447,0.00198414785959548,0.00187010432165699,0.00208415101727588,0.00134466131280072,0.00555401653532777,0.00668052842672187,0.00198914965903773,0.00216869271776462,0.00214761630444968
"DU0061",0.0036574533667378,0.00129069401915036,0.000971496785724346,0.00310096493137146,0.000918329839903677,0.00106491217040844,0.00566497501606706,0.00104960683334163,0.00731237986173558,0.00416193524348975,0.00357364949124606,0.00438128221855952,0.0069736146829434,0.00370196547300908,0.00514308520329176,0.00501374815095765,0.00408422059800056,0.000839573481979359,0.000840957848810576,0.000972714912674396,0.00101564346964895,0.000997043565036188,0.00121151888512664,0.000828225709462229,0.00126429217902371,0.00397787994365788,0.00537994380883706,0.00263139670399756,0.000926838564845705,0.00151627460350346,0.0118419954218,0.0107494693796232,0.00277047540442409,0.00495900336114707,0.00412058448554706,0.00421015756350811,0.00818119636824651,0.00597753802215813,0.000863487941549992,0.00608830672623886,0.000912283294284916,0.00116032367466538,0.000928064405475849,0.00107019146895708,0.00108108826542865,0.0010075615089936,0.000882327495020485,0.000816446941142071,0.00318727241635656,0.00126197355353344,0.00102120061717501,0.000983489099488679,0.00233752627803483,0.00142556157186877,0.00112305678707642,0.00227860839659647,0.00224501545810034,0.00155746714661744,0.00283168803710718,0.00124640544942447,0.00129659510080588,0.000963494144302182,0.000949601490826676,0.000882447985730383,0.00511446471753868,0.000850766214578286,0.00121629590326299,0.00196895243678701,0.00100220279758098,0.00100747138315866,0.00120948176892523,0.00108105679591703,0.000838069534376862,0.00104586965743595,0.00439797278861966,0.00209736262032164,0.00427061998689316,0.00135507751632381,0.00372442916895797,0.00836359845790108,0.00420728160760331,0.00405769063686442,0.00413191317165462,0.00154202862929611,0.00289431446468283,0.00110719274421186,0.00127172370933124,0.00115490190230244,0.0010367695602452,0.00568601768341413,0.00523917524783504,0.00280393141858929,0.00255563406057838,0.00560391696835178,0.00396804979938451,0.0011394907933912,0.00192740673687447,0.00102851066115804,0.000764070728469821,0.000801798562993492,0.000796682017227834,0.00120995149310469,0.00199547019462602,0.000883445584501815,0.00441866611423788,0.000884553802624372,0.000851213138078677,0.00107433834687934,0.0010013997869571,0.00158933408755203,0.00525673217395928,0.00114065738884449,0.000915276343081202,0.0030103390703824,0.00129623359616598,0.00436292089422173,0.00415228051687998,0.00523462733716727,0.00596596185553585,0.00219156698294126,0.00317816642923117,0.00434516583940105,0.00106596685345904,0.00323944394629364,0.00227653602597268,0.00100830671050523,0.00316006362616806,0.00268060359738933,0.00277979329732647,0.00367874980829826,0.00248593418412546,0.000939834848875943,0.00106393410415221,0.000908663833602251,0.000978442516830731,0.00106676780170702,0.00295434043079003,0.000908322384334669,0.00133661229501399,0.00118898049001281,0.00118985052877631,0.00102951370882919,0.00102509245502886,0.0011715718312081,0.00114844116185859,0.00495970394921695,0.00103338549864516,0.00107214853913973,0.00105289469545433,0.000886827801191975,0.00135041035518249,0.0008387808067179,0.00107441763133544,0.00109180396843385,0.00091080186184236,0.00109532455623102,0.000850399572526707,0.00310164732924635,0.5,0.00164543395147749,0.0040838881535431,0.00158853778487753,0.000776118624603985,0.000924470905707385,0.00460268616320278,0.00928491309604437,0.00382613543660864,0.00116169633098091,0.00093777813636598,0.00126357538375639,0.00103052219630898,0.00101685832300231,0.000946032792360568,0.000931275203534291,0.00938530820799112,0.00112272337219178,0.00120180294145111,0.000848697456912865,0.00107265405775032,0.00116926916759897,0.00132114133333279,0.0014178977125475,0.00126690275186459,0.000964294648995717,0.00201148723553279,0.00155464380810935,0.00169039899914714,0.0029094812902557,0.00179364509534011,0.00113678949462981,0.00096250352407868,0.000998561863175252,0.000943196671004791,0.00106875248358901,0.000957635055990905,0.00107488399630591,0.00286448850125078,0.00134098729498369,0.000871432150543627,0.000813529701964577,0.0010931101398222,0.000877994678507589,0.00264176614023896,0.0029363838565623,0.00106404989184528,0.00316929737449566,0.00715625902510097,0.000995524690492945,0.00126486619362298,0.000965567837767354,0.00131756872105427,0.000984848518388049,0.00455691143277302,0.00234977352096642,0.000964232143050971,0.000963198430852743,0.00110671615847354
"DU0060",0.00486728957779704,0.00126383765486364,0.00141975061965366,0.000983928494177435,0.000821076232472039,0.000948671284297589,0.0011204564129847,0.00103597216136338,0.001221512184345,0.00229847499473956,0.00134138536384804,0.00143598550766975,0.00145426383279589,0.00638530679106196,0.00255848017197381,0.00193587339225261,0.00139236183624573,0.00111679837843889,0.000983489002715466,0.000991884578450528,0.00111492983856448,0.00100374934412006,0.00111646887106373,0.000973581544223952,0.00600123730385544,0.00382402885058379,0.00123819610929513,0.0028367976657336,0.00355695633368678,0.00341425142836588,0.00214651396678987,0.0024279973900052,0.0047895523273704,0.00546696361972294,0.00257157104842097,0.00545166368012039,0.00306313645747939,0.00108208617423281,0.00123053188436502,0.00118147086375793,0.000967184675794685,0.000935316935904816,0.00123144186673451,0.0010423064650246,0.000877395585519587,0.000965637746714444,0.00119019436449208,0.00107755246981432,0.00110417415075908,0.0011827129593048,0.00307549060877166,0.00089088352242641,0.00122806137492698,0.00500284889215454,0.001027747347536,0.00490595706780515,0.00447416939361175,0.00852796848817957,0.00570639835169551,0.00122344912810433,0.0041458474686882,0.000863884679006479,0.000893458662929141,0.000830822756297526,0.00160911500311032,0.00110323292156536,0.00196868400581685,0.00107397226548727,0.000815369256044964,0.000985172495096105,0.00223213260651938,0.00113949540850724,0.000759168999292504,0.000995205990840486,0.00302239939643479,0.00494078428684981,0.00343529210536875,0.01006756377772,0.00549026635995388,0.00167625034444242,0.00453631764554353,0.00330650893619725,0.00328688902804533,0.003541272257256,0.00259357620129938,0.00117212425204222,0.00146074682618571,0.00720789825579418,0.00411327412858357,0.00137397301964751,0.00133550588200408,0.00121158055085881,0.00255011720409234,0.00317300099073315,0.00465978753090728,0.00119938234155084,0.000858248088642883,0.00103372693453798,0.000886264562963484,0.000847204141733627,0.000927126896686072,0.00119474377879237,0.00354015669602082,0.00078094082663035,0.00148685155574694,0.000836630242973149,0.00100050166570036,0.00275523822498387,0.000960418157465348,0.0081877667509411,0.00133053190881544,0.00707680756040198,0.00102073164300075,0.000938750132006178,0.00404234070257277,0.00333056624986766,0.00372734553968288,0.00136260040300722,0.00220746627916974,0.00302211931544075,0.00196182800712847,0.00495951717513957,0.000965677195099972,0.00560267906032396,0.00276435892364351,0.00112615963264382,0.00145421545921031,0.00138380631631269,0.000833047367637008,0.00492931940003633,0.00116671804658182,0.000897857788036946,0.000963382253337707,0.000931537573577125,0.000935259942226765,0.000880050747362407,0.00290823417853585,0.00145822988237893,0.00174204046648834,0.0042144961587173,0.00412620461822445,0.000950102675641937,0.000962564656207425,0.00112395403264597,0.00439565426322375,0.00309693017570156,0.00100762774878474,0.000960592211819576,0.000970698447604209,0.000901919693591559,0.0011350813172792,0.000981082065520352,0.000997691157491441,0.00113497851559407,0.000973994154721211,0.00111896216734569,0.000994428624648159,0.00230617799390753,0.00164543395147749,0.5,0.00651472245890662,0.00415829508944067,0.000991534630241009,0.00129461908220579,0.00398005575415347,0.00362650927479407,0.00293221476053721,0.00114003077416264,0.000917648090101378,0.00290298576683898,0.00114035397007749,0.000854171043821624,0.0010367102309446,0.000876127495787521,0.0036337580359208,0.00402331041970067,0.0079182492998444,0.000843440527964567,0.000972193565795071,0.00484033067820159,0.00518210689573314,0.00767312569914246,0.00540481035919451,0.00301689193204039,0.0054511790929972,0.00492597341460254,0.000726446519320738,0.00143255963702449,0.000956036416258189,0.00102911245689706,0.00125819276220198,0.000834642050145956,0.000942530489030716,0.00105883724849925,0.00371131416359493,0.00472562545881602,0.0027187546516565,0.00219888304512948,0.00092293034170636,0.00103436054100125,0.000945563284277945,0.00098683555777463,0.00132393367909022,0.0046636609798838,0.000978004148292201,0.00333977410129868,0.00137161787932091,0.00093702450151694,0.00178575187631165,0.000894347374009124,0.00287216524722259,0.00451215768683401,0.00129231449845649,0.00406299048933926,0.000803580016562617,0.000885221081760591,0.00110268990760405
"DU0063",0.00269690102679783,0.00121776765800824,0.00414606664265735,0.00113545547068221,0.00239611191311045,0.00308060174390023,0.00283619724735645,0.000984169138477418,0.00125328445907988,0.00411420969195906,0.00141037361252404,0.00388807875955317,0.00380576563967759,0.00381138519165358,0.00390971674407443,0.00472060215220841,0.00263381052175022,0.000904623036880888,0.00100108685457258,0.000927638429515185,0.000976956438841488,0.00092018326754412,0.00133715788147059,0.000924524931077214,0.0014503299639828,0.00296451957403782,0.0012701033059365,0.00421815233709587,0.00187837399005134,0.00128521222902702,0.00472980718890292,0.00152785750854425,0.00139851475584264,0.00260031135362364,0.00450803831028655,0.00398640965858549,0.00133518215334775,0.00131909369759912,0.00130726815716556,0.0020643062612771,0.000995046569398548,0.000924300233494871,0.00130425115470877,0.000971289360957747,0.00243240762739516,0.000902682525558537,0.00121747805429041,0.000994014043648705,0.00110364436866311,0.00112208042053467,0.00111975418187232,0.000857210878435033,0.00119190683912446,0.00503583490209757,0.00106284076390938,0.00364484452751326,0.00382392955608436,0.00826902623272573,0.00485371720931381,0.00112643717093445,0.003533879276739,0.000886346985995766,0.000917387423554727,0.00231318136441813,0.00449846019345405,0.00113741831381033,0.00124453021679286,0.00315518633525368,0.00111608821436875,0.00100714637006947,0.00124982944429352,0.00119278403360504,0.000784250569304318,0.00118481336445376,0.00369736948943314,0.00513080585652456,0.00412653675877988,0.00180696612515233,0.00399875417177654,0.00359547547369751,0.00444911137256659,0.00362058109584774,0.00405257735258149,0.00125646592416855,0.00386199610037019,0.00103607419819636,0.00148181133986627,0.00528459828733842,0.00338189552822339,0.00215151506250225,0.00138325003355194,0.0020243830549182,0.00324848262379591,0.00426514551265691,0.00161364523837381,0.00111810026067802,0.000943262071407857,0.000908778724490606,0.000857493009142073,0.000991097043686892,0.000912337162085906,0.00108809420895014,0.00381453987214415,0.00268980227605018,0.00400594163510935,0.000854970371266425,0.00114627697436597,0.00107215438162,0.00118767724256606,0.00569482608457968,0.00145557013006124,0.00362683208586012,0.00196748920358002,0.00106678639982742,0.00118582385565034,0.00433356173035842,0.00490196309698488,0.00366226251753651,0.00366712873857252,0.00112913736849002,0.00107953137987262,0.0043934727771465,0.00103726196359282,0.00344018386518175,0.00207849111906592,0.00286948832217118,0.00152940633347134,0.00245282899656652,0.0010330984021819,0.00501881299134463,0.0013048470867836,0.00238157300393933,0.000943204864173484,0.00276918691950185,0.00083789497360878,0.000907653052376049,0.00153295644093546,0.00370848726428941,0.00256906228142228,0.0026628374676326,0.00332933242696533,0.000972041760837177,0.000907184794114532,0.00103950857094817,0.00452252178330389,0.00240714778008579,0.00146859558307288,0.000985807660003643,0.000916077030948342,0.00256598068376605,0.00108492752541757,0.00178036336994749,0.00089610518253845,0.00275973336181588,0.00097016765693127,0.00251086567513998,0.000824157559681725,0.0014763822176988,0.0040838881535431,0.00651472245890662,0.5,0.00581364262095497,0.00116859006225368,0.00139808983824517,0.00399151654404224,0.0013559602717527,0.00355979907662875,0.00259179880668319,0.000891572066703379,0.00101619115146662,0.00107505825411102,0.000923577516989996,0.00170617628109386,0.00106228204747834,0.0028082718621965,0.00213648152459943,0.00803840385020655,0.000936410839896679,0.00093876366337045,0.00501190009804554,0.00530187268383175,0.00782275711342222,0.00437742217110915,0.000973303818410026,0.00447183034143424,0.0050062494723062,0.000978464154825278,0.00128907074795087,0.00283556521050756,0.00101026807887658,0.00136654801425528,0.000906090557075617,0.000864671373605258,0.00104775235288976,0.00118461012820507,0.00497584376144641,0.00270234756364305,0.00120139369552358,0.000924578958008529,0.000857910167455883,0.00093332155342191,0.00105278944446805,0.00157098195662949,0.00475365175947529,0.00104254071600912,0.00332262038382966,0.00130320216601476,0.000896284962644254,0.00431991427381946,0.000853174542100429,0.0012171371999987,0.00464741284097506,0.00145342505408987,0.00421943639858422,0.00237058374575194,0.00102421929928865,0.000947664183952762
"KL0010",0.00127167826266355,0.00108460671670241,0.00352553562764186,0.0023382123089741,0.00312115015693718,0.00432643149532404,0.002950348765973,0.00263651089469681,0.00163684890357917,0.000997565896880137,0.00447753731207674,0.00102410866336513,0.00106759014200781,0.0010846498576299,0.00278966203785634,0.0025256174658337,0.00107273586053812,0.00275064944795813,0.00184193084178413,0.00164860409901456,0.00100238235232984,0.000890970193452269,0.0011816723886407,0.00111833482211529,0.00111598639628235,0.00442252675561019,0.00272056744337481,0.00690480072611114,0.0010562076264859,0.000991219985283135,0.00100088034279887,0.00152327055851018,0.000982707761381698,0.0017290119257265,0.00371301470755145,0.00099224870296064,0.00340852719749062,0.00293254406235543,0.00106205931557424,0.00284963987945372,0.00117647128835723,0.00110308853046554,0.00120712528007339,0.000931455663885567,0.00291590073316965,0.00186366888396348,0.00191704826404902,0.00109196386912285,0.00120741112495496,0.00122724656082161,0.00117630655298568,0.000960845954479588,0.00106973335133823,0.00479644047477918,0.00219358711387649,0.00137236845392976,0.00538393956817825,0.00730586332337222,0.00435743104846372,0.000962945954620003,0.0012343353268368,0.0011995577789678,0.00120960542267373,0.00130041366063841,0.0032238075871308,0.00102655385844222,0.00128089552831354,0.00455612412917776,0.00120190033587609,0.00195312913390209,0.00213087232216847,0.00335738988456188,0.00113211977561313,0.00122013986866119,0.000827485912720469,0.00478915363787756,0.000922661464757468,0.00155281998296385,0.00113069676163349,0.00588939669880472,0.000970355295050321,0.000911472033176288,0.000959440589957373,0.00103414798348612,0.00448670207681352,0.00101275470768416,0.00112006095301956,0.00425120629111204,0.0011551220800251,0.00480195964138813,0.00442130993955747,0.00392122265518572,0.00902292592842155,0.00128873938638341,0.00203725887169315,0.000964218379882152,0.00337110232318553,0.000946237707539279,0.00189942765286602,0.00347729759018479,0.000986088515965764,0.00115429880320016,0.000965548548445063,0.00348003687688504,0.00105612811526211,0.00112011798623281,0.00334319001549405,0.00175150831754735,0.00583162035023436,0.00461183683656027,0.00518915379979449,0.00411851698102626,0.00305337595080382,0.00117463639862519,0.00106365211607819,0.00170536425821156,0.00302415859730808,0.00186205033534308,0.000903084769376029,0.000907850693129737,0.000953177297427732,0.00454265171853937,0.00311933332383413,0.00098249450523211,0.000862762604092708,0.00620262268774367,0.00435121739541115,0.00409540778730265,0.00330360647562429,0.00511591650769632,0.00121019862858642,0.00202867134692981,0.000924565643147052,0.00116574892898487,0.000801628794340961,0.00184812384341982,0.00401498173766231,0.0063969072238805,0.00270639532679359,0.00119420797186646,0.0012167725616157,0.000983764066616359,0.000859750502283266,0.000909592384686066,0.00130846787266375,0.000919117901773077,0.00127589659371274,0.00118345107950533,0.00178458215052443,0.00315489869009143,0.00107242571018093,0.00311543785462593,0.000886066676521984,0.00117991218192877,0.00106865563720878,0.00384781576748553,0.000923247148877726,0.0044762187748653,0.00158853778487753,0.00415829508944067,0.00581364262095497,0.5,0.00335610114600151,0.00123222812037853,0.00290694496642236,0.00156490657119564,0.00143424027332523,0.00358185765552781,0.00122666986976787,0.000896508910883891,0.00114238521207322,0.00128216791141428,0.00457976111381724,0.00337655594673921,0.00155568122213178,0.00094620797151399,0.0046357683803568,0.0036924729092856,0.000937440838781703,0.00280228388996909,0.00406031471020324,0.0042141844347919,0.00393930296481147,0.000865161531954367,0.00125544028803817,0.00459910483225596,0.00330000764065557,0.0038786373798021,0.00229384258316825,0.00097850930202862,0.0023643658939335,0.00187184905724631,0.000981021579455853,0.00200251688863578,0.001158116372461,0.0028103503127087,0.00440571474294759,0.00181321881478071,0.00109008379742032,0.00140819255422169,0.000976534739853732,0.00360839121794625,0.0034459371278051,0.00521433263876812,0.00303956525471469,0.00103871385898112,0.00143845599294041,0.00269672432081489,0.00121337319232221,0.00252267733047983,0.000853926106064353,0.00336611029001226,0.00508189732241817,0.00580589850454522,0.00216905000331275,0.0034550952573648,0.000889411331568722
"CH0002",0.00123412964879343,0.00112525582476763,0.00323599901486287,0.00828591606567824,0.00577960620338693,0.00401159736830331,0.00157058608449984,0.00280888755132116,0.000879498837044722,0.000921080501772961,0.00200372833784632,0.000936899268973228,0.000892485803556594,0.000981365755774547,0.000911238243848455,0.000892746882969028,0.00141560362502984,0.000864780166546173,0.00137459677523556,0.000920146853427677,0.00112695198341236,0.0009094826060015,0.00625142728760588,0.00490136943635094,0.00358865702388279,0.000905123418600252,0.00101747428102707,0.00381043349672912,0.000835674607028689,0.0010143691289626,0.000859407459054887,0.000826059081697022,0.000919323463032672,0.000905689974592261,0.00098290563371688,0.000896045358699672,0.000914865126124473,0.00190377251457095,0.00127412781543658,0.00133475316494632,0.00404688621525567,0.00113358036417198,0.00139677501375078,0.000917157097810229,0.00204860113141745,0.00106631967342648,0.00114681831991272,0.00559314321415854,0.00200648572640573,0.00136920928867894,0.00374605551882034,0.000980541036140749,0.0012477239065958,0.00113301720757917,0.00129506192105495,0.0014135092306486,0.00124640401179584,0.00120055992273672,0.000972828004620031,0.00103748905330026,0.0014096845990767,0.00335431869646348,0.00226071665708318,0.00564710591182268,0.000963562268957506,0.00134931001523797,0.00379318208467138,0.00373585106408001,0.0057068388911588,0.00366329472790688,0.00377657748354346,0.00615631979013751,0.00217936108463529,0.00795335626136791,0.000707826656247957,0.00116482566798854,0.000826467223458405,0.00113994243095279,0.00101809014328588,0.000929719747028808,0.000880653311377185,0.0008840866702754,0.00085839800334713,0.00107296747492285,0.00106378321600858,0.00116580788258869,0.00134110510255978,0.0169094882038016,0.00471296578876815,0.00122917472371822,0.00472208782050146,0.00362943452288451,0.00119537365967428,0.000597429864643891,0.001038670572289,0.00110656500194002,0.00235298330635854,0.00107097084242453,0.00478572133075033,0.00580025609899361,0.00481805696807771,0.00117628075776888,0.000852608212410213,0.00526427286833178,0.00093352346807714,0.00320089590489787,0.00411810209100455,0.00526275092831703,0.00488487215464031,0.00115739784163467,0.00206584346910052,0.00158956040222872,0.00676338741362417,0.00139439339090248,0.00116989426194809,0.000858048268348769,0.000956684715809545,0.000892576450812126,0.000778570987991433,0.00089675219116306,0.000997427988753121,0.000839879343396663,0.00366550591415806,0.000852446126403842,0.000814828723846717,0.00618783096341011,0.0013456644068412,0.00115666114604455,0.00443487125421474,0.00123097306069973,0.00550974457609485,0.0039272983158568,0.00104183077404439,0.00527049054659879,0.000900921582529903,0.0012513966028507,0.000985854078195038,0.00398592087100632,0.0023261539469883,0.00132543998596837,0.00139606228050502,0.00118233238871902,0.00093341641319738,0.00101469287285863,0.00110544670354339,0.000813311355380258,0.00171846925664093,0.00318201167750787,0.00105751131757082,0.0114809186692591,0.00105313141653445,0.0121348686365735,0.000994350055333167,0.00446093187494581,0.00464644667503626,0.00109435400603848,0.000834485978857873,0.00238932863035261,0.000776118624603985,0.000991534630241009,0.00116859006225368,0.00335610114600151,0.5,0.00124633622597056,0.00100097466428864,0.000992111604825555,0.000750401282761936,0.00104669071500699,0.00271632364139044,0.000976472001078481,0.00532219027274519,0.00211964639804141,0.00234112406823973,0.0167700847161261,0.000732755308993366,0.000977216028411442,0.00282287466318611,0.00559584765942295,0.0010742890899489,0.00157844731860714,0.00109881871476252,0.00114605695893552,0.000971319598732123,0.000953687688230044,0.00101406329946132,0.0010795694892268,0.00632420888110424,0.00122754594511588,0.003403052714572,0.00141964804343717,0.0025140760784347,0.00183911412944498,0.00092154873033145,0.00321821716023014,0.00457508854013957,0.00128267973528516,0.00107847455011244,0.00382118661206991,0.00154311594943275,0.000883030111002545,0.00102685841076453,0.00598775474796826,0.00377696630611724,0.00154906898607096,0.00301492020966227,0.00453477872595773,0.000885378567765543,0.0010111464419176,0.00118696405941493,0.00098018416269628,0.000852617559540844,0.00111485066508218,0.00139946601406211,0.00281646674285041,0.00384706025583245,0.00566115426998896,0.00104168732036367
"TT0059",0.00118129515101464,0.00229087771673854,0.00650319839023841,0.0023475077182975,0.00171945624357115,0.00124764820040928,0.00324979317937592,0.0011064303880698,0.00415742073071408,0.000941516556278377,0.00364937337755403,0.00089738721830195,0.000815151481233378,0.000988773848784348,0.000913332759193302,0.000678548738774375,0.000967333811376041,0.00149828573947548,0.00535543975195502,0.00196496887495975,0.00355712654962785,0.0012787282851528,0.00123979963959306,0.00232197231671129,0.0015626278570742,0.000999641760309482,0.00227844597279933,0.00210033592088973,0.00216203139054994,0.00100183620711615,0.000872892861685966,0.00102792536619031,0.000952250504006695,0.000876475320920624,0.00100579662168483,0.000890890271816386,0.00110667983860854,0.00373317827166158,0.00503933262883172,0.00125634566340101,0.00393348260732757,0.00519035385349581,0.00806381398898324,0.0011010469620907,0.00332464160848591,0.00230832874982605,0.00623467944298746,0.0013331364790833,0.00115340848768309,0.00134556507573265,0.00116670672778077,0.00451413830641121,0.00132619662037626,0.00262448302670838,0.00245700958155024,0.00525484770881309,0.00125931431843778,0.00152379736288344,0.00123184214451946,0.00127162668747648,0.00123416725722944,0.00315439127168767,0.00131657139691559,0.00122972924044668,0.000996971359771818,0.00575831629965973,0.000970071296839697,0.00122524223271226,0.00328663932708437,0.00123892569730103,0.00215507854025443,0.00405590094474836,0.00229970708799596,0.00127432613692103,0.000768974111363176,0.00445684112401166,0.000842945821496895,0.00108702280273916,0.00466465373313627,0.000949213545012293,0.000874444247375923,0.00087456237982496,0.000865866288552325,0.00096685169466091,0.00232635486354126,0.00235694692136816,0.00558404756179338,0.00275333150024539,0.0023453325563338,0.00119099660324004,0.00436748640404911,0.00125127616254927,0.00338649396184618,0.000608486639935072,0.00101961961898972,0.00223723814569254,0.00318393146763328,0.0044995438536268,0.0021212439371768,0.00123644920742734,0.00215641252444139,0.00367539887545819,0.000845249910019875,0.00123302112940702,0.000935726249624256,0.00218212548262955,0.00794045398768439,0.00106109086397665,0.00119608736440093,0.00147131647576275,0.00221994105993535,0.00121893062850429,0.00652590674224586,0.00362994412125331,0.00106841818048234,0.000863471552757572,0.000954936414276184,0.00081199118608572,0.000755764668400015,0.000866919663945998,0.000905621371713476,0.000861759643072442,0.000997988871481017,0.000852946914798632,0.000910482309095996,0.00133984298797469,0.00258789184165315,0.00128860492938073,0.00101963393183708,0.001456984129079,0.0011147144428722,0.00418511596218591,0.0030116129805977,0.00116906093684787,0.00123881363802929,0.00328638097848535,0.0010981185177622,0.00616121366690367,0.00547314330725191,0.00536254318209299,0.00495362127936263,0.00102809170312543,0.0021229031473967,0.00202996627922593,0.00476112853256772,0.000754618821417432,0.001140226915357,0.00112305897235178,0.00123354677037822,0.00110963759759491,0.00189693343889331,0.0042250744874699,0.00122229718422139,0.00149739725438961,0.00226731999622256,0.00347580885748479,0.00225473135983103,0.0033549645626123,0.000924470905707385,0.00129461908220579,0.00139808983824517,0.00123222812037853,0.00124633622597056,0.5,0.00514510958027131,0.00138942952915776,0.000749632135284538,0.00320626709352837,0.00358837589943501,0.00303419477203322,0.00114794725251023,0.0046945877089547,0.00319882639103812,0.00111247003495903,0.000860164020605344,0.00112339206132799,0.00422179151066351,0.00216105808211438,0.00200820238738435,0.00413347337612685,0.00615957836645158,0.00409828395452447,0.00237842685786829,0.00201203225595993,0.00510571260020681,0.00134992381865378,0.00120037892522228,0.00211898363037309,0.00116506833945023,0.00102880878626542,0.00563343672293468,0.00362503521535177,0.00369958557404639,0.00107310508874653,0.00121276235551617,0.0073781064777274,0.0021571621508567,0.0015056853955876,0.00697565661325589,0.00197915256766973,0.00415463734566502,0.00292814698138729,0.00538046401107404,0.00233473770687056,0.00103821770420882,0.00126000008588499,0.00123790080434955,0.00120795520212424,0.00517394357992597,0.00201625373150462,0.00091962065129315,0.00464165426925328,0.00122984457595751,0.00227265779942653,0.00200356805042762,0.00114024468532485,0.00225803552485528
"DU0062",0.00257110065224811,0.00109834103926489,0.0050904831964772,0.00107936328616116,0.00148684410042111,0.00272272822699336,0.00103365268973054,0.000802729506413898,0.000928820967474171,0.0013546850473855,0.000941578233344047,0.00353375686036452,0.00377936010651585,0.00390536694910189,0.0061085198319986,0.00469919414476033,0.00129056870235044,0.000889577666904747,0.00411933887937174,0.000862036116230347,0.00101800518370347,0.000868553501916114,0.0010989590888571,0.00120055776249301,0.00500823141903944,0.00102518756615995,0.000845169423940942,0.000953754281970267,0.00108868010314491,0.00117169726024233,0.00161261083647529,0.00280649885250144,0.00398045331664527,0.00595750491682876,0.00555892208014365,0.0037667912750542,0.00283025630695641,0.000933367266091783,0.00466374467643311,0.000959535144288761,0.00140973679904589,0.00103160149094917,0.00528043911733341,0.000849678405229708,0.00103448716819543,0.000973066456108857,0.00483539687683264,0.00104413850270475,0.00183498983303536,0.00104006265347179,0.00095956680366153,0.000933296419075342,0.00120454261373157,0.00136723690684587,0.00104063463579517,0.00775896400294307,0.0054543183150822,0.0046957754889554,0.00216213930818965,0.00102531431278507,0.003759009448182,0.000910274103539072,0.00089724312793639,0.000974500554104108,0.00585923216627179,0.00455490415658949,0.00118560241229062,0.00114714340807158,0.000986837869582706,0.000875105540576123,0.00341121386314971,0.00362013168626179,0.000828935415971916,0.00109020076759511,0.00311553244232116,0.00649520269003229,0.001526351775093,0.00121083451225575,0.00899912729422005,0.00341407247236917,0.00365505134551224,0.00126531152625294,0.0013650832152451,0.00243269158104564,0.000922223375524343,0.00107023703765733,0.00647861415953868,0.00165707817451732,0.00354070254563719,0.00103109731528248,0.00108973141102677,0.000929276598668419,0.0031229197626033,0.00489602461101022,0.00644220561189551,0.00105389518216374,0.000990285665559784,0.000922177280312419,0.000887709459759212,0.000919985237605509,0.00103781383228387,0.00095266439276496,0.00148515919064458,0.000915967110573985,0.00359247790075788,0.000800113862228434,0.00449467285152303,0.00279530939965105,0.00275805943356545,0.0017322663344004,0.00100879878441662,0.00305332692905433,0.0043913079697361,0.00100993526370849,0.00109791289363572,0.00549926505694312,0.00604666381554279,0.00565802064903398,0.00325759103263039,0.00111724658197158,0.00110226317815821,0.00218718127424644,0.000914067401829225,0.00511477161836799,0.000941439829884209,0.0022828272732164,0.00103730094489197,0.000925677917926497,0.00095945931933209,0.00207175651801201,0.00239369359649242,0.00388237979701158,0.00101635188289032,0.00101223575980398,0.000910978257214995,0.00101766919223933,0.00091107082137515,0.00515305746532863,0.0054213592013372,0.00653853278344498,0.00488342876288468,0.000895747193977104,0.000889594599211015,0.00102538678596095,0.00446703718333125,0.00529588401110624,0.000882995030758258,0.000920638070086958,0.00100012477087797,0.00101433285747902,0.000946721147803973,0.00398530299914231,0.000981980004192234,0.00142954637485715,0.00114512747061869,0.00193969383269401,0.000730602289449866,0.000853521518223846,0.00460268616320278,0.00398005575415347,0.00399151654404224,0.00290694496642236,0.00100097466428864,0.00514510958027131,0.5,0.00217035565824056,0.00293624039712139,0.00275544383917306,0.000867563887427212,0.00102389226934192,0.000942977149372086,0.000914886215775916,0.00261169031185003,0.000953697715269351,0.00147881837360137,0.00214879890159543,0.00547982769169408,0.000930318089948502,0.000944116009915745,0.00393388281331921,0.00281708526458875,0.00526350555173527,0.00121668933804546,0.00102256150184603,0.00592008273626064,0.00123922993804368,0.000893125101163589,0.000902042359080619,0.00097666817165209,0.000956849680956458,0.00523396435814887,0.000959460111373487,0.000845910981261373,0.000894566886070151,0.00216859316107471,0.004167697233542,0.000925086182653086,0.00458491576732759,0.00407544132182783,0.000769088211192907,0.000938959674471299,0.00165522803593517,0.00505761487566492,0.00127346044996316,0.000926849876855903,0.00362937054381742,0.000977441260014929,0.000950569320643229,0.00505568291737158,0.00092431354692621,0.000945246486898026,0.00427336603131191,0.000971355487929819,0.00101474882584576,0.000962920234183422,0.000844925056468458,0.000973525837503754
"SG0013",0.00387351824953003,0.0012532951743467,0.00118390412537172,0.00130035394445525,0.0010710946130645,0.00108918922572005,0.00563334813926992,0.00103933416940517,0.00755246547138178,0.0011781434395287,0.00488579872147008,0.00109266576124617,0.0012168214554181,0.00132271854535956,0.00115315059442444,0.00103728054484872,0.00110742704243441,0.00176639802302431,0.00227188302662371,0.00204533490835845,0.0036462891032073,0.001315362382824,0.00117503587243826,0.00230746023164976,0.00361755983447562,0.00289977431921525,0.00650836984655822,0.00268512733661713,0.00465506226705137,0.00123201152725355,0.00132719961361572,0.00833903206984212,0.00373953123405893,0.00221224652433433,0.00116054677300571,0.0010938984938866,0.00722548688023347,0.00521271837838742,0.00213053865698779,0.0064846093094394,0.0012042783704154,0.0025451312169029,0.00139224681069146,0.00302817600962339,0.00125237106423852,0.00236227513281644,0.00234105920274551,0.00123605949606244,0.00110912411689138,0.00136310343326496,0.00361732289606412,0.00239876643293068,0.00248290937264518,0.00304267710296471,0.0013287572878883,0.00390339856071886,0.0035488397046251,0.00383958578580889,0.00604916382244861,0.00234336540509123,0.00424385313396529,0.00215596277459789,0.00105967823787278,0.000999202146863493,0.00110036788104825,0.00216607156172476,0.00108369283737163,0.00121131928060775,0.00208287203905942,0.00109563338114918,0.0010903312219259,0.00121730026504021,0.00128365788160235,0.00109444515442029,0.00102213918990805,0.00121494125345614,0.0011638968812848,0.00128660255947475,0.00120877697766521,0.00495360686109162,0.00111754920576343,0.00110352736708935,0.00113674510265356,0.00125729834639817,0.00302823960993144,0.00241720649619345,0.00138331766940989,0.00368047603714203,0.00144121524703944,0.00567465057016462,0.00652343953229089,0.00291351349284311,0.00265246815186197,0.000986086078197913,0.00131981734090576,0.0023353407178374,0.00100560069031842,0.00473796851427767,0.0021755318927717,0.000957414032138063,0.00207846168888834,0.00255939262994299,0.00116851651046559,0.00099105816033046,0.00108741675574635,0.00218177240382462,0.00120188188507836,0.00107111531612572,0.000966640828196685,0.00427835264829363,0.00528330295028148,0.00109367846213147,0.00106649370606907,0.00369431814227889,0.00119572160146839,0.00114193503631829,0.00117093754510783,0.00109706208467727,0.00103756431428181,0.00112733863239134,0.00109654402170981,0.00280878192577045,0.000996646628456446,0.0011910277601256,0.00099941347760783,0.00105176463983447,0.003507500457104,0.00381195477784458,0.0010150895066756,0.00194508428477708,0.0012149883767833,0.0011369098051883,0.00222322440063579,0.00108310970600423,0.00433250363410003,0.00212467830763135,0.00290895392937862,0.00107291419276979,0.00123279352470277,0.00487748763411626,0.00112529922426485,0.00103014119974036,0.00309732048757501,0.0020197791758922,0.00139980949648787,0.00106581059742312,0.00101510417694796,0.00106611193027131,0.00235746511884602,0.000943261668342739,0.00121065377816369,0.00100582504356683,0.00456394906337119,0.00112366383450572,0.00213254017652599,0.001180657218921,0.00250388695406388,0.00540079759813655,0.00928491309604437,0.00362650927479407,0.0013559602717527,0.00156490657119564,0.000992111604825555,0.00138942952915776,0.00217035565824056,0.5,0.00100286372829782,0.00308944884962897,0.00110929416071005,0.00322235824637821,0.00112190929179766,0.002122412204555,0.00108590255640723,0.000944240038605342,0.00752895480180223,0.00414728233758884,0.00343063181158675,0.00190632196891059,0.0011345287916749,0.00124496901344387,0.00236356480997617,0.00137337226796794,0.00274356779558532,0.004641053681087,0.00477174319183775,0.00157418108993207,0.000950749016893034,0.0030288343515629,0.000943348862183703,0.00102613448106223,0.00346118789420717,0.00211560256764814,0.00237147309638229,0.0011086468894644,0.00362011433682742,0.0012226765038664,0.00301562154134495,0.0013047014729178,0.00135790706239775,0.00249666205379758,0.00322081675283202,0.00327827665176909,0.00115929132060918,0.00284812574276245,0.0010770145563119,0.00310290770985017,0.00809026863703055,0.00132153719586055,0.00113325654420742,0.00212880697927938,0.00106751669364372,0.00154966397431301,0.00360598283847702,0.00365405059201711,0.0010443713235026,0.000987551800502705,0.00339814134452546
"DU0064",0.00330751664234026,0.00381234855166761,0.00074598352275573,0.00281984796506326,0.000617710086501122,0.00238411479691478,0.00074756638419754,0.000942000931218518,0.000803155873794441,0.00591969944391174,0.000805725992211829,0.00558784374206767,0.00571107196931619,0.00402799871438628,0.00707066389348149,0.00406817214141397,0.00552040399291839,0.000708591494297987,0.000797663742358926,0.000937344344070382,0.00276068831488126,0.000962251726554089,0.00318461677612101,0.000735258643451818,0.00283641970680165,0.00293488565883322,0.00069125385381052,0.000749392632632277,0.000773658891877609,0.00399453316935834,0.00621174431366118,0.00465752656625051,0.0051297281731105,0.00520021816028052,0.00616921677940696,0.00541548560425212,0.00277524103103538,0.000711557588424293,0.000727716757513682,0.000817720944509905,0.000788943387567316,0.00275207842485558,0.000823235344801231,0.00100087269607333,0.00244159619216956,0.002619481491482,0.000777336618152657,0.0007747793647513,0.002594265506274,0.00305149050993383,0.00083236343927467,0.00255216833189929,0.00308360559257152,0.00081712637350463,0.00286343729509908,0.00102305120116903,0.00278663288786871,0.00109511370431065,0.000900147548265724,0.00449127838960944,0.00293933002958652,0.00059578382169416,0.000649553244772114,0.000609641051984006,0.00743136912983239,0.000727979004457371,0.00249161980884573,0.00286221638982962,0.00237296402051356,0.000720100947045286,0.00260605480695855,0.00168052673064677,0.000660500624283528,0.00242933154647241,0.00512940015186814,0.00266499779955384,0.00766484541701159,0.00205599216253097,0.00399211696094036,0.00307209680423125,0.00744188220544703,0.00561196568476766,0.00670905887090276,0.00522653417267377,0.000655006302868661,0.00280296783472928,0.00106576914769974,0.000914022345822609,0.000949937678856361,0.000846936595893758,0.000750345924571389,0.000698860381290041,0.00123396826221996,0.00553733086590419,0.00525533221484169,0.00370540223319279,0.00150329102206606,0.00265862795484268,0.000699870325607257,0.000608359740231961,0.000690299348214401,0.00286421136761445,0.00757244022716559,0.000574290509279464,0.0056976947768953,0.000598178740472646,0.000710336285596568,0.00247392686914928,0.00135243077085204,0.00184414564424529,0.000788668096048194,0.00111045991038772,0.000667787756776222,0.00273246830411699,0.00295055082148645,0.00764950013769767,0.00607472124978902,0.00779625962223849,0.00690761426358634,0.00516880182810836,0.00355757412968807,0.0021106479030917,0.00332002071160941,0.00523713738632982,0.00317924145083112,0.000820414606267167,0.000803550513488445,0.000715819850628084,0.00317228667485634,0.000883489334189678,0.00106305786183326,0.000615945700871911,0.003281809909625,0.000672828307404353,0.00321993916414118,0.00329147219555304,0.00177576350151574,0.000732398025593371,0.00295727131572463,0.00103265174799383,0.00294908838492155,0.00306744700802555,0.00320769957766235,0.00405387726781789,0.00271840455461235,0.0064224277789277,0.000632917660137583,0.000757770493651184,0.0034146940639143,0.00286817284374251,0.00193333666939053,0.000721263059227036,0.00340983701453894,0.00171300423229812,0.000721610859345152,0.0032301780722237,0.000645964652016161,0.000877219929212553,0.00382613543660864,0.00293221476053721,0.00355979907662875,0.00143424027332523,0.000750401282761936,0.000749632135284538,0.00293624039712139,0.00100286372829782,0.5,0.00336388586593841,0.000735809269983573,0.00505829497774467,0.00163659793614024,0.000608859887276043,0.000778363304380677,0.00305266436490066,0.00435923987533986,0.00328753927063745,0.000956355384142927,0.00065465196869125,0.00327781441879662,0.000865696415336162,0.00183795497760904,0.00201105212534083,0.000792788140015004,0.00319033769722864,0.000894254961866006,0.00184373289409832,0.000621229206075327,0.000693427429111018,0.000645800865352555,0.00328471534640897,0.000763468077902185,0.00317003304199935,0.000799472979672428,0.000969515304651945,0.000727012598997549,0.000741099237828088,0.000814315676436282,0.00294289365488769,0.000777238875393927,0.000607413435421823,0.00327279764956444,0.000757107564719911,0.000690112831819215,0.000953622012216143,0.00331841792578102,0.00111685651979638,0.00266166906478959,0.00326817459028401,0.00206309658086757,0.00311874255534856,0.00207811606036078,0.00086073703255463,0.000862085511932184,0.000704286320936847,0.000634417255878907,0.000706463284263672,0.00344225170054789
"TT0061",0.00332697645229154,0.00282918686850302,0.00103883873800568,0.00309645826364144,0.000871674482315885,0.00354377281082292,0.000975109089745462,0.000886994592082929,0.00268319892916537,0.00299150982202125,0.00301131257080316,0.00304617620579337,0.00309884142282894,0.00298872685566856,0.0039355731357965,0.0025034090903909,0.00305585862533875,0.000901047244490288,0.00102285999853593,0.000985706645885959,0.00567600455789188,0.00104392005287374,0.0024567792789374,0.000970609661248684,0.00107335057707556,0.000892445326715018,0.00089701342458451,0.00105432062291931,0.000999923779144402,0.00281052329335893,0.00312485317225356,0.000946511704865733,0.00313738044816197,0.00368893386719572,0.00553341108573906,0.0029727893421769,0.00109866317760381,0.00109000317834282,0.00085658907337272,0.00105172396720295,0.00309181261304427,0.00546717260862144,0.00218406443531846,0.00278080521273965,0.00288336403250465,0.00293423584119356,0.00114091699661013,0.000898308474125813,0.000955997242036602,0.00329047690614009,0.00286607181437001,0.00493935348857467,0.00315188024749116,0.0020161805392587,0.0031522582103724,0.00113738029465006,0.00645150652848657,0.003895713133732,0.0010652593393219,0.0026528898948675,0.00312210543831839,0.000900305792038412,0.00090461914115921,0.000852701369824423,0.00515813361004034,0.000843323427902119,0.00103566005819498,0.0039481002136727,0.00512070818150368,0.000948459687154877,0.00187480727893172,0.00430728902853885,0.0028258781906817,0.00261765326124044,0.000979492279411869,0.00309018860395005,0.00292626029518658,0.000958956389602662,0.00102040258463639,0.00280883502765516,0.00297180452375756,0.00290836295231041,0.00288810345919464,0.00314851118274483,0.000950775345034802,0.00287036666749542,0.00107135381856998,0.00203663429787877,0.00103777956206355,0.00153325763559642,0.00106921922169718,0.000887960192936121,0.0069713284053369,0.0013829381959919,0.00406370518183825,0.00278722311306413,0.00107062111642885,0.00548240574030823,0.00101980186454352,0.000919906101332235,0.000850922895219171,0.00549329943782662,0.00303899286788954,0.000975890997784036,0.00304279033432671,0.000913573399839602,0.00100293187178078,0.00155163132649542,0.00339007685716847,0.003104499600749,0.000976853755974629,0.0037082345198266,0.000984649821047392,0.00548861022869443,0.00289628659246477,0.00369086299212645,0.00487970193653628,0.00472679800566443,0.00355746627815955,0.0033767980719839,0.00338443674059834,0.000989811570437483,0.00346680451360567,0.00343650743649239,0.000861620681066509,0.00371885423641843,0.00321132210634228,0.000909735905129904,0.00334530799509393,0.00120059000663096,0.000944714683579349,0.000878688783285622,0.00348382637909702,0.000817567411903433,0.00435195913413058,0.0036054018958375,0.000880974718496281,0.00352165738685981,0.0023918476965481,0.0011069093881382,0.000906976290663322,0.00314671489898639,0.00424174465719246,0.00327132698823426,0.000923606629910013,0.00354279238462243,0.00077761491553177,0.000852568500815014,0.00360289495553121,0.00316343332412509,0.00099936801247724,0.00097467869284073,0.00364882577216465,0.000871949790334935,0.000869323507143479,0.00830291479255111,0.000888913490424935,0.00311948283801637,0.00116169633098091,0.00114003077416264,0.00259179880668319,0.00358185765552781,0.00104669071500699,0.00320626709352837,0.00275544383917306,0.00308944884962897,0.00336388586593841,0.5,0.00324432270505021,0.0056570323810477,0.000844638594067154,0.00106255159880739,0.00595211405745975,0.00330859016776115,0.00108704091268361,0.00339462509139818,0.00289415754926233,0.000966680071970885,0.00341187136691763,0.000930011624122352,0.000955184137609169,0.00103738956421432,0.000988806276407543,0.00540281896428273,0.00106298085686301,0.000915270444622671,0.00093765505484058,0.00085720871341416,0.000867651683870277,0.00326979004857061,0.00102916799363177,0.00523344725722414,0.00320755001525599,0.000909227996779704,0.000971925184229686,0.00090003139921811,0.000890137035647202,0.00176894004324331,0.00367097435559985,0.000855792235254635,0.00541689933686474,0.00107474671514793,0.000864808360879975,0.00108726603282525,0.00353960194911265,0.00100493916791682,0.000878389294391193,0.00346837128260617,0.000873165755038195,0.00334561580850479,0.000807877099963603,0.00103299390140567,0.00104039130140784,0.00106388287037329,0.000985309540224354,0.0009746385062586,0.00582945500622305
"CH0006",0.00109647867711493,0.00111086473481506,0.00117760088519452,0.00139844782345734,0.00144118790323356,0.0013059261865589,0.00224955452453104,0.00320651799924643,0.00137269215700848,0.0030493335481248,0.00432531718125838,0.00310298913740415,0.000929880244658762,0.00194897011444749,0.000897816918254088,0.00067479569447618,0.00331406740968495,0.00113385008277729,0.00110297549840235,0.00216356140823421,0.00374524652235265,0.00314422356222709,0.0011449054586594,0.00164617804681542,0.00294801003250264,0.00105073483752459,0.00147878432553807,0.00224814145545863,0.00105635245540839,0.00203750906540281,0.000887073674826429,0.000969637857608511,0.000952339360723582,0.000825533900779335,0.000969843586417658,0.00288341159621941,0.00102577627009982,0.0035591876011149,0.00116451990940032,0.0012439644416482,0.00471742691657411,0.00372060497329633,0.004048296094605,0.00219214715166843,0.0013753588703855,0.0012030539342658,0.00121293436384613,0.00269709030385824,0.00844437035100912,0.00377924613514996,0.00802174318847274,0.00228480858557931,0.00113479354487613,0.00109941206803601,0.0012692032634262,0.000970504808309958,0.00118797500959873,0.00104547772054878,0.00101306396654476,0.00105558727653964,0.00099757429059743,0.00711246591820088,0.00877847250736805,0.00460601478120297,0.000970498489243376,0.00115819665678258,0.00284296748162617,0.00139511038414779,0.00328521489462149,0.0106191623689336,0.00143062737899247,0.00381018573954221,0.00866095889500281,0.00132171483451686,0.00104485403537801,0.00100539233607399,0.000900559612380064,0.00294905440992352,0.000771398006712023,0.000966086699446404,0.00179833460541337,0.00289899277510114,0.00101090467038482,0.000970812854823438,0.00118083476907106,0.00110039453319004,0.00110733265764125,0.00151111433481841,0.00193944524186045,0.00123745012911986,0.00126267383313666,0.00131772171084381,0.0034427926395573,0.000645422917467889,0.000946915458898708,0.00105400727082703,0.00874382096863491,0.00330757733892681,0.00312160196620691,0.00646230654325506,0.00223175960699017,0.00444908769259134,0.000911355795437088,0.00704915361654222,0.00108489173933594,0.00677905265539899,0.00127280907389803,0.00247475545079692,0.00710747354010717,0.00111868546780678,0.00121149092103778,0.0015861599836859,0.00208272403427564,0.0035829919092836,0.00319698096526884,0.000876488793364818,0.000876752642867873,0.000845995933027645,0.000829441433226704,0.000862322800372407,0.00096285701866908,0.00103159702843159,0.00121865589856647,0.000747366407113513,0.00291269111832333,0.00153580955847907,0.00233317939828586,0.00124558248615778,0.00117561545242237,0.00232340581398795,0.00227228184030227,0.00145923834763185,0.00301728767073955,0.00254665294740513,0.00109180208372354,0.00201739458932316,0.00300595688911886,0.00135470581451148,0.00101445224209006,0.000970865905194383,0.00101697820253253,0.00121079822531101,0.00115836377028456,0.000954947000312858,0.000994578804448496,0.000792037706926669,0.00164969898480458,0.00631823129726778,0.00099473193717936,0.00106667759462732,0.00162238363509669,0.00127082913960661,0.000980786699027619,0.0013560588241371,0.00160708226959234,0.00337470189751826,0.00133795819765093,0.00526524665431519,0.00093777813636598,0.000917648090101378,0.000891572066703379,0.00122666986976787,0.00271632364139044,0.00358837589943501,0.000867563887427212,0.00110929416071005,0.000735809269983573,0.00324432270505021,0.5,0.00308433776425243,0.00625370797967035,0.0110795492909922,0.0094035267025496,0.00155595701777707,0.000919597150257666,0.000892703695628599,0.00102175374814641,0.00590439548380684,0.00199178917545556,0.00318902555703883,0.00103258224836518,0.00195843470333743,0.0012758409769173,0.00183398409068724,0.00096533604962493,0.00119805401554806,0.00759417413145086,0.00218559318238792,0.00158734123647728,0.00203604645681911,0.00122727062824676,0.00213547235087197,0.00419790007453293,0.00142689688410815,0.00544867090031953,0.00135258446616408,0.00204137069804023,0.00108478403336455,0.00385367275302652,0.00136325293752858,0.00111604537200902,0.00133710592086057,0.00122878046883457,0.00331543037009372,0.00204871380509489,0.00188461941879056,0.00102609262802144,0.00106585840730672,0.0011407234487803,0.00105884535246569,0.00124075476379107,0.000997390873529122,0.00133398378592058,0.00117246055911957,0.00762623116881617,0.00699964242560624,0.00329760696048698
"CH0005",0.00336626863734852,0.00294885284201972,0.000837999379251097,0.00306886297368089,0.000776527042668484,0.00258242657096051,0.000899651615478568,0.00102767315626337,0.00321811577732727,0.00407041491079166,0.00297066101151806,0.00327445058453543,0.0033077982024867,0.00319197716088466,0.00315582364903463,0.00152367022820083,0.00325774594838415,0.00110545842041585,0.00100465100087437,0.00108905319031892,0.00571803648261346,0.00115260981302938,0.00248330772856016,0.000931142361628083,0.00300138295132718,0.00182163462143547,0.000909540796945812,0.000917776690062875,0.00278325431745553,0.00486054729463106,0.00333697452380643,0.0011579402171228,0.00524117055092754,0.00488357122255626,0.00306790091960336,0.00493717604734501,0.00279942353365283,0.00184135699143237,0.000823909977761291,0.00105940504878167,0.00301737696623241,0.00551595661147287,0.00209739113701177,0.00196983258509018,0.00360105104307941,0.00296189295758136,0.00100943492849389,0.000881520068736159,0.000918655224769069,0.00339286959413759,0.00518153390496354,0.00491389460132088,0.00323002625897831,0.00107387201896425,0.00322724263880126,0.00100992122909089,0.00289357779900711,0.00107251292208871,0.00101970280152192,0.00278071360936079,0.00314428479448391,0.000824602132990595,0.000845214515829397,0.000726914183332556,0.00318595308005056,0.000834986298350939,0.000915051647614742,0.00307958932853148,0.00457850544768087,0.000942943607302254,0.002593562962625,0.0011554116550992,0.00100515713807386,0.00263019721673782,0.00273206093773658,0.000916384180273254,0.00504475475655127,0.00105922446488635,0.00279037720587788,0.00113293833914626,0.00506162622933029,0.00406808329388284,0.00485839254036055,0.005386784120944,0.000945500721345062,0.00294235000296078,0.00103659441951826,0.00311065720582959,0.00102288980028905,0.000928609649409207,0.000984140977723591,0.000830315045958699,0.00178419848082636,0.00281849899648905,0.00328727608712862,0.00288067079698315,0.0016884787539414,0.00574238716854677,0.000945532936640712,0.000793038443312518,0.000866695636069898,0.00584662270075696,0.00518215550629209,0.000781268407520183,0.00321540341910812,0.00084667641655161,0.000888767314519419,0.00259479553831813,0.000856532558893664,0.00327229261975854,0.000913521027398836,0.000954962321339846,0.000827868750142386,0.00524416235271618,0.00400742337775289,0.00490669714280362,0.00311176227840594,0.00403203697178982,0.0037590823803198,0.00522636902409573,0.00360557530282713,0.0028524418708248,0.00349621343087751,0.00513159989585832,0.00258991822225015,0.000878332331708194,0.00112126257329918,0.000896021302504129,0.00332273644292737,0.00192180130401861,0.000963578569134963,0.000767754928117498,0.0035426044938157,0.000810169273031431,0.00531945737368754,0.0036091933872926,0.0017055475511358,0.000800720110278888,0.000900380670129476,0.00107623169411252,0.000826904664738872,0.00324699254750832,0.00358275453801631,0.00337352575704751,0.000902264746766256,0.00372683093660605,0.0007503531852585,0.00156674816706887,0.00371678448563319,0.00307559055271374,0.00116152930829192,0.000848257775058584,0.00460131235490047,0.000855495711297043,0.000905420343506225,0.00560024784828059,0.00151086803995682,0.00391946141653601,0.00126357538375639,0.00290298576683898,0.00101619115146662,0.000896508910883891,0.000976472001078481,0.00303419477203322,0.00102389226934192,0.00322235824637821,0.00505829497774467,0.0056570323810477,0.00308433776425243,0.5,0.00084482195215453,0.00094406311622042,0.00107186747836824,0.00328172164886399,0.0030534293176245,0.00347133950154742,0.000964722510082636,0.000862029845799081,0.00428638341963952,0.000914631116170146,0.00090071956649664,0.000990770111847093,0.00183629502856802,0.00541103836890304,0.000975254821339241,0.000903502045351325,0.000783117265057632,0.000861701640140666,0.000716861195932516,0.00419430264959678,0.000893944738123817,0.00437544720482619,0.00119193842468351,0.00105501918684714,0.00178417364989927,0.000820605797234844,0.00084253587613048,0.00287315932208076,0.00328728940275526,0.00148626052698604,0.00450102265653096,0.000951647099578085,0.000752252509914365,0.00191599566427356,0.00356001342445478,0.00100801609503871,0.000976991917239273,0.00352649958882012,0.000925445241211391,0.00339488470298621,0.00253678303807982,0.000977942810438711,0.00152030936518372,0.000911556201419937,0.000797488096791174,0.00166670104430356,0.00639186124830973
"CH0004",0.000999129626792081,0.00440226695485166,0.00123660659106723,0.00117559359563817,0.00163261257840631,0.00116788255733622,0.00125333623132636,0.00215270415890082,0.00116166383705324,0.00122987775164752,0.00232205813999366,0.00210780076639726,0.000912719829264942,0.00101022008301355,0.00083272541955816,0.000755586054551812,0.00334434441222848,0.000899309506806985,0.00108298791707394,0.00111808482748357,0.00100633203819094,0.00117180080697979,0.00398297733193833,0.00474949348220242,0.00140577346591394,0.00410900895507873,0.00221122810255968,0.00310096344358371,0.000874884063439327,0.00414703635312655,0.00101365817028538,0.00406942539924297,0.000903244914149058,0.00083282159842126,0.000874094226847924,0.0010151543246165,0.00107528579683052,0.00125641325009894,0.00127982085206556,0.00118800627198709,0.00371628535156085,0.00107640303268244,0.0021163014275984,0.00198657476639468,0.00109953525506693,0.000957939391304154,0.00103123553638342,0.00862998987942744,0.0058945858257966,0.00360488511397596,0.00632771803812961,0.000931320715231235,0.00241577510523145,0.00119835356391611,0.0011173139664437,0.00105106086032438,0.000928827396538421,0.00107345355593925,0.0010659080981425,0.00433420392267017,0.00102414545580645,0.0056887600987191,0.00429891898898267,0.00547226587143181,0.000917319956767487,0.00127258048191193,0.00826466155258293,0.0011495063375085,0.00114267646079127,0.00640804318733628,0.00280220111301152,0.00415791106432531,0.0040225484941404,0.00175021850795582,0.0010300565304057,0.00376619027228721,0.000975861630004515,0.0061470019181787,0.000899065228682952,0.00104493619782335,0.000933199769086771,0.00209308772917724,0.0019363491936156,0.000957933046610124,0.00125620752140494,0.0040225455130844,0.00122512702962689,0.00173130042516374,0.00457711552276,0.0013166645756441,0.00223616622365365,0.00310674184790057,0.00108420057133227,0.00074587534807372,0.000903789394171013,0.00381387222045503,0.00316623897941565,0.000964559268186949,0.00607802843259374,0.00734735183091494,0.00485502461605346,0.00212322959865414,0.00195790407069277,0.00458921226215803,0.00202209073445139,0.00471244879693882,0.00203572599712639,0.00539175498781332,0.0044376626608676,0.00120422844470148,0.00130209162969782,0.0023222188377044,0.0012190935717408,0.00106170653299138,0.00129754708274672,0.000849202877925576,0.000835618308615513,0.000810797172254792,0.000812900351510722,0.0011348084572179,0.000919010087798127,0.00112512169489648,0.00204065153105265,0.000744781040629281,0.0022119979402573,0.00271162390345711,0.0022746371278587,0.00135437454599761,0.00100723984879255,0.00132648017967282,0.00513406599651592,0.00145252991215531,0.000913426735347626,0.00534385607168579,0.000839455632798854,0.000936007702394934,0.00536780291152515,0.00121109603032373,0.00428847821884706,0.00103679378018802,0.00401021395693056,0.00204610893725036,0.000912439723411156,0.0039451198832769,0.00440708329120819,0.000738631341525982,0.00248947712282644,0.00453277288572147,0.000861925079541467,0.00102471716933996,0.00121729809941178,0.00221763775428508,0.000834313498247317,0.00651017230065946,0.00458149529935245,0.000848269799439023,0.000981946463667865,0.00304207354506982,0.00103052219630898,0.00114035397007749,0.00107505825411102,0.00114238521207322,0.00532219027274519,0.00114794725251023,0.000942977149372086,0.00112190929179766,0.00163659793614024,0.000844638594067154,0.00625370797967035,0.00084482195215453,0.5,0.00396934556733458,0.00408168903802203,0.00154722941221671,0.00107434533245713,0.000833047654484006,0.00113920356502978,0.00623393291523767,0.00107891066934827,0.00333994935431248,0.00402929839559833,0.00217825743254304,0.00145000697131648,0.000832134429465321,0.00105574132499397,0.00444362362543203,0.00435932493001044,0.00237861430964479,0.00181853285699992,0.00194252316157025,0.00122117559764969,0.000868666146163114,0.00101246593554701,0.00132872514679338,0.00722617678449149,0.00141598268750836,0.00524151028565808,0.00140460552950255,0.00127621024060357,0.00101238308708281,0.000852251031380607,0.00142870632634807,0.00125124997552841,0.00228885500938014,0.0019815171532447,0.00448093992510072,0.00419774367451033,0.00088601029174679,0.00425920807723841,0.000867326230299455,0.00403368680816455,0.0010928766140038,0.00126596635855529,0.00116048808704064,0.00436805717712342,0.00494572039042958,0.000884022742117027
"CH0003",0.00106457354010673,0.00125533041992132,0.00150265875438694,0.00240582248894594,0.00159690056417351,0.00136525905238183,0.00331519408077272,0.00119399700711393,0.00502239559978036,0.00192602425597403,0.00250645965932626,0.000945313969119866,0.000823661819093665,0.000866299017549163,0.000793305483359559,0.00061130628454674,0.00202387809590513,0.00136126859663047,0.00112366030395021,0.000972874290664076,0.00119062772496099,0.0010309947057072,0.00117440165592432,0.0016257289079527,0.00115186548029797,0.00109951755652125,0.00540870001658954,0.00227700767484299,0.00209884132370074,0.00100641234609007,0.000765942891496168,0.0010825518716548,0.000797620028645672,0.000727453282646241,0.000830869629269358,0.000794124979862065,0.00108442898027039,0.0035680921131443,0.00131739326238267,0.00129583942187653,0.00157134321094429,0.0024853649981039,0.00246518672362646,0.00101560550661539,0.00132234928676357,0.00112051568616445,0.00124316791379519,0.00245123402695592,0.012364193429043,0.00151211476047993,0.00730289333829778,0.00116937115860877,0.00126479979329741,0.00215443852418467,0.00338703681743724,0.0010989299885901,0.00104977550651759,0.00104597141856702,0.00108835605735054,0.00102753075279809,0.000999419301309838,0.00749592425194195,0.0102058089942948,0.00311637816264401,0.000803677347622442,0.00131119139832627,0.00248288509909734,0.00243268341963609,0.00129173751906888,0.0116269008732373,0.00130113172401066,0.00342887766002221,0.00700300170079267,0.00132783316859946,0.000656921564128649,0.00105636513069431,0.000706658092277795,0.00115920418214542,0.00083298254726696,0.000977271287918789,0.00073745457037849,0.00087880370176565,0.000776315855860516,0.000864356950547824,0.00168168950220259,0.00209674151073087,0.00124698936048537,0.00111220093130064,0.00228384530308806,0.00142946787095444,0.00252197315280504,0.00321049144329504,0.00308260141027968,0.000521888013654698,0.000871547339656637,0.00106546647853839,0.0108924555212158,0.00116556163683929,0.00266020370843326,0.00670708374837037,0.00204132297858219,0.00232085240031041,0.000716895508829338,0.00643591065856209,0.000869804146509194,0.00862749005134446,0.00428491312026258,0.00219271657502714,0.00640029124506108,0.00111912637604911,0.00241119299295419,0.00136533365023217,0.00323591601148603,0.00138907278444899,0.00115738285646904,0.000739346554707341,0.000770127064905739,0.000728658417743799,0.000717147547109898,0.000775587396292288,0.000941041159290041,0.000988353922101355,0.00117968287805858,0.000652105894934401,0.000927255092713725,0.00181791035343476,0.00354619797743451,0.00218093488166533,0.00122121050691526,0.00437346350691037,0.00200763267922982,0.00447710645590115,0.00103033027554458,0.00235554011917656,0.000890602941567056,0.00408732525443099,0.00214988848305212,0.00149226418809806,0.0011483784811309,0.00214069475753173,0.00111040503245325,0.00122715583037715,0.00357087299581923,0.00192651794707893,0.0019725350209958,0.000700082264685172,0.0085564168619967,0.00570755150767338,0.000948939362740642,0.00108563113448728,0.00201076314456013,0.00142145561907487,0.00179729085131317,0.00138348693988136,0.00250009769003789,0.00191688053590465,0.00248540570388396,0.00225376998950604,0.00101685832300231,0.000854171043821624,0.000923577516989996,0.00128216791141428,0.00211964639804141,0.0046945877089547,0.000914886215775916,0.002122412204555,0.000608859887276043,0.00106255159880739,0.0110795492909922,0.00094406311622042,0.00396934556733458,0.5,0.00658438159187188,0.00116451337375414,0.000947379882029996,0.0016364328459304,0.00109334455659624,0.00623705660551498,0.00207005039248834,0.00226470349749812,0.00219058102129418,0.00204435672845347,0.00338613357552533,0.000887265485456301,0.00193248164951986,0.00214581952473093,0.00695499604728497,0.00240375816839513,0.00627887537487883,0.00116357965748002,0.00242482756923435,0.00303565281829148,0.00148484379678885,0.00205808031683139,0.0041534120182587,0.00426985688613189,0.00224872616683186,0.00109784261447517,0.00438449515821911,0.00429432946207139,0.00192144979380884,0.00332903357402158,0.00140449107105353,0.00138641851550166,0.0011524851422915,0.0012657736695317,0.00114525329626402,0.000961879415974307,0.00112734876296867,0.000931438544098132,0.000879204442298424,0.00108033886417665,0.00149858461730165,0.00125835184835702,0.00702251816309028,0.00801362000437768,0.00204184651104746
"CH0030",0.0012052496040335,0.000989734323346345,0.00125384840566749,0.00134982264513855,0.00143041131323432,0.00317632940492945,0.00130688088883598,0.0011614205850851,0.00123596323474927,0.000986552578838063,0.00140008689099182,0.000994769248788202,0.000960176459973056,0.00101527439001302,0.00254948316172929,0.000848513477982003,0.00102945175774886,0.00273430926969025,0.00126975904716738,0.00338157941707411,0.00221671453273116,0.00373227335301199,0.00109525958761914,0.00163197514788227,0.00166818246118589,0.000921542314156902,0.00125930273929053,0.00124635710512393,0.00115958404717718,0.000959368137436536,0.000904788694908293,0.000874636247268711,0.000944544689118618,0.00141763556903596,0.00393479389583074,0.000913816882887908,0.00187350515576176,0.00315867783942152,0.00109446354644086,0.00127983388307937,0.00347470456683484,0.0035622280797896,0.00324591783785774,0.00288323239010906,0.00337547221071265,0.00314227812492162,0.00326991047615621,0.00266045750265692,0.0065722761808383,0.00132576353638772,0.00568743568637654,0.00343914210791636,0.00113112855232667,0.00119098848982313,0.00123357622305509,0.00120257443946144,0.00892742553663794,0.00453567651198426,0.00110155036587828,0.000967968919545491,0.00115307533620285,0.00661161596158266,0.00685777918319881,0.00422910120694185,0.00323575045827157,0.0010940757196145,0.00380479652186889,0.00152529211981598,0.00342702263332062,0.00736423007736673,0.00231284312008541,0.00606908088384035,0.00958139153180707,0.00123477686657514,0.00101425714147391,0.00330398399790075,0.000828433815278718,0.00120538470138191,0.000880889776792307,0.00257534130900127,0.00088300343792262,0.000869486709443899,0.000852703897820506,0.00101234175015766,0.00107692225270101,0.00105718919277097,0.00112137789472779,0.00115397633406702,0.00204099081365963,0.00121174155123998,0.00126125561085299,0.00123087967456894,0.0118309013619368,0.000701326668549857,0.00187303810696971,0.00100768660613651,0.00908272887542144,0.00129288493619079,0.00622441899411045,0.00603870331508494,0.00213329084845278,0.00122431459359696,0.000856815059304583,0.00677415536852665,0.000910939817562455,0.00631085685573691,0.00124422737300527,0.00294954029498534,0.00941682504492133,0.00113720058171421,0.00113549389059822,0.00686428151483673,0.00135061670503433,0.00347406990000426,0.00101820990882621,0.00145203245946445,0.00256989923309525,0.00168509364772922,0.000853182090802705,0.000811334384164005,0.00089215179913757,0.000906256127535184,0.00106433912243937,0.000888203054473594,0.000974104878875576,0.00545538533028302,0.00130333282097737,0.00113648363796029,0.00117857941335387,0.00141340320595826,0.00221005987769218,0.00142024330876499,0.00108253524357502,0.00245381830449969,0.00282677676385393,0.00118895848233435,0.00104665161967584,0.00628732414982825,0.00105763590103387,0.00107516923638428,0.00155811839233628,0.00100902558306288,0.00108011835419427,0.000870628355797757,0.00097541931478347,0.000863491063178326,0.00134916128804797,0.00585096012728854,0.00112338343914349,0.00209140421978024,0.00128221968982903,0.00133868183894628,0.00105183899744331,0.00132642469952326,0.00148646835469421,0.00780448103524942,0.00121812766709102,0.00310925783232863,0.000946032792360568,0.0010367102309446,0.00170617628109386,0.00457976111381724,0.00234112406823973,0.00319882639103812,0.00261169031185003,0.00108590255640723,0.000778363304380677,0.00595211405745975,0.0094035267025496,0.00107186747836824,0.00408168903802203,0.00658438159187188,0.5,0.00116062949491863,0.000835537144094985,0.000985836833260756,0.00319362727790682,0.00571835119125646,0.000967833002219525,0.00116048163554429,0.0010161273236181,0.00105014198476613,0.00113876839067706,0.00102757739569458,0.00105426932865033,0.00102719565025819,0.00708123921421406,0.00119227975840892,0.00154477132480321,0.00103978128970663,0.00132394405949651,0.00206079333148892,0.00376727000986583,0.00127051322407252,0.0043839298141086,0.00119149553847777,0.00107711118883281,0.00174338417703321,0.00344064476992437,0.00128141890775846,0.00111149873538449,0.0014122242953785,0.00125606314557053,0.00127109718854555,0.00105572925662748,0.00196325652187629,0.000908435971520262,0.00281434658531351,0.000933930642798917,0.00290088408211875,0.0010416698245493,0.00122558460496237,0.00122010759488864,0.00124139087648403,0.00708667061014715,0.00647922575247842,0.00113333110957589
"CH0001",0.00304218046016549,0.00273989562320924,0.00138600915579718,0.00791469576220599,0.00364455854679166,0.00547737078363385,0.00297160800918809,0.00300394836307158,0.000831541008594602,0.00275456586902284,0.00197101333682025,0.00280606489833831,0.00280465591019991,0.00272856306685389,0.0026950548015859,0.000947265196725191,0.00288420440473516,0.000794936020709993,0.00105417216831925,0.000869990600868685,0.00282803748207132,0.000877438370316444,0.00561576746701266,0.00123942119451605,0.00112845057065045,0.000832857636501828,0.000860550997474775,0.00366990610125395,0.000780105735926307,0.00267880966872894,0.00283738675441925,0.000833409839548,0.0028008618296743,0.0026746303324458,0.0027214943351606,0.00271496815208355,0.000933718189774312,0.00166244756838953,0.000996202916521772,0.00115786059024909,0.00124531126277523,0.00288579677376209,0.0011738030369111,0.000931944427628922,0.00343241842184844,0.00269538184902545,0.00103159356803114,0.00118414256224092,0.00105173933981762,0.00325492699313608,0.00113018051527614,0.0026222960571598,0.00302568979761422,0.000957586188243208,0.00304535358717584,0.00167320092706594,0.00274987279808755,0.00101302748530318,0.00084389361199053,0.0025437526030943,0.00304011892191577,0.00112164816615423,0.00108355990355946,0.00207817814341571,0.0027711784312754,0.00100841176714123,0.00102328939555544,0.00627348991394865,0.00537460046411609,0.00233726823233645,0.00190688970525037,0.00131891435038801,0.00105126754144691,0.00722733500009204,0.0008382770970173,0.000989346336744145,0.00265241264374224,0.000806744792418066,0.000940411862113671,0.000956668158003753,0.00267885576533028,0.00271226614781396,0.00267738136377953,0.0029441594827274,0.000871060485728396,0.00273999543702829,0.00104535212104553,0.0093083552633197,0.00109320430332201,0.00224625459713782,0.00117213095509054,0.00250651868496905,0.0011076944213319,0.000761088119029196,0.00285522166575867,0.00268713726527766,0.00200405749693877,0.0027389648567106,0.0011145179165088,0.003428484253264,0.00108602958716511,0.00296919584713663,0.00274800350099991,0.00160944653218021,0.00281446613303782,0.00103986961394329,0.00402579955203651,0.0011231404631957,0.00338828523105984,0.000969448602619243,0.00118792641328685,0.000978385823509631,0.00531060641308704,0.00305081967905268,0.00282959702824444,0.00266379285916277,0.00271168605531181,0.00357899447052853,0.00324246383593825,0.00318132194877882,0.00326338201374026,0.000826506033297619,0.00611683014537752,0.00309272191942746,0.000869465035438153,0.00340588179783822,0.0011964302010733,0.000915059867924102,0.00643964255494845,0.00105358924264795,0.0012841789029232,0.00260887470440227,0.00328638235112987,0.00178919681165564,0.00313721570749946,0.00520193898251169,0.000863802984278879,0.00368484112228926,0.00176676586537291,0.00108583950186846,0.00115519663503961,0.00313699254749459,0.00318115722994506,0.00315628938023032,0.000925929843488011,0.00324420632419053,0.00126543179452438,0.00111197287742635,0.0033915096490124,0.00925714702077828,0.00106658554389262,0.00854150851695959,0.00335248509427717,0.00179465694599011,0.0011482884942549,0.00364436686440529,0.000798204930269298,0.00154007678477821,0.000931275203534291,0.000876127495787521,0.00106228204747834,0.00337655594673921,0.0167700847161261,0.00111247003495903,0.000953697715269351,0.000944240038605342,0.00305266436490066,0.00330859016776115,0.00155595701777707,0.00328172164886399,0.00154722941221671,0.00116451337375414,0.00116062949491863,0.5,0.000848959262246094,0.00311189353302451,0.001897714314109,0.00313568430409431,0.00327194290607065,0.00101819050366465,0.000903471408055802,0.000952890242973593,0.000807693741859862,0.00314158131189407,0.000900249003850751,0.00091164214586823,0.00444619636002495,0.000920489022091813,0.00278100642419236,0.0032716369795973,0.00357111365687391,0.00413643543689374,0.000926436890255227,0.00310454800445829,0.00110259612687743,0.0010142314255848,0.000866313487362429,0.00118005216265263,0.00112685114052114,0.00121373972667047,0.00331735421603684,0.00354995855760782,0.00219694989148922,0.00103129084068876,0.00525797353520936,0.00104020386392204,0.000806418231021174,0.00324763330605916,0.00102901385278802,0.00311475652356183,0.000848695136301068,0.000982877163879659,0.00298818353266362,0.00114395465652002,0.00241158827584748,0.00351701174721007,0.00342294298390913
"DU0066",0.00147018969272196,0.00132132965027409,0.000882075322073681,0.00114534916842385,0.000896763439240219,0.000997734703947083,0.00576086972080296,0.0011321527438701,0.00732784892400626,0.00395696939890466,0.00501294135518946,0.00400871622656377,0.00432058218813814,0.0034328628879172,0.00418395132783776,0.00601991924168383,0.00176352656935746,0.000835500355289434,0.000836860527085864,0.00101013237360547,0.000997267772236989,0.00102839017388377,0.00117177035850289,0.000825134165759257,0.0031532953007164,0.0041637008155025,0.0055065821881555,0.00274862623319703,0.000903035458049745,0.00353700202204609,0.0032719992534341,0.00862380472384852,0.0037812186929451,0.00369980362659497,0.00381627131394921,0.00371102255353593,0.00910364198447702,0.00528140440324759,0.000878739022404714,0.00547608464248708,0.000949473832596306,0.00114896724726025,0.000893823971127186,0.0011373846459982,0.0010276621938329,0.00100454988954845,0.000816497599043531,0.000843069930860459,0.00120832823274792,0.00129171848677333,0.00192310538136482,0.000954622035439146,0.00129053209671173,0.0014721965914801,0.00112254067238814,0.00115492715601835,0.00123995040476898,0.00147606142396808,0.00290823973238192,0.00124787921682518,0.00120430692601639,0.000967241616852781,0.000987159929704844,0.000911066933455259,0.00285944499463972,0.000888155799380375,0.00201628563668829,0.00112627425133198,0.000945966873936999,0.000990971813602514,0.00130976629196042,0.00102783404446654,0.000775149792726804,0.00150436822009325,0.00428202910386825,0.00121576691133451,0.00600820257096346,0.00306655100897243,0.00554817174381334,0.00837212317735003,0.00491828425288534,0.00378007441343097,0.00475093679601895,0.00382134062620044,0.00392123816746769,0.00110625457593028,0.00118086024351506,0.00111521244703016,0.00101926262792258,0.00589098136721088,0.00537759186437581,0.0038990315507632,0.00258013824231699,0.00661423963948939,0.00176896387941102,0.00115452261495435,0.000954129363907484,0.000999941196538547,0.000778170312982405,0.000769673837176582,0.000882480680534398,0.00120993939632849,0.00647776454875086,0.000782955151344673,0.00395005291107355,0.000850479368648205,0.000808589129631879,0.00288146031975578,0.000887952094987905,0.00158742036690987,0.00545753358464182,0.00179959414056951,0.000821370696229875,0.00112347945806556,0.00343930616068458,0.00589024534656792,0.00391918797315467,0.00395294897602185,0.00365696772404719,0.0054939558954403,0.00234557794608055,0.00775514125322442,0.00103974498866967,0.00312600744569761,0.00223598417560012,0.000986692754943124,0.0044365626039777,0.00285838052792906,0.00101595161793323,0.00176126740335237,0.00247229983586233,0.000873752024550393,0.0019293375933751,0.00155366687451027,0.000952602373836723,0.000996738785368349,0.00425164273374147,0.000792244045630123,0.00123638084017636,0.00110373235159462,0.00111922589589788,0.00167427820852334,0.000974572540061034,0.00114645554237797,0.00111949221341322,0.00566602214748689,0.00308767605907815,0.00170511885830048,0.00102845776581773,0.000837195993673529,0.00218954376470864,0.000774766157372519,0.00104499792912677,0.0010828554150359,0.00161030923017828,0.00102012644050504,0.000818151419482962,0.00441695680178157,0.00938530820799112,0.0036337580359208,0.0028082718621965,0.00155568122213178,0.000732755308993366,0.000860164020605344,0.00147881837360137,0.00752895480180223,0.00435923987533986,0.00108704091268361,0.000919597150257666,0.0030534293176245,0.00107434533245713,0.000947379882029996,0.000835537144094985,0.000848959262246094,0.5,0.0010539776526645,0.00111144574445756,0.000808702273717481,0.00202356734179348,0.00126527394928737,0.00128851472998364,0.00139888840326597,0.00229939744881254,0.000915614637407526,0.000987535536356621,0.0016360821794478,0.00083921997879103,0.00426508243364096,0.001305122174304,0.00200711689064545,0.000855942986758729,0.000951573190404251,0.00093605184967146,0.0011220201609385,0.000938394470998692,0.001074125018442,0.00298979397064472,0.0031624605888816,0.000849237236549393,0.000786569125963051,0.00104635574323123,0.000859691306826578,0.000905958620892795,0.00403379993088632,0.00103803005231101,0.00117252334837062,0.00702043949648604,0.000972180736014838,0.00124236245660026,0.00093928922228517,0.00217396473787822,0.000953745715107853,0.00496256196306981,0.00244147646212166,0.000875992102974883,0.0009189776779377,0.00105866848713133
"DU0036",0.00661430808807261,0.00277097424652089,0.000997263081677456,0.00292259231782999,0.000781703732816446,0.00246466540104187,0.00073571255011517,0.000857422519220888,0.000988362816190636,0.0029558145410481,0.00082256889996095,0.00296485222913773,0.00300453949564844,0.00551724202192347,0.00301478846001148,0.00104574474250154,0.00295382331684764,0.0029892750342745,0.00275400572500167,0.00257553694284981,0.00406940209370627,0.00270551908344272,0.00234982330277307,0.00280504189583253,0.00359905627096626,0.000855202108495271,0.00166822237802143,0.000831333118855951,0.00466028402291259,0.00277973450747194,0.00307403043866054,0.000899225007333855,0.00322702586960105,0.00395697852637195,0.00391516497417513,0.00301627003806931,0.00109899130795225,0.000716768536923249,0.00257073504325937,0.000914217131124179,0.000980746092528696,0.00303394820327762,0.00116951015554828,0.0010738945828007,0.00260932138658794,0.00460535073003445,0.00280984546519904,0.00109900326069117,0.000828094078499999,0.00315473128584604,0.00301661721979204,0.00449532710185589,0.00414419691247058,0.00212270906345123,0.00301367544471048,0.00440516850598048,0.00559874595418231,0.00393264217539983,0.00601543298940776,0.00281952961229402,0.00552812076811329,0.00169806896254787,0.000825980436446203,0.000741446369295835,0.0030611378894713,0.00262023444587004,0.000854014943221025,0.00293487672225152,0.00252789602472897,0.000858197615081721,0.00092265735284701,0.00107728603774111,0.00182992327296433,0.00252170513072727,0.00189030658054632,0.00102386093638395,0.00294825860927693,0.000907948783985627,0.00211742884173532,0.000991194259490623,0.004002333765843,0.00285789591945767,0.0028785349826105,0.00316109686409433,0.000821620207190257,0.00385479213630704,0.00221339645866144,0.00344228161454745,0.00393879158608428,0.000871489362522768,0.00183872336782385,0.000747244184760918,0.000962430768620456,0.00100909011768749,0.00327409942523825,0.0045656911049366,0.000846162075086193,0.00392179159453943,0.00268405609032557,0.000813069439947541,0.0025402488535902,0.00304139720944289,0.00302014132159211,0.000769803457959565,0.00300023248880919,0.00251404920332181,0.00101270392627634,0.000955086372875427,0.000838123646831716,0.00364078533499675,0.000836379733762333,0.000956901589108527,0.000830297651748783,0.00289765145510603,0.00288717928904707,0.00388126850808538,0.00399993255504763,0.00380742219420695,0.00351363325499076,0.00332373640739935,0.00333875468485341,0.000976576419493958,0.00329167315795928,0.00571092479648708,0.000886567819371992,0.000921609208214193,0.00103588770416677,0.00173861880286397,0.00315076121240554,0.00107402684016578,0.00094134755478564,0.000807686142098399,0.0050579531375433,0.000857473102196616,0.0050433761988087,0.00348172528448162,0.000778138028986436,0.000961583250529575,0.00100273425005081,0.00474373120040332,0.000929641498250834,0.00308999102692558,0.00504678880274204,0.00397992472033101,0.00193532941220819,0.00349521525454964,0.000739794115652052,0.00083443290669883,0.00451422651204324,0.00296465356849335,0.000967945138720605,0.00089858255027537,0.00454238488728199,0.000871824197716275,0.0017826559483448,0.00329395798481526,0.00280829784326575,0.000921653686929491,0.00112272337219178,0.00402331041970067,0.00213648152459943,0.00094620797151399,0.000977216028411442,0.00112339206132799,0.00214879890159543,0.00414728233758884,0.00328753927063745,0.00339462509139818,0.000892703695628599,0.00347133950154742,0.000833047654484006,0.0016364328459304,0.000985836833260756,0.00311189353302451,0.0010539776526645,0.5,0.00393033791350843,0.00170082580510735,0.00333270133290196,0.000972261291994639,0.00184903348342265,0.00327260234713077,0.0037527043737684,0.00676840127175364,0.00304858987661028,0.000925422412300338,0.000728138561004195,0.000799964747566826,0.000684164044423847,0.00319751384254931,0.00210820308717672,0.00339079328863583,0.00197169660744824,0.00100464436483432,0.00331333532418797,0.000928194665082179,0.000822690488045567,0.00117855173548704,0.00117757872134185,0.00150485992970182,0.00431481014209917,0.00202127903047155,0.000904483762364277,0.000962420205859854,0.00333151724393396,0.00374194562022109,0.00244121621356667,0.00510380978192606,0.000962441904761533,0.00414464657744192,0.000983611123755455,0.00291972681544883,0.000823243209092914,0.00185343354238134,0.000793529556851936,0.000798519036382884,0.00536566919887273
"DU0037",0.00472553841178198,0.00112830744634773,0.0045489952185681,0.00136578067740186,0.00193740315792216,0.00359946187878961,0.00131568500565585,0.000815572455506486,0.00102897018321676,0.00107921927854093,0.00120719322701244,0.00109407116680286,0.00104394876370436,0.00392827256580528,0.00221150859054066,0.00300387276203964,0.00105500207155441,0.00116326597886874,0.00127723730624211,0.000756896667620504,0.00202451687484299,0.000760881487203878,0.00404576098043844,0.00109759340149414,0.00383894851517692,0.00144063318155386,0.00112689564669259,0.00267454239627558,0.00354685326852827,0.00110559035735071,0.00111832978831562,0.00113639705397228,0.0022736512622846,0.00222764224223252,0.00406692614237503,0.00211181261094888,0.00106653420738569,0.00123111509478542,0.00377678442377755,0.00126484094838987,0.00109788076166925,0.000984175853151942,0.00170294569549023,0.000790461011669939,0.00199449699450776,0.000925091516647564,0.00268735110757015,0.00114825458106556,0.0010777336426857,0.00109640080796907,0.00317811573550664,0.000907131387469228,0.00114457682399179,0.00470423176909385,0.00102407822752659,0.00598290668396417,0.00697292678178049,0.00999164848886633,0.00444756265649394,0.00108891170795137,0.00601833392434586,0.00104496101388466,0.00102134441264376,0.00295252600777687,0.00222783803887612,0.00146211731864137,0.00128521022912698,0.00206761965984794,0.00270086523275836,0.00113686759021636,0.00129796622955158,0.00216814138547859,0.000927326716438627,0.00437792523186051,0.00089075098474281,0.0069938469288791,0.00108240445741799,0.0015377140687121,0.00268568873659,0.00213495582816456,0.00212330180099739,0.00103730705961176,0.00105729943694942,0.00105568235941634,0.00135112421976235,0.00110023248778693,0.00175048298931673,0.00820686882282692,0.00406519954931057,0.00185370147665975,0.00128891649752215,0.00406607690366092,0.00410206626240634,0.00150111465205436,0.00246417222927139,0.00110473049452863,0.00104448134578981,0.00103612644697723,0.000996216334412476,0.00113896950561744,0.00104347686007176,0.00113501364093295,0.00106142065681662,0.00192031875312123,0.0011428326864663,0.00100229565040102,0.00148809051309838,0.00109225005574072,0.00291653918938138,0.00775103627118646,0.00121182792745159,0.00360420172442783,0.00450575748338172,0.00116424918937654,0.00109474952413575,0.00114781182835168,0.00242974357128091,0.00110639667534017,0.000996402008729132,0.000943727628714909,0.000929527471437993,0.00252820070477707,0.000957472715484509,0.00352980406457662,0.0008048567343205,0.00327388638752652,0.00139402175708696,0.00129407255025099,0.00104041055534307,0.0046043744604144,0.00122672924661163,0.00304558240278297,0.000936920994143446,0.00266245208464395,0.000881112013440393,0.000938912131625886,0.00129555958677447,0.00712054702074991,0.00528690394605206,0.00443655183323196,0.00619927962466998,0.000926357311316953,0.000949745853144936,0.00102627124931354,0.00477954225931649,0.0010200941829097,0.00151633777496477,0.00104870775745469,0.000923992475114421,0.00323373000295047,0.000810569369885299,0.00489415003881655,0.000940628824028862,0.00209259138231857,0.00109830097551861,0.00311627557564488,0.000987872483003303,0.00126312818390617,0.00120180294145111,0.0079182492998444,0.00803840385020655,0.0046357683803568,0.00282287466318611,0.00422179151066351,0.00547982769169408,0.00343063181158675,0.000956355384142927,0.00289415754926233,0.00102175374814641,0.000964722510082636,0.00113920356502978,0.00109334455659624,0.00319362727790682,0.001897714314109,0.00111144574445756,0.00393033791350843,0.5,0.00111121587180124,0.000921043098884231,0.00503257087971599,0.00519212750070195,0.00750501282826972,0.00411806713227986,0.00296009196785042,0.00586662545617018,0.00452100489082943,0.00118344005673692,0.00114300306380599,0.00305583725117557,0.000921914406905457,0.00298801404628625,0.000910460576855285,0.000891094851474656,0.000843826663506407,0.00364266597546893,0.00521238466586315,0.00144981503329351,0.00120556227714375,0.00122813004199456,0.00110022632083262,0.000955263294778732,0.00128954374360671,0.00445713434576864,0.00302406341308755,0.000987441435007908,0.00318676147330281,0.00112815875764059,0.000879917057237454,0.00448570101658139,0.000848985452240476,0.000874714902768643,0.00494897805290272,0.00124875868820077,0.00275967126135523,0.00356167168800046,0.00108806061524581,0.00104612513225263
"DU0034",0.00104785122551681,0.00307693078559669,0.00334614031541741,0.00150091648002945,0.00329447907216499,0.00329949184116574,0.00132065177234499,0.00113728662358303,0.00129500818232604,0.00184584739368155,0.00124135018120933,0.00090815344934354,0.000853117026468795,0.000878219477902261,0.000851427026508311,0.000666847121412401,0.00190833233854219,0.00371588871458625,0.00350899673912646,0.0012198497031945,0.00112025206921262,0.00198944555588844,0.001241975973872,0.00280434050457469,0.00122433677610395,0.000940310911011272,0.0022143409889676,0.00129846626795474,0.00204747838143282,0.00100644757396292,0.00077619996677013,0.000934047184731312,0.000873029728978372,0.000815505244176176,0.000889391261984311,0.000810076812510311,0.00433876942231104,0.00134744175503581,0.00129297952154577,0.00132448830014043,0.0024204303345114,0.00315697234236379,0.00230456689280347,0.0019669848419259,0.00230836561010857,0.003405418864108,0.00133806813227254,0.00561155896725258,0.00524231211327513,0.00137223719868315,0.00685805397540743,0.00116945887715019,0.00231524840034288,0.00212465746408642,0.00339096938791373,0.00111144647692336,0.00108023111428761,0.00102278050283908,0.000994605055340204,0.00106244395836373,0.00108137833818818,0.00730773244053288,0.00658571979968125,0.00466222949457035,0.000871686015877832,0.00132044468013414,0.00462533674750296,0.00371340953777399,0.00135477080486459,0.00614964940139496,0.00147162246083379,0.0016910332544308,0.00649875443795191,0.00140317781077316,0.000761000743019953,0.00106631005848606,0.000758374485171881,0.00102184232025054,0.000857627563555683,0.000891481660915607,0.000787479468164392,0.000806957508693105,0.000767917164443279,0.00213939017033648,0.002920915144959,0.00212195329118204,0.00223010309604864,0.00133420394591463,0.00427785634844045,0.00122635596889632,0.00225640372057532,0.00133071179549594,0.00120591594934246,0.000578174868473528,0.000917507292665146,0.00111456014587174,0.00761092019617611,0.00107791180715306,0.00707333221848062,0.0103756642276955,0.00370988586338826,0.00113442850052425,0.000780473449076141,0.00831869949730757,0.000885293381318512,0.00627159901487609,0.00229719425761181,0.0041307274147825,0.00789242861415662,0.00103872731296977,0.00407687085411626,0.00168835234975526,0.00226548136893549,0.00126324492915283,0.00110597686243258,0.000780927470068501,0.000851755534275681,0.000793222915813303,0.000712703321658156,0.00082644864329091,0.000955761690543617,0.000847423468914254,0.00291041109775348,0.000734530038259908,0.000815402328715426,0.00363232679065012,0.00332702325195843,0.00205397150359821,0.00307358580478852,0.00116549111227515,0.00385186568376873,0.00160020031807243,0.00101099336182226,0.00420455817780093,0.0010247945626543,0.00115084090321825,0.00189595212701485,0.00335190581628484,0.00111931092208135,0.00116727654373665,0.00110810193767456,0.0019701462748927,0.00101173990458623,0.00186753508649943,0.00195836879004609,0.000723182053123523,0.00281092276914784,0.00580924512287988,0.00337325910401359,0.00338295395677984,0.00106156704746108,0.00325480694285189,0.00112471492762151,0.00158356413403001,0.00347925323896922,0.000981347726118202,0.00123044170192432,0.0011415916361152,0.000848697456912865,0.000843440527964567,0.000936410839896679,0.0036924729092856,0.00559584765942295,0.00216105808211438,0.000930318089948502,0.00190632196891059,0.00065465196869125,0.000966680071970885,0.00590439548380684,0.000862029845799081,0.00623393291523767,0.00623705660551498,0.00571835119125646,0.00313568430409431,0.000808702273717481,0.00170082580510735,0.00111121587180124,0.5,0.00197904868557523,0.0012885331372386,0.00296055984776842,0.00193773137401477,0.00109043715718891,0.000905692083417346,0.00105881193820203,0.00198785032697163,0.00772926477725716,0.00219413135588871,0.0037177089199704,0.00109478665453648,0.00238447889955447,0.00113352575664096,0.00114918289075452,0.00293727318920085,0.00656432142657772,0.00223750158878416,0.00200583237466676,0.003338661168556,0.00226627348369092,0.00135946835883053,0.00179765659642525,0.0016336695560303,0.00340773731348208,0.00115526669951642,0.00201932117980824,0.00332816460338639,0.0010278297200698,0.0044051396870604,0.00104249522844758,0.00342773850823356,0.000930950910191921,0.0038859933489075,0.00121906804714667,0.00125041603943506,0.00600110358277912,0.00744997541936165,0.00192085727206103
"DU0035",0.00316370517660711,0.00397604936942017,0.00204638249997795,0.00309156244655068,0.000958042957958482,0.00259009814481857,0.00103324446132211,0.00297718436922023,0.00121553278640313,0.00401624475934265,0.00115168792304943,0.0040109453429143,0.00306665081637289,0.00295800797371963,0.00288674423787542,0.000922766346455175,0.00313533528482467,0.00110347026368505,0.000990305488504445,0.000928805637614365,0.0039425732663055,0.000976770256200185,0.00249081818319257,0.00111570609327456,0.00103807407834988,0.00100956986959673,0.00207147288659015,0.00112852420846119,0.00246022127579333,0.00290720104269816,0.00309545257710087,0.00100197515392531,0.00309565982733926,0.00292812527682546,0.00282444486665895,0.00381985779402589,0.00107104258699694,0.00100345957798981,0.00377993587944318,0.00099057884720942,0.00208612293277696,0.00411230362442181,0.00113833236220938,0.00189180840264323,0.00266744485126005,0.00286435854988045,0.000992300492216032,0.00109313927205266,0.00104930236047313,0.00349201209626046,0.00199326967362332,0.00283085916407524,0.00423943717249836,0.0010707862356714,0.0042651857027665,0.000983286449913397,0.00268660578653275,0.000946880103070862,0.00100065724222124,0.0027333990068439,0.00299957933801349,0.00220215472753986,0.00539272107974666,0.000972515376366555,0.00290680882057661,0.00324945052336425,0.00094244642517923,0.00312183395371859,0.00263921336049645,0.00105691560281448,0.00109858221327985,0.0010391069652179,0.00101552664436493,0.00519600740687516,0.000980448105809229,0.000905439834187556,0.00291664379904691,0.000980573420077625,0.00100885388685091,0.00196846824196489,0.00292896319078755,0.00382897516306415,0.00291351695621,0.00319889670531372,0.00302371224289636,0.0029975493743913,0.00204790806133771,0.00104205510081806,0.00104454212211538,0.00376515312620992,0.00211514248731425,0.000912424239261658,0.000935513052867377,0.000905066820134675,0.00305818911566849,0.00286431238888625,0.00103025466668065,0.00298438928740256,0.00102397731344517,0.00206114731501644,0.00379803465295186,0.00423730108505204,0.00303991552745734,0.000944436287642358,0.00406308671263388,0.00116752491630425,0.00188417779779967,0.00364906788586764,0.000992529641535646,0.0010642854573786,0.00298118679063467,0.000838110623794155,0.00088461010356469,0.00303276994119317,0.00724203337261649,0.00290321836984042,0.00287608847906722,0.00381121961460709,0.00347549570129068,0.00441981490794889,0.0058463818085441,0.00321557255184157,0.00447470251132142,0.00333624639122079,0.0010183163409083,0.00100640624223002,0.00220525515188758,0.00371990408170709,0.00337157041336943,0.00105080848224249,0.00105357029889739,0.000835159953089974,0.00433535531421409,0.00415666192726044,0.00341458776839172,0.00359132557095146,0.00189408609669832,0.000909850839841044,0.000980544509322036,0.00200762851466272,0.00089113437369732,0.00677950078724204,0.00343837434065411,0.00422365853017055,0.000976410322658533,0.00347612466484188,0.00524269750756258,0.00433175044319176,0.00443676234674823,0.00303980243739548,0.00114812828439824,0.000949063324656662,0.0044470600256189,0.00092748339085392,0.00502401835822965,0.00331538007291937,0.00109276464879181,0.00112100622938053,0.00107265405775032,0.000972193565795071,0.00093876366337045,0.000937440838781703,0.0010742890899489,0.00200820238738435,0.000944116009915745,0.0011345287916749,0.00327781441879662,0.00341187136691763,0.00199178917545556,0.00428638341963952,0.00107891066934827,0.00207005039248834,0.000967833002219525,0.00327194290607065,0.00202356734179348,0.00333270133290196,0.000921043098884231,0.00197904868557523,0.5,0.00384982582336695,0.00191157615323342,0.00194247921952581,0.00184706766057596,0.00411338348052814,0.00104087995572386,0.00199991219173502,0.0010165771321407,0.00394875425943434,0.00153932758293959,0.0058132416077902,0.00194632134160673,0.00339433141316289,0.00199060766098953,0.0027606732815466,0.00291810739066358,0.0042856292048724,0.00187987533713152,0.00108233098724883,0.00199827862844416,0.00105964736471111,0.00433561312555916,0.0010897922163435,0.00120923790224443,0.00106782374135768,0.00449437706742011,0.000989549038349661,0.000978666961919835,0.00341914711876273,0.00104061168061682,0.00326758608176079,0.000980469241213004,0.000990396756858295,0.0011030520802826,0.000994962478006823,0.00102106562868885,0.00109907194638824,0.00457347066988443
"DU0032",0.00118436900531413,0.00125422290766507,0.00440530084498229,0.00114967188872906,0.00119309037525296,0.00104370161575359,0.00209088907108562,0.00447912248474466,0.0014389647387217,0.00213616522969482,0.00343485350793399,0.00319090841547573,0.00103016514408816,0.00307933171947533,0.00095830341815744,0.00088704846250457,0.00334090280465674,0.000862119332988758,0.00114247517083108,0.000971445598882201,0.00103109663035105,0.0010140138911872,0.00116848317815638,0.00124463923661938,0.00118679004758113,0.00164734017073091,0.00283992439255565,0.00477310394633947,0.000921062985961003,0.0012071537715268,0.00104799259920981,0.00126497753935587,0.00108784315935689,0.000988310230504787,0.00103686381149822,0.00298921506445545,0.00114337535921178,0.00134241456640191,0.00715138887069403,0.0012152043931188,0.00218660894516058,0.00108110519536308,0.00152506681681957,0.00191074344977102,0.000962748083060483,0.000931892779434013,0.00252146517566796,0.00135083505117028,0.00134702529114586,0.00369557037578422,0.00232602306954841,0.000921936193268471,0.0011128866692245,0.00476117792730786,0.00114669262999196,0.00156882910523915,0.00115107924665087,0.00491707476687365,0.00153387144663393,0.00113118844730735,0.00121373655428774,0.00330225772094435,0.0041587853670518,0.00123544283618506,0.00105063794033827,0.00419399476617504,0.00128840125723192,0.00118398699517984,0.000959264580030088,0.0032515811709219,0.00318225008455252,0.00114020416064424,0.00110428442602351,0.00492248927760124,0.00101167935301897,0.00498287964774653,0.00103825388992676,0.00364043743472484,0.00141662918641324,0.00131195875670932,0.00106124923126075,0.0029987905369147,0.00288635628082504,0.00104230685898395,0.00480206905343527,0.00118904927108206,0.00148796959481479,0.00483183587612355,0.00127150887136842,0.00446786539638711,0.00148691313908437,0.00136864536883417,0.00139457594400197,0.000842778398170473,0.00104454669104211,0.00112260584721676,0.00125855996780061,0.000987838590866525,0.00114330264499413,0.0023391314716051,0.00546555587000925,0.00227450908931111,0.00104035158739585,0.00124407559503914,0.00321154505583838,0.00290622519786363,0.00141414737548463,0.00539778596300445,0.00129287437631789,0.00513208781606544,0.00153372277981604,0.00138929851353763,0.00138920406218949,0.00102387119339599,0.00632648086236894,0.000965403758713044,0.00100071489342368,0.000901299191219568,0.000870202470886878,0.0020224757341287,0.00319198594441585,0.00363860725039418,0.00292688140397142,0.000920649754883128,0.00129524665644289,0.00122729567303537,0.00254254920620258,0.00600829683561358,0.000997060835691951,0.00475366657116822,0.00125118173010358,0.00124627879550816,0.00108587646559705,0.00658676709520187,0.000837218454926142,0.000997455013677028,0.00249685286706036,0.00403363896175581,0.00432826013189184,0.00150708355647342,0.00393838219616701,0.00633767844836309,0.000941018206576864,0.00105592501613625,0.00466644046437794,0.000856631362275938,0.00438496518671851,0.00668437930182474,0.000874548187229258,0.000959260431676431,0.00128729119741945,0.00128507459143137,0.0008809352528341,0.00121854200297596,0.00642834776350288,0.000923298698973149,0.00146228467932857,0.00240192690891514,0.00116926916759897,0.00484033067820159,0.00501190009804554,0.00280228388996909,0.00157844731860714,0.00413347337612685,0.00393388281331921,0.00124496901344387,0.000865696415336162,0.000930011624122352,0.00318902555703883,0.000914631116170146,0.00333994935431248,0.00226470349749812,0.00116048163554429,0.00101819050366465,0.00126527394928737,0.000972261291994639,0.00503257087971599,0.0012885331372386,0.00384982582336695,0.5,0.00526577994518932,0.00627875874074791,0.00425256483653833,0.000896954996218123,0.00459605476295341,0.00486668550077009,0.00194606051748394,0.00714441644028017,0.00170433223000602,0.00503839985335481,0.00155481826596032,0.000895610105644785,0.00169285780554427,0.00198998391422282,0.0023210454200674,0.00810944369906139,0.00248403132620463,0.0010761428175531,0.00114061083548283,0.0010072119404036,0.000959682015736702,0.00118250276632065,0.0063811895040372,0.00411120318671737,0.00292367937824784,0.00117385077258657,0.0012718780964,0.000849035849970883,0.0054343116836791,0.00083902875409476,0.00201257934141892,0.00476777550167671,0.00148485209890816,0.00283361743907694,0.00131044428885264,0.00147000520402513,0.000895503561281226
"DU0033",0.00120844935329384,0.00544709799360361,0.00557636201765993,0.00109361581086301,0.000970433379730001,0.00100248145694753,0.00127165471481468,0.0011371502408876,0.00236278417044504,0.00118961947877059,0.00144617849194667,0.00114278355398922,0.00102747417631283,0.001139003998058,0.000920757967559699,0.000881889687365033,0.00340977856848048,0.00106783740849783,0.00124283188722934,0.00114367910872087,0.00109859494852661,0.00199550342775122,0.00363171266388764,0.00113654782928358,0.00107722289249224,0.0055534339948052,0.0023988908598351,0.00290834373273754,0.00190702453783846,0.0040670972862302,0.00222658279160441,0.00417788816460645,0.00104809454399551,0.000929182776782668,0.00102754752082969,0.00104512920286921,0.0012885761862329,0.00127209083476902,0.00271015583245322,0.00126077362910217,0.00204744670814356,0.00216000577898305,0.00279941191598057,0.00117095017872946,0.000997417468209473,0.0010208522943477,0.0015576208492884,0.00351279996519814,0.00402626645682553,0.00120449276600246,0.00115059919817889,0.00184900846134398,0.00511791767008132,0.00607452753505763,0.0023396034221893,0.00168709598993563,0.00118716048898477,0.00521688254776098,0.00244839708813957,0.00410699446172174,0.00129161505046151,0.00296329906280733,0.00204672082504774,0.00204199000713031,0.00105605337382029,0.00148829509900173,0.0041019414799055,0.0010731415032725,0.000945775545016993,0.00109879880166432,0.00133379080358399,0.00106853235794812,0.000977383487802647,0.00109829005602749,0.00112874970431411,0.00795914407064494,0.00112021848285373,0.00459341765909429,0.00145206673562915,0.00133531502416244,0.0010376888704737,0.00230721482486818,0.00121981897499261,0.00104296925880501,0.00378877684827367,0.00360399401200199,0.00272989464393136,0.00507633008972712,0.00211115586222991,0.00144763122446368,0.00356325120896083,0.00159675708130583,0.00143600781597564,0.000873561814646947,0.0010127839142469,0.00393081607835904,0.00101817186048858,0.00104490294196031,0.00104509423249965,0.00206841147276651,0.00107168605352367,0.0011644317784205,0.0022155816290252,0.00100548731840032,0.00113842026659892,0.00106349977986134,0.00235604703091075,0.00101337112375622,0.00101631771050205,0.00542244078370234,0.00254969159061057,0.00391052588378056,0.00140727519019023,0.00101388301788119,0.00114382460954648,0.000951833292007562,0.000976426660454056,0.000888655443561226,0.000905078947968878,0.0021420448530348,0.000954110756937417,0.00275457804648635,0.00102133908932219,0.000927245550133004,0.00325049195169704,0.00108225305213913,0.00268067657658998,0.00236309137666584,0.000899244566042264,0.00487091586285495,0.00108058135147754,0.00123921562264359,0.000965459877612665,0.00107032545217059,0.00173139587411634,0.00187958526217552,0.00433685233527347,0.00413305890644385,0.00744145233407817,0.00174900290031231,0.00565797138890824,0.00184982272226407,0.000955433665685661,0.00565433175044831,0.0086102384856817,0.000823168867080055,0.00316908414598786,0.00108733737307456,0.000954447140685103,0.000918538944365061,0.00118760725157663,0.00133674892308693,0.000924093551459991,0.0039263140667373,0.0019960079969179,0.000931146642840339,0.00105720993358013,0.00149876125284084,0.00132114133333279,0.00518210689573314,0.00530187268383175,0.00406031471020324,0.00109881871476252,0.00615957836645158,0.00281708526458875,0.00236356480997617,0.00183795497760904,0.000955184137609169,0.00103258224836518,0.00090071956649664,0.00402929839559833,0.00219058102129418,0.0010161273236181,0.000903471408055802,0.00128851472998364,0.00184903348342265,0.00519212750070195,0.00296055984776842,0.00191157615323342,0.00526577994518932,0.5,0.00559613242235381,0.00451561957660968,0.000948461358418742,0.00564545895264421,0.00876546365984096,0.000957459003966652,0.00232541280270598,0.0030787758951094,0.000978421224571879,0.00167855551984016,0.00181360236010415,0.00206364812212579,0.00214322048105925,0.00212974211193455,0.00631707558734437,0.0053724047288245,0.0010016234360796,0.00212363610737104,0.00106052487067612,0.00188451232618966,0.00112965247029758,0.00420136144108558,0.00424664940344331,0.00102402221676779,0.00106818508386686,0.00490777528649815,0.00183054312632648,0.00737780951895188,0.000910351748461532,0.00387613786760029,0.00501247834131062,0.00140996988324256,0.00417231792234373,0.00108233980679308,0.00105466619092218,0.00110058193753649
"DU0030",0.00421799513895371,0.00227374435932945,0.0054259077441473,0.00105691521313893,0.00091865096500568,0.00101499002971235,0.00113982953965922,0.00106682343188146,0.001227069601342,0.00452181533380676,0.00233046088671082,0.00234541790320927,0.00124086472948166,0.00390426932575304,0.00349816541595855,0.00217873420811437,0.00235252886006007,0.000882103511130585,0.00111504384998337,0.00103127441818369,0.00102999677460076,0.00105098774888897,0.00109112735650974,0.0010117724450166,0.00358161391037981,0.00284585533105663,0.00213484107512762,0.00485210969030666,0.00204069235580317,0.00119197665350419,0.00127494749203302,0.00133880019084836,0.00232379759686468,0.00352950303516969,0.0035972671619009,0.00359350855414008,0.0011609925225174,0.00108894617050463,0.00261049695404585,0.00109540565894292,0.00302969312578736,0.000993258046095194,0.00249243130965588,0.00278677808460491,0.000879078141444638,0.000889391683928918,0.00136772137570048,0.00105734922001161,0.00116831566339699,0.002384449099242,0.00230580661451063,0.000853674728059557,0.00112879548321634,0.00503499056644767,0.00218968783560548,0.0030613278430448,0.00252403362212933,0.00769571858480174,0.00394740753627979,0.00113894013999576,0.00254979142687989,0.00195943227359352,0.00304885150215611,0.000975321697238651,0.0036647318692054,0.00137204418226981,0.00114182468331555,0.0011559956572196,0.000857252624995506,0.0020118621194021,0.00113175765222549,0.00108600685451947,0.000847727841865386,0.00106991462041125,0.00321833753843634,0.00522521371981766,0.00338252595507902,0.00169498905229258,0.00391488325330779,0.00144542588726996,0.00362990739985927,0.00129053233467397,0.00231426541091733,0.00114048971868077,0.00361182305939191,0.00109132554224984,0.0026725288123251,0.00730107509940318,0.00371772399523711,0.00137551479037686,0.00134815785195614,0.00121617639324595,0.00150578270778942,0.0013218730109433,0.00254808136733554,0.00111552772756574,0.00102454092887687,0.000972918225707798,0.000890196974661169,0.00304371227279514,0.00101650244588853,0.00334746611548299,0.00128122031701104,0.000977266025126599,0.00345445811474026,0.00100483883818152,0.00219851702572752,0.00112516027428649,0.00114417466704662,0.00786571678741913,0.00329525416606996,0.00129037634962855,0.00131843094197051,0.000961827807590558,0.00129668031927172,0.0035569456260409,0.00363764270328689,0.00118811147341666,0.00115768770108156,0.0010492114677922,0.00104056779098175,0.00288268302681384,0.00294192390066975,0.00346163650731931,0.00116882388327534,0.00119816390743041,0.00255267450954043,0.00142918554844156,0.000940790847595042,0.00495965175385183,0.00209126185304701,0.00114217726262355,0.000925202793108124,0.00105343127466464,0.00082969373244138,0.000892232804435318,0.00246982919134673,0.00409636571673087,0.00444185825753824,0.0042130288051573,0.00282695327032137,0.00281030629833072,0.000890479262864402,0.00190807903747629,0.00479959469875668,0.00114272693495274,0.00312307320185789,0.00113398451917575,0.000882251832946852,0.000938024596151355,0.00102908565049922,0.00118785998143148,0.000877501326781034,0.00110155450745102,0.00107944957743905,0.00100435799529127,0.000847656038526468,0.00230083583144594,0.0014178977125475,0.00767312569914246,0.00782275711342222,0.0042141844347919,0.00114605695893552,0.00409828395452447,0.00526350555173527,0.00137337226796794,0.00201105212534083,0.00103738956421432,0.00195843470333743,0.000990770111847093,0.00217825743254304,0.00204435672845347,0.00105014198476613,0.000952890242973593,0.00139888840326597,0.00327260234713077,0.00750501282826972,0.00193773137401477,0.00194247921952581,0.00627875874074791,0.00559613242235381,0.5,0.0052776797096885,0.00105338138626869,0.00577083893615809,0.00700199703324104,0.000978266145273842,0.00217368148293163,0.00138085922576159,0.00185215260509777,0.00153115838155926,0.000834362325696349,0.000881499360005832,0.00217104890319865,0.0052285829329528,0.00733031510658772,0.00249770327936645,0.00115370147889115,0.00106203698806293,0.00086835549128945,0.000935076797261797,0.00111182222156256,0.00413872570669162,0.00560837751296452,0.00297476894317063,0.00338610886008479,0.00123227398680539,0.00085192384841425,0.00551533265148211,0.000804961325038296,0.00209750371064136,0.00487964738745646,0.00127005223510937,0.00418477647211625,0.000974351957250866,0.00200997676980301,0.00100289843510237
"DU0031",0.00234482216001221,0.00132657027120809,0.00134889913168261,0.00109232346547428,0.000980749846160942,0.000941847157446607,0.00138695575161016,0.00115593109500814,0.00366537257825008,0.00106745910116752,0.00170666119281352,0.000999716305958617,0.000915743810688558,0.00129270938013117,0.000921194578786337,0.00173598361618794,0.00114088456591663,0.00354166289156729,0.00297640731580288,0.00282771731178646,0.00325286304797238,0.0029594265731216,0.00116117224732822,0.00312711839139722,0.00215299310917063,0.00400361360549815,0.00508242807524347,0.00410500146940661,0.00299232672510368,0.00136674955975728,0.00105603126949251,0.00153855930051935,0.00113182957553176,0.000949986303806818,0.00103172792688137,0.00109626215879412,0.00143610644324563,0.00139994916999202,0.00308775900721606,0.00145634233490161,0.00114394641974458,0.00123927744954922,0.00134315300700377,0.00114515814098338,0.00103569661914238,0.00308080097817529,0.003174930564167,0.00237412279267765,0.00128983477699961,0.00476343147272911,0.00379948227742063,0.00299152807851122,0.00127899168893823,0.00495577758158681,0.00112492792299808,0.0023090021308385,0.00130331157354617,0.00467482468803455,0.00667098667520419,0.00323221422161424,0.00125975196582714,0.00136747325714766,0.00124494841457128,0.0011279725305767,0.000964239105707323,0.00302361183020953,0.00211980841082452,0.00102818896717203,0.000966984691793021,0.00395551345904115,0.00340037430194997,0.00110336171220399,0.00290283774931957,0.00106919896249019,0.000977133634297471,0.00291188264651758,0.000963225902967256,0.0238171344424859,0.0019434150749071,0.00142075493022636,0.000984033022584801,0.00119338257732218,0.00107263641227199,0.00113764298853223,0.00403482917107362,0.00244383025341065,0.00134844826646083,0.00425840048095432,0.00316116729896487,0.00164552272951251,0.00170943163501046,0.00329268116569681,0.00337871064056585,0.00111363098545869,0.00105125137069213,0.00331066959956654,0.00110439628378307,0.00312395013751796,0.00296874742908299,0.00112708753204567,0.00292876372033043,0.00222241910596765,0.00105147809033992,0.00103207392611739,0.00110294291657462,0.00556734247554422,0.00206433082741484,0.00108613372267555,0.00102974328171656,0.00491464543560685,0.00246781478177321,0.00641600028020314,0.00101299784183558,0.00104646597321056,0.0012885964777009,0.000903119042793635,0.00101176723359169,0.000816834107344909,0.000853825923804616,0.00110782921983803,0.00091483929645489,0.00399049200852351,0.00102618484650404,0.000993251677715023,0.00111862404557604,0.00108045033547102,0.00178274596217693,0.00274678259064363,0.000822989477007665,0.00825924524471692,0.00104484042644415,0.00335524848839224,0.00293169380241259,0.0011098987090998,0.00200113719612279,0.001961308104044,0.00481559505106029,0.00126297434275805,0.00154935129974349,0.00246330512771473,0.00195270893050701,0.00106017503244002,0.00587915628475291,0.00115627349106885,0.00272079072277342,0.000777837423278521,0.00338581233863433,0.00116007044298815,0.00204808773196302,0.000851749841437972,0.00122274345195643,0.000960723345383401,0.00113713201222975,0.00121252129653411,0.00128928558213018,0.000988894507617118,0.00542574776996665,0.0027601790393599,0.00126690275186459,0.00540481035919451,0.00437742217110915,0.00393930296481147,0.000971319598732123,0.00237842685786829,0.00121668933804546,0.00274356779558532,0.000792788140015004,0.000988806276407543,0.0012758409769173,0.00183629502856802,0.00145000697131648,0.00338613357552533,0.00113876839067706,0.000807693741859862,0.00229939744881254,0.0037527043737684,0.00411806713227986,0.00109043715718891,0.00184706766057596,0.00425256483653833,0.00451561957660968,0.0052776797096885,0.5,0.00286230331823401,0.00350219492008084,0.0047948126086877,0.000975586854475039,0.00309133754089692,0.00164081082821537,0.000994318496315519,0.00240949596597307,0.00191119535091701,0.00155442751648142,0.00114063042754673,0.001327090233062,0.00409573932048166,0.00409280783774576,0.00104733983080662,0.00120964469277765,0.00639415891272507,0.0011701155758103,0.00217468152955097,0.00126827488923914,0.00447385202587802,0.000991970863790638,0.00296612883449581,0.00334713846048244,0.00205140754188445,0.00154934643022306,0.00274605659697547,0.00132815409762602,0.0047265782719281,0.0015924652184543,0.00599464363265105,0.00109279015734673,0.00106145138768499,0.00203629429897263
"TT0020",0.00544388464339267,0.00279693183271492,0.000939483999380259,0.00297582008244554,0.000762529545996512,0.00247850346478506,0.000725595287765328,0.000862801781633698,0.00108099535523582,0.00288687252014903,0.000899086720701369,0.00290005940046206,0.00290943703330784,0.00305143553303604,0.00282814987604113,0.000846648576222411,0.00292458019386236,0.00301921768581145,0.00277345569510272,0.00255504505174307,0.00727227495906969,0.0019900612249667,0.00237932296942817,0.00283596292785201,0.00321139074784045,0.000809343930206223,0.000913239665442165,0.000809565938004321,0.00357909489236121,0.00278106952319024,0.00297720103243505,0.000856488635484693,0.00412465175117737,0.0037982030811773,0.00282971800946919,0.00288413650488996,0.00106917596989424,0.000762586248986876,0.00255519305947576,0.000968644586907056,0.00108222069523999,0.00323068276752582,0.00126421263237211,0.00267784717699853,0.00270184912202511,0.00466026474511736,0.0028450496272298,0.00192808112588806,0.000810341722946772,0.00322912480069098,0.00326137548256515,0.00467363517655426,0.0032241594967115,0.00128294082723868,0.00309159007676846,0.00328656010917358,0.00475007485912158,0.00311483607787553,0.00365471829004921,0.00441639598725683,0.00537457745091543,0.000903356099723085,0.000820276167769337,0.000722367295167523,0.0028846938582049,0.00260741729050302,0.000816336345202088,0.00297582210045062,0.00268576285215395,0.000872150242773707,0.000848852524654255,0.00109353274720771,0.00260142656234603,0.0025407849762471,0.000970340919513905,0.000917816783454724,0.00282588329773696,0.000849175291852544,0.000984020341639769,0.000863760709470685,0.00287600556803856,0.00282278164328828,0.0028031953577433,0.00313988455032313,0.000769915407528097,0.0039335168702046,0.00210762701278353,0.00328989853121433,0.00211517511907143,0.000842473276274434,0.00100689844856688,0.000750362127691457,0.000992265239241621,0.000834158548366753,0.00311126767591764,0.00462164973136976,0.00082092123312413,0.00706581617464037,0.00270829980704401,0.000810855082620893,0.00253271660233961,0.00526516723090557,0.00292752419383364,0.000764021003844289,0.00290194771173482,0.00254335332056153,0.00181624063803899,0.000885077551611787,0.000812746095496418,0.00355850200634977,0.000800343656299929,0.000882683299607164,0.000823489840518478,0.0050805587474289,0.00289145281798926,0.00283130140504086,0.00287197859610905,0.00369238999521612,0.00339067858200191,0.0033042531344029,0.00332648966495761,0.000848099693774848,0.00332884744827678,0.00341959565476691,0.000852321957194856,0.00088658084449686,0.00295634952617761,0.00172008847974299,0.00318353465746107,0.00108780757695596,0.00088985975267501,0.000805055801702516,0.00510650345202035,0.000824182543175535,0.0068243823252611,0.00434247619754019,0.000783792059779562,0.000896097178532266,0.000931935727013091,0.00334745110934142,0.000861727700950928,0.00311012876104118,0.00587137054539461,0.00325248789993974,0.00187577971890154,0.00336279333805668,0.000706124934361086,0.000818025915256711,0.00459628032686373,0.00297989763197715,0.000954000875935151,0.000862951958903505,0.00551404932022374,0.000844033230436496,0.00176588052103536,0.00504283630775838,0.00292064145930751,0.00280483168839349,0.000964294648995717,0.00301689193204039,0.000973303818410026,0.000865161531954367,0.000953687688230044,0.00201203225595993,0.00102256150184603,0.004641053681087,0.00319033769722864,0.00540281896428273,0.00183398409068724,0.00541103836890304,0.000832134429465321,0.000887265485456301,0.00102757739569458,0.00314158131189407,0.000915614637407526,0.00676840127175364,0.00296009196785042,0.000905692083417346,0.00411338348052814,0.000896954996218123,0.000948461358418742,0.00105338138626869,0.00286230331823401,0.5,0.00384263185340841,0.000868964051091223,0.000730719352461608,0.000789503631498513,0.000660809614370967,0.00322327081009356,0.00209847512949688,0.00425688619924981,0.00130862942580861,0.000949621854404197,0.00312201888795135,0.000857871292698136,0.000833554491385985,0.00112175845183833,0.00390179902317329,0.00294997803853066,0.00530740749553008,0.002017595598238,0.000846182157584957,0.000924634093787432,0.0042196958765735,0.00355497529820946,0.00247019966115746,0.00440235684713914,0.000878055757321568,0.00491497867478918,0.000902073126754874,0.00287776419355039,0.00085063027393663,0.00263162486654772,0.00079145039991464,0.000797516316923557,0.00578504042188931
"TT0021",0.00153028028806064,0.00121271710992444,0.00521111632250911,0.0022430069239328,0.00118118264352717,0.00101675395519089,0.00103203223152443,0.00116725343976079,0.00209233534406222,0.00104833566026107,0.00103237465866937,0.00202187001591424,0.00203586911673067,0.00229414909470955,0.00106622085003138,0.000919190988221077,0.0010313732637663,0.00319726217867202,0.00358584175870693,0.00291121048294639,0.00332858018224013,0.00302219395172796,0.00110520008878718,0.00314830692127458,0.00262833228700498,0.00113978099197543,0.0046933858807771,0.0011784600069424,0.00267885096797228,0.00110317330589801,0.00106367169735057,0.00113399771453865,0.00378464034481618,0.0011273655246366,0.00112932546665336,0.00109859314496843,0.00124391582034731,0.00093468554311453,0.0062066866948694,0.00115727049704312,0.00127301301322894,0.00130658392844121,0.0059966431365015,0.00131333099027512,0.00110375031693275,0.00309554334282869,0.00650420471602745,0.00220689151927167,0.000980185360471186,0.00119070227898335,0.00118420370258577,0.0030123547848229,0.00234660235280529,0.00508263958553488,0.00124452469082856,0.00616041360196103,0.00240919045406899,0.0055781441108291,0.00326149807182928,0.00305188338191929,0.00399490993620306,0.00203781802849126,0.00105215754441987,0.000936520899168146,0.00112916695264288,0.00610039307584503,0.00101272450319638,0.00110408057468603,0.0010328325535917,0.000989149574653288,0.00108577247576894,0.00126070397910317,0.00273653781112722,0.00110867424589551,0.00116468521442191,0.0049675989748108,0.0010260090242313,0.00121529547028803,0.00441541256179484,0.000997816021861048,0.00108284915642895,0.00100880800598447,0.00102730201657504,0.00113903298681352,0.00122965726605641,0.00235679552227543,0.00601764995927364,0.00447286511197238,0.00153074148711058,0.0011467855332674,0.00229478909972076,0.00100050764161016,0.00113600063506276,0.000838382279878232,0.0024004602851754,0.00314614208831747,0.000965261872492091,0.00315449873527401,0.00291742389107613,0.000996257246657242,0.00283945965015812,0.00120066465326197,0.000994383964982267,0.000923260351317712,0.00106688476663445,0.00282302302945679,0.00304945769128683,0.00102868474738696,0.000957433774587336,0.00568426697581324,0.00316609705248231,0.00122957505639152,0.00397408730914611,0.00114233246479911,0.0011256528585518,0.00104751933795716,0.00113104234673406,0.000947770023401032,0.000914694179957294,0.000923015043826463,0.000969630387833028,0.00106603810225223,0.00091503354917711,0.00115364056763017,0.00112724303035253,0.00108509985343149,0.00357051835083728,0.00210913724832737,0.000893128094511892,0.00150285198723551,0.00105228238854838,0.00151701374382965,0.00290644515102213,0.0010630426164112,0.00484971302633519,0.00110814034611673,0.00106702106143122,0.00479051781441841,0.00511840238437703,0.00613514784730459,0.00463930537955839,0.000987110203262072,0.002903182531313,0.00190900785621387,0.00609956072719294,0.000919227870730273,0.000972706145765506,0.000985383524019795,0.00221763193267798,0.000981047074401219,0.00336457734716794,0.00153819699719032,0.00433323677313423,0.00122012004784807,0.00204809519909346,0.00103451455971088,0.00511438017845914,0.00208603350481616,0.00201148723553279,0.0054511790929972,0.00447183034143424,0.00125544028803817,0.00101406329946132,0.00510571260020681,0.00592008273626064,0.00477174319183775,0.000894254961866006,0.00106298085686301,0.00096533604962493,0.000975254821339241,0.00105574132499397,0.00193248164951986,0.00105426932865033,0.000900249003850751,0.000987535536356621,0.00304858987661028,0.00586662545617018,0.00105881193820203,0.00104087995572386,0.00459605476295341,0.00564545895264421,0.00577083893615809,0.00350219492008084,0.00384263185340841,0.5,0.0015831181101318,0.000846586266778213,0.00108673320270375,0.000932230096701395,0.000965267875493024,0.00603811634245824,0.00194757047994746,0.00237689378782355,0.00303843646934822,0.00337156167533592,0.00484807784987378,0.0012270597981778,0.00362003306507472,0.0017005233671244,0.00255269227145388,0.00399800762813983,0.00259884829105493,0.00489935724508291,0.00136467785474692,0.00193299635962084,0.00301821583697617,0.00287806157859299,0.00210731879892718,0.00506336686218533,0.00280582563732906,0.00123265155913712,0.00694215028744414,0.00100179040774892,0.00321613163726166,0.00189384733578028,0.000906766679435782,0.00212555571332187
"TT0022",0.00116410821022132,0.00594191822027251,0.00252478025181032,0.00105109792249655,0.000942232462066255,0.00103533297104582,0.00160610588460954,0.00127833043950106,0.00169984611713245,0.00322523282922152,0.0019332415086286,0.00220168703981325,0.0010547266258097,0.00116096092458745,0.000954654355865543,0.000888807449625308,0.00141775995427055,0.00078383160083707,0.000919618620896351,0.00116416491917928,0.00098846209263686,0.00121185148932739,0.0041915594252218,0.00103566241547734,0.000995294101923924,0.0085809867743087,0.00262968973046065,0.00664454732310906,0.000865816945073876,0.00441899134267942,0.00119176746969525,0.00506613076337644,0.0010275515549558,0.000955000969813933,0.00103368749372684,0.00115861949797,0.00149431735260949,0.00158899986375357,0.00131784761816777,0.001601679765194,0.00304851269058309,0.00102768711455988,0.00124153180007581,0.00295471905067869,0.000948542559210422,0.000889966127180204,0.00107102141088262,0.00150096454772699,0.00406879319586882,0.00139771772919096,0.00127831119849299,0.000868336348320163,0.00241983408396691,0.0055405767489178,0.00222613016318056,0.00123125061519524,0.00114508178291719,0.00508109480683842,0.00428148252647696,0.00479072397643104,0.00115657487767197,0.00204459463345554,0.00317789544670473,0.00204407643440953,0.00104370919684513,0.00117112167026057,0.00452001104539315,0.00110154853942934,0.000944310833108924,0.00125443873080573,0.00122696499503152,0.000932464157177008,0.000918049689988577,0.00115677198331666,0.00125334213422021,0.00701631818613813,0.00203833520756846,0.00490631765104906,0.00117209657886222,0.00168904988520565,0.00107717893546365,0.00229715817382987,0.00214995361584493,0.00102897280199411,0.00538756069809561,0.00360495452101287,0.00211598010949466,0.00467948676826773,0.00108743823686833,0.00187960493959361,0.00181813874202479,0.00467271658488901,0.00381000485342934,0.000890868185911278,0.000991912067719814,0.0038148410595534,0.00104338296938205,0.000938234842636941,0.000944257619605577,0.00315946550714556,0.00105608036175514,0.00331252449523232,0.00120186482257751,0.00106297401518608,0.00323151219011272,0.00108503475301559,0.00106544301318289,0.00109285606528915,0.00107748854509959,0.00633958488593357,0.00283941392552021,0.00186022501861069,0.0011323356931838,0.000996028497418945,0.00132825942772279,0.000964768160023092,0.000980166255662617,0.000890558468506396,0.000918484853308872,0.00308165564758924,0.00103329078383519,0.00463553440549753,0.00296833998388695,0.000929409932395491,0.00315959553130103,0.00108993015773733,0.00415462470072938,0.00413425242834326,0.00092039682484107,0.00557082703531743,0.00109974016759357,0.00107726728297494,0.000913179567243664,0.00115813032577664,0.000801796544677406,0.000906853083432318,0.00766001509392569,0.00138191137051645,0.00516365491239728,0.00121366585196564,0.00415407429915192,0.00291266480617621,0.000903238585385496,0.00494122824408176,0.00647664876262431,0.000843085150871089,0.00404492364701116,0.00198787301007685,0.000845688672234807,0.000891074745620113,0.00121992052326905,0.00110380861824781,0.000823828779752445,0.00385968193480595,0.0011421081751644,0.000912056859025832,0.000875482138692488,0.00437922529905092,0.00155464380810935,0.00492597341460254,0.0050062494723062,0.00459910483225596,0.0010795694892268,0.00134992381865378,0.00123922993804368,0.00157418108993207,0.00184373289409832,0.000915270444622671,0.00119805401554806,0.000903502045351325,0.00444362362543203,0.00214581952473093,0.00102719565025819,0.00091164214586823,0.0016360821794478,0.000925422412300338,0.00452100489082943,0.00198785032697163,0.00199991219173502,0.00486668550077009,0.00876546365984096,0.00700199703324104,0.0047948126086877,0.000868964051091223,0.0015831181101318,0.5,0.00106948186600742,0.0037421090722458,0.00251301244737417,0.00108057188159191,0.00122485099205891,0.000840243255151453,0.000966975594015949,0.00314291697265368,0.00218248477739325,0.00672649571689664,0.00852187611229044,0.000898122950624361,0.000911554520578383,0.000874234599831364,0.000915400678247287,0.000965652851754249,0.00142359986665905,0.00621678131177798,0.00210359896793451,0.000987007997088096,0.00499450616040179,0.000843114501628862,0.00596148061658038,0.000801516193566551,0.00492543566978091,0.00421611865505199,0.00304582291756098,0.00471915814470149,0.00110025331324691,0.0020795745454906,0.000916325025722654
"TT0023",0.00182317781742312,0.000994079878555807,0.00144404775770496,0.00429673305234381,0.00536614995595709,0.00464823811997329,0.00492880233024279,0.00338099236299662,0.00121796319308816,0.000907700959735311,0.00143693043567879,0.00092357948076678,0.00167793300443541,0.000830481777044287,0.000827689140601655,0.000755628009086445,0.00100998749650145,0.000958868118962293,0.00106276725457143,0.000997042451742098,0.000943231769971214,0.00104908039522471,0.00303918853777154,0.00169227700584395,0.00111999711294007,0.00173490924015781,0.00142133753775923,0.00374303784239297,0.000787740163230673,0.000914326841656606,0.000765475262936655,0.000935899069050854,0.000766484459230923,0.000754072140363025,0.000870205676924898,0.000791776758651411,0.00104649733275282,0.00516305505858179,0.00179465386187739,0.00288305526029596,0.00144912192753672,0.00110470206363905,0.00119934960896222,0.00102442917896268,0.00292239631547524,0.000997729409079108,0.00105110988613143,0.0027592271933385,0.00776170582254898,0.00212332002293577,0.00590064106654281,0.000955563090479922,0.00106693374878352,0.0010129089203708,0.00117964632990786,0.00167326478002088,0.00106496016571337,0.00096836971599246,0.000897602104565652,0.000898023703408445,0.00108959631852692,0.00779923354602131,0.00734563471516319,0.00590095709062924,0.000844212520797564,0.00119899398483187,0.00444174335883179,0.00377996052563526,0.00319222995476457,0.00859396714707262,0.00348537141916875,0.00156987901277804,0.00697236807768742,0.00228869312442025,0.000749501834066595,0.0010104484038103,0.000697928336000766,0.00107082958481241,0.000809371808367273,0.00103042218041258,0.000710937093575368,0.000807551181548529,0.000793199124507453,0.000872487829365465,0.00286309851009969,0.000976825409196374,0.00103890919342966,0.00199435448819104,0.00192445409216103,0.00140401678110162,0.00133242454596339,0.00333751632377069,0.0013727800753882,0.000574012922112651,0.000882621137230314,0.000928386387659901,0.00894410009762139,0.000900947519593566,0.00389909905551707,0.00662970621137974,0.00230641444545552,0.00106158791887991,0.000724590011244515,0.0095701267980208,0.000858335627389214,0.00737795199352194,0.00383905028484178,0.00321177900676737,0.00927244444699881,0.000993007051502887,0.00341193083910367,0.00155553015570185,0.0051892178072911,0.00313576832825632,0.00111501160269483,0.000728535934445528,0.00081949064654179,0.00227972764876121,0.000712417347783059,0.000761304891091378,0.000970018622847415,0.000923094343330405,0.00355404213996098,0.000646261504786579,0.000958451661266299,0.00368728279063641,0.00142044938319557,0.00188653981489757,0.0056200475993014,0.00220458042388965,0.00429872224794807,0.00367242029988651,0.000946949740938887,0.0040114117579286,0.000786698466224066,0.001846469485019,0.00112607242355728,0.00333132311184538,0.00179380485977294,0.000936559809133891,0.00183150642736632,0.00172133325208186,0.00089113587218825,0.000846757302020785,0.000909183727547702,0.0021489064121462,0.00191790917453694,0.00773539760484404,0.000904044932111779,0.00359243722575014,0.00131623085846272,0.0050121230446525,0.000811286086990314,0.00232386383706016,0.00169678718547733,0.000993459808532501,0.00103824508994105,0.00198770467849298,0.00169039899914714,0.000726446519320738,0.000978464154825278,0.00330000764065557,0.00632420888110424,0.00120037892522228,0.000893125101163589,0.000950749016893034,0.000621229206075327,0.00093765505484058,0.00759417413145086,0.000783117265057632,0.00435932493001044,0.00695499604728497,0.00708123921421406,0.00444619636002495,0.00083921997879103,0.000728138561004195,0.00118344005673692,0.00772926477725716,0.0010165771321407,0.00194606051748394,0.000957459003966652,0.000978266145273842,0.000975586854475039,0.000730719352461608,0.000846586266778213,0.00106948186600742,0.5,0.00192498597043433,0.00349131041584075,0.00283870886745628,0.00235367311706023,0.00108918542445047,0.00107295350816502,0.00340974351344426,0.00454201889474511,0.00303062524308165,0.00113085064760965,0.00117341949080536,0.00125168884130284,0.00152091735105727,0.000880773448166675,0.00367760270793193,0.00530737414090036,0.00292331761058538,0.00303452243110573,0.00187512970029908,0.000937687732328485,0.000944943936085394,0.00102131312665908,0.000916615338948778,0.000930068207427517,0.00096903425115304,0.00406559697139359,0.00127053303509172,0.00901250223546317,0.0105927962380415,0.00083415072226203
"TT0024",0.000945321631013572,0.0021480355098015,0.00133290290290003,0.00117853838965697,0.00197398842514255,0.00108484211969736,0.0052947563415719,0.00453283207629809,0.00519841005612525,0.00186534759035875,0.00604185128001707,0.000987902147896742,0.000929051178152011,0.000896774915543511,0.000824736049344072,0.000779375015298998,0.00106897441185624,0.000825324237277391,0.00175424858689671,0.000849426547918465,0.000974876865147864,0.000864396746812797,0.00112789445771592,0.00140005251071904,0.00103834561434815,0.00442526516754221,0.00701447504257874,0.00445635498241382,0.000824888732042174,0.00108591620655418,0.000899817699017423,0.0030004556724189,0.000908137078727199,0.000828766246336835,0.000863476919992794,0.00085974834172086,0.00399266692838371,0.00473684010331902,0.00591146821348008,0.00458578357742008,0.00223399842207319,0.00219656204963663,0.00212675598451353,0.00174032815114077,0.00106657332980602,0.00176359422034074,0.00105260608896632,0.00229815079062668,0.00135160367408328,0.00352924029097091,0.00215965658174274,0.000992943300023529,0.00117294502450588,0.00374904078500533,0.00127319068084717,0.00103264652692819,0.000944207792836673,0.00137621982886375,0.00426645826148785,0.00107318496137404,0.000959148794135429,0.00417871102919967,0.00582924521567462,0.0013745214629264,0.000823221305364741,0.00501970515997909,0.00163222481896001,0.00116994716825053,0.00102909698514499,0.00144692834569383,0.00277426637478344,0.00126961894619062,0.00120208871069354,0.00499428838993089,0.00071686220647733,0.00118187213247582,0.000822020396152483,0.00712981578347671,0.000952188695540169,0.00472659166078417,0.000808992988960269,0.000918098934990644,0.000920943066168692,0.000970005792856183,0.00659912429179475,0.00205814377897591,0.0011597781051461,0.00125017486023423,0.00201243661597624,0.00791787559404034,0.00612491283216902,0.00439128843132869,0.00394967431110181,0.000702272120595445,0.000875717701724299,0.00105498785161468,0.00130184029638978,0.000982526671690087,0.00123863032474075,0.00313396525033748,0.00579630941515095,0.00213194272025058,0.000886377751424936,0.00132910423249667,0.00188834788643105,0.00220096317109053,0.00204977808891277,0.00616805243387051,0.00129478498169596,0.00151072211225282,0.00591609351554563,0.0038088841519814,0.00112251016994077,0.00109850675151617,0.00448826172863737,0.000794600387649164,0.000831842000988487,0.000783113584406968,0.000722299722581014,0.00275891644408207,0.00324171904124045,0.00519708512183246,0.00191860703679422,0.000727977851960899,0.000982317723462696,0.0012780729548166,0.00446911741578266,0.0103260584125168,0.000998296618231654,0.00429577547039014,0.00139621940585557,0.00120201755340693,0.00110057143338245,0.00798839702902276,0.000830147206721283,0.00189942559061572,0.00564911696342324,0.00112119913960422,0.00115561231614706,0.00105088509885052,0.00125651811838516,0.00681013858414655,0.000948391452582191,0.00106788336840856,0.00118828934169995,0.000734055757999483,0.00524610263047176,0.008045726168694,0.000860530442228376,0.000844664600082182,0.00119338369502193,0.00111899506129468,0.000888401478483234,0.00127344960316594,0.00869967032878907,0.000900550148661004,0.000992366913432664,0.00478637118844794,0.0029094812902557,0.00143255963702449,0.00128907074795087,0.0038786373798021,0.00122754594511588,0.00211898363037309,0.000902042359080619,0.0030288343515629,0.000693427429111018,0.00085720871341416,0.00218559318238792,0.000861701640140666,0.00237861430964479,0.00240375816839513,0.00119227975840892,0.000920489022091813,0.00426508243364096,0.000799964747566826,0.00114300306380599,0.00219413135588871,0.00394875425943434,0.00714441644028017,0.00232541280270598,0.00217368148293163,0.00309133754089692,0.000789503631498513,0.00108673320270375,0.0037421090722458,0.00192498597043433,0.5,0.00174170413162639,0.00423924378541247,0.00119190419116751,0.00172657924568377,0.0011091969923764,0.00106500213007935,0.00303164284758216,0.00514451560245821,0.00631258914081515,0.00112821587212562,0.0020373321806422,0.000949576962703067,0.00176358207098877,0.00122883008076214,0.00331178298709343,0.00448566922187175,0.00187588530907121,0.00109005683450961,0.00394650670497179,0.000846763696089728,0.00120201408763339,0.000841520600623482,0.000945281686613957,0.00114165143191911,0.00526411744980337,0.0040091061830399,0.00140691849866945,0.00144932372442719,0.00092023723795249
"TT0025",0.000884594271057554,0.00115840049570102,0.0023806975691198,0.00155100640687765,0.00550584230000678,0.00466971727210663,0.00367105239244718,0.000912171990996573,0.00103005473180119,0.00110465060644409,0.00148186154279412,0.00179213888889536,0.00179181585217551,0.00075958980697753,0.000754714864021928,0.000835928338559459,0.00188194659544719,0.000767066376693936,0.00112711973567969,0.000843703491682347,0.000807933499481268,0.000870258019452655,0.00415636229205104,0.0015031686009507,0.00111085674349861,0.00131098261979496,0.00120724855985682,0.00153436510440309,0.000680544919989453,0.00191022855387061,0.00107477573082531,0.0010075318037885,0.000780176184106985,0.000712672846336732,0.000870610064477975,0.000740801549210173,0.000998833769938978,0.00331184610342787,0.0015581987363811,0.00345274672903245,0.00167516126003026,0.00104014720904061,0.00134868112780839,0.0010154397346573,0.00475029667962736,0.000851907600286318,0.0010128479951998,0.00386770005699036,0.00248134146295433,0.00141288380105833,0.00143126917920066,0.00167332039378021,0.00374029894919712,0.00112670550311657,0.00121473802471462,0.00196753727849019,0.00105851822227145,0.00111807321425258,0.000994143730447253,0.00094014505852729,0.00267077763546471,0.00190946364220997,0.00226158641220761,0.0242107004401796,0.00086159718838748,0.00148867778192074,0.00169260556291096,0.00245908610739572,0.00488641482178906,0.00166151482319572,0.00141187771173385,0.00141561974746214,0.00133469554064684,0.00323677261231881,0.000646177094147463,0.00217032449411616,0.00072153228499012,0.00224011636775731,0.000966620147512279,0.00115100314022293,0.00070447946888308,0.00108465177062895,0.000755612062973189,0.00330991970051459,0.00155330215400032,0.00104066346426671,0.00119838979100634,0.00280375700114463,0.0013222566413469,0.00248123366011555,0.00118086639580728,0.00529903288219205,0.00203982988286972,0.000628447423514638,0.000840043299703501,0.00306966682781597,0.00349344516254191,0.000780906228541352,0.00153063981426735,0.00422375326733304,0.00183017609983416,0.0012962982453881,0.000784142425180702,0.00638273370361036,0.00110580004909829,0.00144383054785576,0.00142290316078787,0.00187046320247893,0.00174245724934705,0.00102730496110709,0.00145376313149396,0.0038130784647465,0.00583087324431486,0.00292014030903196,0.00161663727592313,0.00071832710195778,0.000781537198070458,0.000721132923584753,0.000693053019479405,0.000902178839931913,0.00124875545421672,0.00143052288538947,0.00141380620275255,0.000640255335564796,0.000737188020967035,0.0125923447490492,0.00180414298297316,0.00154210399738492,0.00133841289484549,0.00177020842882002,0.00350616925155305,0.00580063184244626,0.000820685893381396,0.00435562389762637,0.000693959171002781,0.000904892765729348,0.00142057763501392,0.00330214701816485,0.00132004543172623,0.00103159322110036,0.00321578939993732,0.00168809310612811,0.00079009018527162,0.00101508140225122,0.00114200238387502,0.000689364769670343,0.0783008254792289,0.00199065171297094,0.000836999542144857,0.00479707222978701,0.000868883137329506,0.00594892467257129,0.000760576932415455,0.00443701642643281,0.00199117280099322,0.00093794703527738,0.000708601289251041,0.00110148317041052,0.00179364509534011,0.000956036416258189,0.00283556521050756,0.00229384258316825,0.003403052714572,0.00116506833945023,0.00097666817165209,0.000943348862183703,0.000645800865352555,0.000867651683870277,0.00158734123647728,0.000716861195932516,0.00181853285699992,0.00627887537487883,0.00154477132480321,0.00278100642419236,0.001305122174304,0.000684164044423847,0.00305583725117557,0.0037177089199704,0.00153932758293959,0.00170433223000602,0.0030787758951094,0.00138085922576159,0.00164081082821537,0.000660809614370967,0.000932230096701395,0.00251301244737417,0.00349131041584075,0.00174170413162639,0.5,0.00129982319473706,0.00138403279734781,0.000936830777016588,0.000749530006394206,0.00103219286683436,0.00170452426590498,0.0017264772461363,0.0013891918208931,0.00123219730066727,0.00121373687448869,0.000820145392980905,0.000791473804880408,0.0023894818346836,0.00324518874730452,0.0033640255757671,0.00123689582245878,0.0012412315770951,0.00102853117897444,0.000841543997968831,0.00143204717215759,0.000795800859840514,0.000823900101296635,0.00188294204614871,0.00146564971286483,0.00205653414524951,0.00430115801211857,0.00172968613903293,0.000755111005423109
"TT0026",0.00393658537991083,0.00284768803309073,0.00100167622469728,0.00386100243086145,0.00261041566742415,0.00259068358126032,0.00285674378487418,0.00367962813748843,0.00107381165601754,0.00298937461759094,0.00115484888345655,0.0040107851981657,0.00396158263277393,0.00295722275481279,0.0028620183627328,0.00126069681663305,0.00401530022693619,0.000815688953464106,0.000914912956138734,0.000910437120420631,0.00290920064993482,0.000969465500433453,0.00248888222743413,0.00108568250295403,0.00106707982035401,0.00273422738260807,0.00111784254521039,0.00193707409394389,0.000826686934374619,0.00292230285122024,0.00310252912508527,0.00106595743434495,0.00390712026420593,0.00293308760961567,0.00278385009286019,0.00296990488758864,0.00108448778608918,0.00271979015422514,0.00419440423076973,0.00101309470541978,0.00109218969883709,0.00295197799990674,0.00101082741633313,0.00103561500357448,0.00263044132389971,0.00271973844825866,0.000922072486204865,0.00108602097169706,0.00197945441182555,0.00409500568220389,0.00120035791153446,0.0027036795679383,0.00308698539603992,0.00103715362624462,0.00301927293299819,0.00094855721298965,0.00259233667180416,0.000954753729110931,0.000948116095832515,0.0026642451216456,0.00289257286735132,0.00212373964397847,0.00357062150147169,0.00103815298933815,0.0028866882060759,0.00357396516645717,0.00183080049439233,0.00379012725803717,0.00260278729890554,0.00354195687819577,0.00323914791952565,0.00101493838292252,0.00105613526758705,0.00547277464014759,0.00107853155960947,0.000941206454609532,0.00376639963435221,0.00110587215318708,0.00180340931556398,0.00108650185589557,0.0029571843310021,0.00298498435440448,0.00469523266106311,0.00316560579715036,0.00286212988725046,0.00288709471136313,0.000996905451877658,0.00142704102500111,0.000994014468164328,0.00372331279246738,0.00104287842286985,0.000971130859756869,0.000928505686829909,0.00178275327793375,0.00302759994336671,0.00278871034994064,0.00275740019083892,0.00281050905013895,0.00102208292563864,0.00116529055014695,0.00428947232711722,0.00307130858950387,0.00305300059931155,0.00108724345260427,0.00310437146836754,0.00278585287211271,0.00177915811587706,0.00397686787771206,0.00110047718882411,0.00289227963455779,0.00108193140088192,0.000940598253983379,0.000958694386699935,0.00293443866135027,0.00576305839569042,0.00291656830299241,0.0028284169953777,0.00376731244145547,0.00347140822646844,0.00515104787077313,0.00724684234478262,0.00210345724654969,0.00429795167758414,0.00329570755269645,0.00191578157466739,0.00100639756246837,0.00110668878056259,0.00423402105304455,0.00413823271867385,0.00201386896155253,0.00281882171373852,0.000935171578683971,0.00347942963788232,0.00449190963758384,0.00325080548416373,0.00346147062352031,0.00100957201722501,0.00091899391066737,0.00102136547273759,0.000946672826921044,0.000934801493923262,0.00613147344588499,0.00330038028291844,0.00324591261903695,0.000957422259699287,0.00345220445412962,0.00333311176155213,0.00617149803058187,0.00341838975224781,0.00298304363536944,0.00281539001790129,0.00101453763197776,0.0034345345230501,0.00100852385393049,0.00450335860269678,0.00319192712233614,0.000956064182406475,0.00282460475107401,0.00113678949462981,0.00102911245689706,0.00101026807887658,0.00097850930202862,0.00141964804343717,0.00102880878626542,0.000956849680956458,0.00102613448106223,0.00328471534640897,0.00326979004857061,0.00203604645681911,0.00419430264959678,0.00194252316157025,0.00116357965748002,0.00103978128970663,0.0032716369795973,0.00200711689064545,0.00319751384254931,0.000921914406905457,0.00109478665453648,0.0058132416077902,0.00503839985335481,0.000978421224571879,0.00185215260509777,0.000994318496315519,0.00322327081009356,0.000965267875493024,0.00108057188159191,0.00283870886745628,0.00423924378541247,0.00129982319473706,0.5,0.00100085412053194,0.00330529548064686,0.0018313638774278,0.00103242494916943,0.00110342924917865,0.00396275748996589,0.000942356996653427,0.00110790158333745,0.00101647442767033,0.00129771541565641,0.00337574020257604,0.00106132165119221,0.00329670886343991,0.00309560093510058,0.00426373364732399,0.00100472754331007,0.000945398511220215,0.00327682421322105,0.00189558858931486,0.00315350569939585,0.0025144749439271,0.000956406505677074,0.00120335655682479,0.000963039601396217,0.00114451560764153,0.00291829914172597,0.00346769836435055
"TT0027",0.00124519201139015,0.00123734170479811,0.00553180411192971,0.00459431561906554,0.00629255897198685,0.00363808455773794,0.0033584858643055,0.00108733341269749,0.00129705002771466,0.0009094242665942,0.00127377212680377,0.000873824597464628,0.000867190512577402,0.00100770173861602,0.000952647717839781,0.00077673733230751,0.000900936198015088,0.0024267819102505,0.00609601700006262,0.00204613675246752,0.00246811772093281,0.00125361016077028,0.00138959917641488,0.00525964867252833,0.00451846734981115,0.000997141721628487,0.00127248563416588,0.0012717265253206,0.00240620850014188,0.00100781555416603,0.00089147662557457,0.00102891318650889,0.00101466526889781,0.000913572955552615,0.001017586230842,0.000889808996101432,0.00116085905446637,0.00137546644132643,0.00609710579064077,0.00133761787557881,0.00418690904422504,0.00140961427307999,0.0063340592599961,0.00098787621860584,0.00144639268511268,0.00241105068544149,0.00665397915590342,0.00378618004294227,0.00119036518255279,0.00245425867714606,0.00117068562919218,0.00235701263217135,0.00140844269890242,0.00160760861543395,0.00252048461340533,0.00600508485128513,0.00126750875667337,0.00146452178245743,0.00224275773979245,0.00136364097334423,0.00137042626508068,0.00238352117586235,0.00130228260607264,0.00157490161811314,0.001009377773817,0.0065259791625312,0.00112476226187752,0.00149207394852904,0.00142968990417442,0.0020829022970508,0.0015506968666628,0.00185265986889754,0.00144174846962428,0.00140988755109177,0.000780927110111518,0.00526011792044564,0.000865439928560223,0.00104773670914781,0.00527572382149555,0.000980604107083854,0.000892218600371382,0.000856346477173376,0.000873424639401635,0.00105177363017686,0.00118269690761349,0.00153375299760313,0.00620568498348604,0.00170260477471763,0.00168253299576016,0.00123854648426855,0.00342653670414886,0.00137509870830163,0.0020552613949457,0.000670588553777494,0.00111545818111349,0.00242290030153712,0.00222433388108029,0.0023609890091074,0.00239066864666259,0.00366864001770115,0.00249977023515213,0.00112386509120029,0.000873153122029639,0.00247667719024894,0.000915544428164102,0.00233924072153788,0.00567958454764086,0.00128099373489985,0.00236404140065955,0.00138735524844327,0.00134328801610078,0.0012025407463794,0.00631658346946817,0.00134523952370417,0.00103957892427376,0.000881644602149979,0.000986298308702444,0.000864784074553647,0.000786400800677084,0.000868914332477744,0.000939404332149939,0.00086680334356703,0.00116327802424873,0.000891928047980555,0.000829514901051467,0.00270045242891688,0.00150523190869331,0.00132921002555791,0.00220285976913976,0.00125478477446009,0.00148221823815833,0.00578069701094273,0.00322741325564103,0.00140209293685035,0.00213687650880406,0.00458945794328837,0.00104433910353637,0.00636461259415516,0.00544836482084232,0.00715724290891809,0.00500750079172678,0.000975604577730291,0.00215027698069717,0.002028242916831,0.00468220231732116,0.000780938805039303,0.00113025616656946,0.00120498549037893,0.00230998467390726,0.00135391693155721,0.00109442155253206,0.00694671729446798,0.0022470888790923,0.00187399766927854,0.00254724592566471,0.0010628347806024,0.0023389792969475,0.00111412071805459,0.00096250352407868,0.00125819276220198,0.00136654801425528,0.0023643658939335,0.0025140760784347,0.00563343672293468,0.00523396435814887,0.00346118789420717,0.000763468077902185,0.00102916799363177,0.00122727062824676,0.000893944738123817,0.00122117559764969,0.00242482756923435,0.00132394405949651,0.00357111365687391,0.000855942986758729,0.00210820308717672,0.00298801404628625,0.00238447889955447,0.00194632134160673,0.00155481826596032,0.00167855551984016,0.00153115838155926,0.00240949596597307,0.00209847512949688,0.00603811634245824,0.00122485099205891,0.00235367311706023,0.00119190419116751,0.00138403279734781,0.00100085412053194,0.5,0.00226733642626786,0.00233338588097421,0.00117219198483164,0.00129760828292037,0.00395938352963854,0.00118159682166276,0.00310603898568997,0.00505617308269155,0.00213884086165249,0.00221068244919912,0.00720065560115408,0.00550560981571257,0.00230449521883643,0.00109632204929725,0.00250015430123325,0.00214964505597394,0.00131684444583415,0.00507506896666322,0.00214896804852434,0.000909753586786162,0.00557970574578869,0.00664567066824385,0.00337458654021412,0.00352740956216196,0.00229687768479482,0.00215738628230653
"TT0063",0.00305968468783766,0.00376936919429482,0.00202636756530339,0.00314966642800189,0.00287141403094935,0.00447099910154682,0.00287155302416679,0.000993291526805859,0.00390999054514911,0.00284361113488902,0.00370911159258889,0.00287423008645886,0.00289445941127414,0.00279280293430571,0.00280796195617308,0.000794894744189336,0.00293095425278249,0.00208064364073053,0.00213985555528273,0.00194550894420664,0.00421744486936746,0.00203927072007969,0.0024976671329471,0.00123602222554881,0.000985326487150011,0.000850537397224779,0.00106167658952,0.00276738255581523,0.00204626245572793,0.00274723469975691,0.00294618656607337,0.000918210078509393,0.0029426656947031,0.00278580548008337,0.00280731810633896,0.00279474168600884,0.0011528376769895,0.00346452176090519,0.00114085807834757,0.0011686084726335,0.00303703762870116,0.00561845143010948,0.00330951797915721,0.00108653864410236,0.00472564867169399,0.00487759130206108,0.0040676972225589,0.00204135877052336,0.00098366751224593,0.0043344353219356,0.00103123606923273,0.00595226563159432,0.00423373784951907,0.00115378623173257,0.00417674729235604,0.00102149483595053,0.00275967962162402,0.00094739848491293,0.00106128058617805,0.00365175884332623,0.00294871067243731,0.00105415979825531,0.00100063909909447,0.000974373732480476,0.00287242657417273,0.0019490589866799,0.000842930443717388,0.00534845307633654,0.00369686065590162,0.00106024611370483,0.0018131285489022,0.00338324436118306,0.0039046036099998,0.00264538890160416,0.000903996938742435,0.000903767838652423,0.00276114579875708,0.000846940370494005,0.000926666785772394,0.000967396793384688,0.00277500850843835,0.00278762065544099,0.00276596529763146,0.00306670440467801,0.00187482504654205,0.00396061073762958,0.00221559141647786,0.00103037585572977,0.00109415124485613,0.000975894742912964,0.00113114011162331,0.00102332789092784,0.00297144831043533,0.000764929262481027,0.00297548520449837,0.00382990192468657,0.00300434353204085,0.00592684271203313,0.00202724763295525,0.00103642306495064,0.00186060235111268,0.0031729642390622,0.00286299613230114,0.00271707920115341,0.00288426333845909,0.0019335849355553,0.00339505718038013,0.000908679605244605,0.001886454959677,0.000946441029535586,0.00194661762585481,0.00101161510645848,0.00312450765629702,0.00319586712882837,0.00286897669441352,0.00278277493901692,0.00280267971312167,0.00368972518157023,0.00337207216841594,0.00330330471184705,0.00334920773223981,0.000855976021495722,0.00427320916010974,0.00320050364747951,0.000859255992350347,0.00191765196185285,0.00226889732081586,0.00260979880136153,0.00339258101836073,0.00107115881847049,0.000958328263654668,0.00112243536366015,0.00446688482731474,0.000918358613968009,0.00439807837069489,0.00457278175589914,0.00086445804015886,0.00196995112930206,0.000960090027579403,0.0011627735362201,0.000904566761020375,0.00316613975887974,0.00362933050000187,0.00409811046919726,0.00189855735783028,0.00334077061706397,0.000817953957572673,0.000939598108895973,0.00376453648635957,0.00316935273428441,0.00174171851457127,0.00280563080636072,0.00374572958976916,0.000995945110033078,0.00106039068680269,0.00527333440302244,0.00133895914298657,0.00119192030680312,0.000998561863175252,0.000834642050145956,0.000906090557075617,0.00187184905724631,0.00183911412944498,0.00362503521535177,0.000959460111373487,0.00211560256764814,0.00317003304199935,0.00523344725722414,0.00213547235087197,0.00437544720482619,0.000868666146163114,0.00303565281829148,0.00206079333148892,0.00413643543689374,0.000951573190404251,0.00339079328863583,0.000910460576855285,0.00113352575664096,0.00339433141316289,0.000895610105644785,0.00181360236010415,0.000834362325696349,0.00191119535091701,0.00425688619924981,0.00194757047994746,0.000840243255151453,0.00108918542445047,0.00172657924568377,0.000936830777016588,0.00330529548064686,0.00226733642626786,0.5,0.00317555404226632,0.0010475328737133,0.000903102084815818,0.000943251074132196,0.000947765219191978,0.00108929934894346,0.00437052425292046,0.00203093371114157,0.00531202629185093,0.00226845805810614,0.000990220520542323,0.00188486188467803,0.00350878152027321,0.00186568638555632,0.00106900008953052,0.00449122598519498,0.00089902852800137,0.00428561604316069,0.000892089954202034,0.0020820011373961,0.00167423446944609,0.00196995627778734,0.00107766380981261,0.00290221241913424,0.00466859987451417
"TT0028",0.00114681402714425,0.00117279011894297,0.00119209066658231,0.00140713428780367,0.00185109195829826,0.00102865413784087,0.00197444878034124,0.0188180942443201,0.00406084143971511,0.00197514054054957,0.00125673680057182,0.00118324716750145,0.000935179838783352,0.00115663558323396,0.000849210360653389,0.00111144749985133,0.0010639112431201,0.0114862133100699,0.00240920882874737,0.00704535439403222,0.00364591479588584,0.00781701278149403,0.000917307204827179,0.00231651675755566,0.00108972671799626,0.000999541144291762,0.00189366078198593,0.00108530801515401,0.0142494807477042,0.00114179910599403,0.00096697635928347,0.000994668225111666,0.00103359916516456,0.000831306105691618,0.000875775119868905,0.00102309553410976,0.00115568679560758,0.00347520703512695,0.00216319051438743,0.0011686720483907,0.0032540488030342,0.00391322481726216,0.00153328466532017,0.00823755592511693,0.003139096078694,0.0034018459668067,0.00357425699356672,0.00123230609088707,0.0011604516302221,0.00209151916745909,0.00125025765490283,0.00452853242458214,0.00129053447852065,0.00235016122713555,0.00136781960277437,0.00105103743501034,0.0010262861766065,0.000948199474593119,0.00211287953554038,0.00136158250954916,0.00103865990924369,0.00212888277682272,0.00118931355686114,0.00091120130103726,0.000953444674136668,0.00144421906360142,0.000943168758132014,0.00119360518202112,0.00301244336928213,0.00157816370938268,0.00196567878320389,0.00357571049259682,0.00366073752665858,0.00169634778203813,0.00586134678374717,0.000900256678346016,0.00100588493145812,0.000955305980202568,0.000874191667431121,0.000884329625401554,0.0010108934563947,0.00109755763396859,0.00111644394061468,0.00107170581326581,0.00212112643690223,0.00225001869246964,0.00135963594431703,0.000910654912419246,0.00224009100607364,0.00117024385856496,0.00241207936099696,0.0010832197226226,0.0026697534895019,0.00113645068963016,0.000877192248043143,0.00137865937513241,0.00313570645909208,0.0036155555129298,0.00233827875130708,0.00107288963600166,0.0020554906947629,0.00138043620843851,0.0010404021681304,0.00104121182742719,0.00101307661560199,0.00153347333257324,0.00425464907171889,0.00161798238461651,0.00105611743570471,0.00116118776850728,0.00117638951124004,0.000947651841670955,0.000983317583613915,0.00223348136388573,0.00117250513590607,0.000937406789928189,0.000828017641574107,0.000860144391041965,0.000906920742905715,0.000783745933654015,0.00092986043083133,0.000904373819913161,0.000982893536520694,0.000821804270665392,0.0169301194890848,0.000967035610808523,0.00126262181690258,0.00122549367588888,0.000918344156334973,0.00153006087474909,0.00107275764446249,0.00126281414855755,0.00212467692703036,0.000963827582707758,0.00223172231287355,0.00294795877558847,0.00184154685481403,0.00104616931932348,0.00100172210689236,0.00341828396830779,0.000949031331211065,0.000950316100835753,0.00240993875952651,0.00106126964573626,0.00114891560183277,0.000715783790738025,0.000866349924578442,0.00107563991267573,0.00224669562877334,0.000839554609693608,0.0214865733166995,0.000959180740292977,0.00218663626577003,0.0010414782141586,0.00214588704540948,0.0031072099379995,0.0241869027860261,0.00229386847830086,0.000943196671004791,0.000942530489030716,0.000864671373605258,0.000981021579455853,0.00092154873033145,0.00369958557404639,0.000845910981261373,0.00237147309638229,0.000799472979672428,0.00320755001525599,0.00419790007453293,0.00119193842468351,0.00101246593554701,0.00148484379678885,0.00376727000986583,0.000926436890255227,0.00093605184967146,0.00197169660744824,0.000891094851474656,0.00114918289075452,0.00199060766098953,0.00169285780554427,0.00206364812212579,0.000881499360005832,0.00155442751648142,0.00130862942580861,0.00237689378782355,0.000966975594015949,0.00107295350816502,0.0011091969923764,0.000749530006394206,0.0018313638774278,0.00233338588097421,0.00317555404226632,0.5,0.00682076704721135,0.00111319081815426,0.0031835258076278,0.0011236878339231,0.00108752424516814,0.00477080770024515,0.0188892792170055,0.00390623954156361,0.00236735752465376,0.00106921138216718,0.00103317778437421,0.000914360118348144,0.00120923405172111,0.00207418789794765,0.00133237347639674,0.0011467328149528,0.00141359114211987,0.00560328449744412,0.00147358581844064,0.000999106391604155,0.00125916447527532,0.00132024749311196,0.0012120995395203,0.00331157848130364
"TT0029",0.00104255039488005,0.00232709862449185,0.00431587675442794,0.00123468827049347,0.00105315655881019,0.00322953822349979,0.00105368387047627,0.0107320766244328,0.00105708178314362,0.00224217876472085,0.00216057100771871,0.00141411518603457,0.00112523654164539,0.00213770565176674,0.00103880209134833,0.000879059488983979,0.00225164303159467,0.00193373096589392,0.00143776110663126,0.0229194966814642,0.00116697363932191,0.0244854533731265,0.00106657357728233,0.00120481368380925,0.000968135352766378,0.00132318387457747,0.00192402423589676,0.00478604567476679,0.00179223521533704,0.00140254495708809,0.00116232079314365,0.00122582098195205,0.00128862347515344,0.00105611164882895,0.000970174922539503,0.00209145043315277,0.00126660960196761,0.0010156663114959,0.00102870006154555,0.0011824977457318,0.00221330571935519,0.00223096995554346,0.00124604119111951,0.0202809183211867,0.00118851638739169,0.00154753437891304,0.00138320645708121,0.00127666872461905,0.0013659007183109,0.00140121317915909,0.00111720350596008,0.00129085636197842,0.00234174296047039,0.00312614957115751,0.00254927224471428,0.000892623452314882,0.000851774179432397,0.000878158742720364,0.00104217268715861,0.00131668363824072,0.00104454980488684,0.00198063124159511,0.00300593279331303,0.00109864786692388,0.00105827282265168,0.00113475680006045,0.00116977062744979,0.00370036042182487,0.00123745753483587,0.00136051762788201,0.00107105829997955,0.00117396721258724,0.00145306465787636,0.000970815912104319,0.0222741821990281,0.00105266626911452,0.00130553452611548,0.00209401940071628,0.000997257938231903,0.000964694267062657,0.00126088254257756,0.00220827548274011,0.00129582626877292,0.00127320154669839,0.00195829785974497,0.00122175346453046,0.00211771552171469,0.00102162818548051,0.001035502762322,0.00105486880155609,0.00204830908854611,0.000952500451203875,0.000968142310217262,0.000949724967053678,0.000951096038126286,0.0013025530346982,0.00136680652932934,0.00124155988291008,0.00146714129679428,0.00320684737600269,0.00110291036937076,0.00324627305340968,0.00129512931188656,0.00202959391461186,0.00225011563256012,0.00109136061397248,0.00431643116845748,0.00100049300188917,0.00329264450021978,0.00115567767159462,0.00461877592134852,0.00107709293181913,0.00266197776134161,0.00110729751697777,0.00219276401022824,0.00111910584745634,0.000939049454795154,0.00101861631549471,0.000998122384930032,0.00100854034247844,0.00105209526773568,0.00108795802396793,0.00449021764700051,0.000899747505523393,0.0108793886772755,0.00320216644723484,0.0047459442238052,0.00108830784694005,0.00337309599625158,0.000966633814067788,0.00104427209322067,0.000969500657578313,0.00093091393070713,0.000929724050939119,0.00124517700473464,0.000981322216784152,0.00214397238404243,0.00108253206577646,0.00116108107335565,0.00199521445484263,0.00110847389227993,0.00266337994482439,0.00101023285650756,0.00194152587690836,0.00126653131535354,0.000879113514421202,0.00201330133953361,0.00110548846331874,0.00207816824018549,0.00181701727336743,0.010914361439266,0.00106438000468771,0.00273806268184277,0.00109183713564527,0.00104067126726266,0.000879355656161969,0.00292326402022815,0.00142340011877264,0.00106875248358901,0.00105883724849925,0.00104775235288976,0.00200251688863578,0.00321821716023014,0.00107310508874653,0.000894566886070151,0.0011086468894644,0.000969515304651945,0.000909227996779704,0.00142689688410815,0.00105501918684714,0.00132872514679338,0.00205808031683139,0.00127051322407252,0.00310454800445829,0.0011220201609385,0.00100464436483432,0.000843826663506407,0.00293727318920085,0.0027606732815466,0.00198998391422282,0.00214322048105925,0.00217104890319865,0.00114063042754673,0.000949621854404197,0.00303843646934822,0.00314291697265368,0.00340974351344426,0.00106500213007935,0.00103219286683436,0.00103242494916943,0.00117219198483164,0.0010475328737133,0.00682076704721135,0.5,0.00367585672215687,0.00306918496917991,0.00210553497048081,0.00199059500401892,0.00111408309838996,0.00231719351962859,0.000999530381308895,0.00454560177376745,0.00106074366387813,0.00110155576605291,0.00452943669692911,0.0010383720334507,0.00116426169096184,0.00134236146777534,0.00221498782469949,0.00129038588955778,0.0237417640763644,0.00134265083575788,0.000982481875946871,0.00328868235627973,0.00112899379659983,0.00347121358450514,0.00196962056999782
"TT0037",0.00397401229959794,0.00210414017765134,0.00222545138006649,0.00117996133592047,0.00149570568514294,0.00112613543415789,0.00107644283369887,0.0019313559156188,0.00114391260127398,0.0020091424061522,0.00205974728456287,0.00193064553391711,0.000906761531596438,0.00346687018317068,0.00100008935872048,0.000830369241322844,0.00199275679200877,0.00134660790210693,0.00112314465620617,0.00104754334026268,0.00116699063002464,0.00108304900565328,0.00106721170731305,0.00441928179707232,0.00405092197414306,0.00101521570294193,0.00216884297175799,0.00206602404262589,0.00420435027991768,0.00103330069830951,0.000852607767352496,0.000949415751092798,0.00320588373121744,0.00202294612074776,0.00103817521011804,0.0019837204638054,0.00100870437291271,0.00109696024902386,0.0013434773002002,0.00106403003160461,0.0026099303179661,0.0020977949095816,0.00218928877877227,0.00273992663609496,0.00104698812968752,0.00104560235326072,0.00109955038497097,0.00558903238159696,0.00315136449738711,0.00239303341546581,0.00868239039765686,0.00100289494336407,0.00221762906604871,0.00129408656597566,0.00220380180679706,0.00403975486072272,0.00361426064014675,0.00383483568471004,0.0035052448625636,0.00101962512299645,0.00387136760121268,0.0059879527032101,0.00626171011576018,0.00444529565728719,0.00100992801493842,0.00130323597452755,0.00520872964360024,0.00120366193810694,0.00105587870321127,0.00557719686466692,0.00238252318269154,0.00285231754071831,0.00427350481368829,0.00128543766636491,0.000973687956241641,0.00113844588578059,0.000887636708370517,0.00205052519356529,0.00196337638376721,0.000945281778609471,0.00102153573290928,0.000885975077737486,0.000856685467268043,0.0010391037895858,0.00208486253138113,0.00116042511866844,0.00329762378158516,0.00372156603038882,0.00674663355967917,0.0012427607692548,0.00289274933543351,0.0011126212216604,0.00112067657118908,0.000728929549482705,0.00123825866112561,0.00105123295628599,0.0042194397567661,0.00298896938898341,0.00575996109587289,0.00761255508713173,0.00458060230697459,0.0031985224104979,0.000878664141208889,0.00478777250675644,0.0019749804005367,0.00496865406557211,0.00203591959956443,0.00510878734989803,0.00471945648339699,0.00403105753603698,0.00215764104153659,0.0016985212926691,0.00114235513705018,0.00110627493110082,0.00216222641212213,0.000952678661501472,0.00198483404969515,0.000859681096780051,0.00082545628783553,0.000888141437725112,0.000993782072556217,0.001074445679456,0.00197380597093983,0.002959241461384,0.000935987589223397,0.00260143812674855,0.00326265358168165,0.00131974110073416,0.00100842971367658,0.00128115863470188,0.00478675475131775,0.00128467862793398,0.000962664870482297,0.00501840472346487,0.00182374309868763,0.000990500738347468,0.00198604789294667,0.00126749644011446,0.00113605649550888,0.00376899204083751,0.0010960772609928,0.00207395218803795,0.00100103946825772,0.00181190694394856,0.00115739444730478,0.00083832919258438,0.00337027306771084,0.00474395008780741,0.000968727315418716,0.00102793414589249,0.00106878444075758,0.00129764297078208,0.00284337465779667,0.00253718561109426,0.00512508458223783,0.000956981351412378,0.00122813569014811,0.00110915618224728,0.000957635055990905,0.00371131416359493,0.00118461012820507,0.001158116372461,0.00457508854013957,0.00121276235551617,0.00216859316107471,0.00362011433682742,0.000727012598997549,0.000971925184229686,0.00544867090031953,0.00178417364989927,0.00722617678449149,0.0041534120182587,0.0043839298141086,0.00110259612687743,0.000938394470998692,0.00331333532418797,0.00364266597546893,0.00656432142657772,0.00291810739066358,0.0023210454200674,0.00212974211193455,0.0052285829329528,0.001327090233062,0.00312201888795135,0.00337156167533592,0.00218248477739325,0.00454201889474511,0.00303164284758216,0.00170452426590498,0.00110342924917865,0.00129760828292037,0.000903102084815818,0.00111319081815426,0.00367585672215687,0.5,0.00325741320506819,0.00286747260495085,0.00150030087428271,0.00219961183968425,0.0012946658323074,0.000955987197871892,0.00148390153354925,0.00126595565511995,0.00123577565707625,0.00284411091806697,0.0062782733487681,0.00101365985706163,0.00095823790956756,0.00203217163562864,0.000916414344395511,0.00102716443627043,0.00116386129166212,0.00105847294845449,0.00114036228779641,0.00450221074403081,0.0051457283075092,0.00194659966620713
"TT0036",0.00114935948772027,0.00229185574978491,0.00573317755527221,0.00118286709908016,0.00337427150997333,0.00112012800728241,0.00346069991805607,0.00389980557605158,0.00144703546483147,0.00111137870799514,0.00153814942993296,0.00204449206665451,0.00089743831002698,0.00109132099077154,0.000881962037074746,0.000805603500076462,0.00110127892653818,0.000932119335677662,0.00129931005009853,0.00105420684716919,0.00103758275986168,0.00110981145985498,0.00117220082029747,0.00123148281611157,0.00115353634674499,0.00155840132864825,0.00245237013072561,0.00386355289809917,0.000990835510094994,0.001063431724282,0.000900292396234164,0.00121196861809595,0.000951401298818695,0.000902027704237968,0.000947451889127321,0.00097782430740981,0.00111332011672695,0.00330197383296852,0.00692803113990917,0.00120808071436984,0.00230524811871295,0.00212662315647873,0.00302565473110838,0.00284101232847125,0.00104207276968065,0.000948936986262641,0.00274472549663009,0.00126869965680333,0.00138612047328197,0.00222907629634008,0.00131492495194436,0.000949397987210998,0.00215377743513017,0.00477510972147889,0.00228527890007242,0.00174921232036553,0.00112680607842701,0.00491716002297064,0.00147776828557416,0.00110191085305954,0.00119257658225932,0.00334339112509426,0.00570023266173128,0.00126694536589229,0.000946885625624667,0.00446458448161718,0.00120496487155154,0.00121696322019791,0.00102065326255062,0.00141793571221041,0.00352154801843075,0.00119089372878704,0.00112575598602355,0.00381795333132168,0.000994847457953298,0.00520810803867045,0.000870286472412881,0.00169432077987142,0.0026063325108001,0.00118966646090151,0.000877735793989229,0.000972106867466446,0.000929788254438906,0.000931307834222815,0.00457753658065564,0.00117572429338363,0.00263355846100873,0.00484390610857522,0.00123530390334541,0.00415974845404142,0.00151234061684678,0.00137349968908579,0.0013953706811122,0.000720943021160746,0.000987919116689965,0.00109777563592508,0.00308799060674679,0.000994407184902405,0.0010607597051487,0.00338891277086929,0.00423300940347248,0.00230219989417814,0.000866586737859423,0.00128374679260926,0.00311625307479317,0.00218350590205428,0.00444068232582122,0.00386496651537532,0.00130978375449623,0.00601214961949298,0.0025157322940437,0.00130610193478995,0.00265755901357273,0.00105591296176431,0.00364808059750942,0.000851378200813703,0.000923812635511284,0.000804381471780343,0.000739493081803634,0.00104895285908028,0.00318863984640609,0.00265832533315445,0.00207134091986721,0.000844921218079364,0.00202077397974032,0.00123762854283129,0.00261067433558391,0.00432606234248111,0.00102218774541688,0.00466987471469543,0.00119286971249143,0.00207073989358725,0.00185897077196027,0.0041763265532775,0.000796978891680628,0.0018849042494729,0.0015824386039536,0.00435864121813318,0.0046009794643699,0.00170982699200599,0.00413866478409099,0.00534895896824331,0.000889850089390203,0.00191216167920139,0.00489527145886949,0.000747486472486426,0.00457198381746862,0.00505265531143874,0.000849795219162439,0.000961780370983587,0.00140891599869356,0.00148378294368045,0.000837514126022712,0.00125206106337758,0.00421481189733346,0.000908004332402018,0.00111929924478786,0.00144455433061818,0.00107488399630591,0.00472562545881602,0.00497584376144641,0.0028103503127087,0.00128267973528516,0.0073781064777274,0.004167697233542,0.0012226765038664,0.000741099237828088,0.00090003139921811,0.00135258446616408,0.000820605797234844,0.00141598268750836,0.00426985688613189,0.00119149553847777,0.0010142314255848,0.001074125018442,0.000928194665082179,0.00521238466586315,0.00223750158878416,0.0042856292048724,0.00810944369906139,0.00631707558734437,0.00733031510658772,0.00409573932048166,0.000857871292698136,0.00484807784987378,0.00672649571689664,0.00303062524308165,0.00514451560245821,0.0017264772461363,0.00396275748996589,0.00395938352963854,0.000943251074132196,0.0031835258076278,0.00306918496917991,0.00325741320506819,0.5,0.00254957537224045,0.0011106716292709,0.00222390237337703,0.00151088318955645,0.00094541232521676,0.00133066552081064,0.00695447633106137,0.00407361091977303,0.00204333142378729,0.00110680575347187,0.00123393967106262,0.000842810211269183,0.00561350617489085,0.000822622598055326,0.00202299904562029,0.00501788156681025,0.00146355464872301,0.00282052861566467,0.00133805687808521,0.00230715126138648,0.000897164661800798
"TT0035",0.000978108762991446,0.00451690832113304,0.00135919717284596,0.00111743273578601,0.00113146840581452,0.00107922767576323,0.00448727228186849,0.00191865879794085,0.00405238609088907,0.00195959808482799,0.00599944875571584,0.000959396608871567,0.00088983810079238,0.000875322085777132,0.000777306741817245,0.000801712715257215,0.00204566826597182,0.000966558619513405,0.00180131624890524,0.00181362700346234,0.001901281805042,0.00116750770283099,0.00411016634575339,0.00120994551613207,0.000900279487842939,0.00781081824316874,0.00639059722229565,0.00579036288678805,0.000976220548383479,0.00431018021224903,0.000984791958164704,0.00592732001895519,0.000865296064368982,0.000772881432060053,0.00085012275528649,0.000839614067772732,0.00289673931443055,0.00457488959534535,0.00115088376269751,0.0045499386353836,0.00207752055190985,0.00215281460206109,0.00129492806545531,0.00194141620047844,0.00106282601232624,0.00179681563712291,0.00108193049680348,0.00348776012868911,0.00389852700051706,0.00230531154482705,0.00203224451100839,0.00180896418316118,0.00236817405518107,0.00554333340689882,0.00124423142650222,0.00108075842043561,0.000997102763829375,0.00394253052860037,0.00486897927591046,0.00539001270606834,0.00102745061292362,0.00216901618081827,0.00299457316641288,0.00312563554218751,0.000826250244516865,0.00115107635302311,0.00465930257605543,0.00107938458900186,0.00104381257962728,0.00128430085221801,0.00131289674328196,0.0010851821155638,0.0010742348764361,0.00109517708554073,0.000968390723781018,0.00401174800239239,0.000890891435036874,0.00525231255868032,0.000936175030679942,0.00468596026093406,0.000818985794174471,0.0019001909861088,0.00101456693160158,0.00090101756961299,0.00498769814990255,0.00447661222931468,0.00117080375851428,0.00259911754124494,0.00195773854648604,0.00498420224640278,0.00607917760773728,0.00621689732837358,0.00443723038866973,0.000741905628664169,0.00083151675762881,0.0036318583653603,0.00109670196528599,0.00100530725865373,0.00109119215499966,0.0021191001280402,0.00111528247948777,0.00214725876196395,0.000964610065769301,0.00112663430649599,0.00185148577626245,0.00122330906936762,0.00204996078040367,0.00105168027597077,0.00109532436617197,0.00423284421502622,0.00586825550270641,0.00353678950711816,0.00116278392570139,0.00106729001887954,0.00200676961893822,0.000751534643548586,0.000802562077230346,0.00074434288989162,0.000746430795334311,0.00113727335819012,0.000898926914980616,0.00482045350943729,0.00187301975661659,0.000726168782498488,0.002052268541417,0.00112651125425804,0.00612445801881477,0.00481112926882876,0.000933710544624498,0.00495384989280173,0.00120702676747613,0.00124692894513441,0.000941484461332105,0.00118575443535828,0.000851659988661379,0.00183465923900761,0.0089180316530189,0.00115841464464371,0.00437418936232618,0.00110706345672434,0.00359789953847259,0.00184151202505824,0.000968478443807987,0.00409633163546722,0.00473115606238436,0.000695981619283235,0.00221471345841949,0.00121828204859553,0.000875094948676404,0.000842393007204022,0.00117518982179444,0.0026860548857551,0.000848867032929078,0.00374508471974827,0.0020150905198207,0.000901572235642462,0.00110374348963394,0.00515926823719979,0.00286448850125078,0.0027187546516565,0.00270234756364305,0.00440571474294759,0.00107847455011244,0.0021571621508567,0.000925086182653086,0.00301562154134495,0.000814315676436282,0.000890137035647202,0.00204137069804023,0.00084253587613048,0.00524151028565808,0.00224872616683186,0.00107711118883281,0.000866313487362429,0.00298979397064472,0.000822690488045567,0.00144981503329351,0.00200583237466676,0.00187987533713152,0.00248403132620463,0.0053724047288245,0.00249770327936645,0.00409280783774576,0.000833554491385985,0.0012270597981778,0.00852187611229044,0.00113085064760965,0.00631258914081515,0.0013891918208931,0.000942356996653427,0.00118159682166276,0.000947765219191978,0.0011236878339231,0.00210553497048081,0.00286747260495085,0.00254957537224045,0.5,0.000931309338889356,0.00195598511812398,0.00178778646247549,0.0017868619277882,0.00108326563006714,0.00119026616779651,0.00512673370390612,0.00186753412971588,0.000976412725221297,0.00617880944115153,0.00086688093153109,0.00508729563172598,0.00158940497692858,0.00365132502130522,0.00137808629937162,0.0051847300251535,0.00543086075004069,0.00122431640680052,0.00118910422666658,0.000947919155092603
"DU0079",0.00138499041361446,0.00111166218846748,0.00150023337107516,0.00123817853509827,0.00532184794475634,0.00127165636855391,0.00113101021724665,0.000970443055350078,0.00108473168864682,0.0011469207114473,0.00101078803345504,0.00114965386495207,0.00333718607138461,0.00130762108732031,0.00341282002941705,0.00277525575447707,0.00113597551757449,0.00306054847316823,0.00733061301410341,0.00125616337617127,0.00125474180678661,0.00123279632578798,0.00112301741591174,0.00539794913749072,0.00786560554364426,0.00100656800613677,0.000955660015008034,0.000926938638793119,0.00124220128183649,0.00120204091152886,0.00131530395404296,0.00284611852575051,0.0051404362686993,0.00447387035085597,0.00212955863727814,0.00126941924205672,0.0057550694585608,0.00109202599988558,0.00154462881160899,0.00351866865306034,0.00589325710387349,0.00123256107287979,0.00449522708396798,0.00322967594680936,0.00135030506821146,0.00356938569351064,0.00176156747784268,0.00437408420608013,0.00109954154198684,0.00113059508779349,0.00120568980689366,0.00123167475698115,0.00138103864900529,0.00366853021975134,0.00381610178267575,0.00456997732008426,0.00131034154980175,0.00195766247388989,0.00113567917804962,0.00106942106343359,0.00370900007824844,0.00123531460658446,0.00115322503652524,0.00146766972482846,0.00316830789197797,0.00402582394799601,0.00219260487870311,0.00124813134892534,0.00129099635380478,0.00106147904177645,0.00625915529365567,0.00756773263032078,0.00126700866054942,0.00125715499033459,0.00288892251386918,0.00286200470818279,0.00315169591051372,0.00125096716093689,0.00607375183879996,0.00299390456264873,0.00321079002316325,0.00110720415821728,0.00118639509097086,0.00648791751084399,0.0010067099259263,0.00119814659238509,0.00469362709011061,0.00123873159722306,0.00506930319377841,0.00110264602882726,0.00125176320742603,0.00108244339690274,0.00162337955137984,0.00340651524044291,0.00369345822258537,0.00115337749588359,0.00281920807942923,0.00117093754058595,0.00360442281231578,0.00128460546688908,0.0044137908097935,0.00108960722851123,0.0022857688125161,0.00123066325066554,0.00119316706028101,0.00114005208299827,0.00455871275629082,0.00606128215965238,0.00194640401654886,0.00210602881493951,0.00117528396023186,0.00141509149523614,0.00267265559768366,0.00224728778419969,0.00118987316210193,0.00349934156394059,0.00235903020543631,0.00313820996114021,0.00128187846779107,0.00286586024357035,0.00325107432391196,0.00207225674874889,0.00101932570785976,0.00304027033812699,0.000971624099478382,0.00547826996685456,0.00346050339113561,0.00113574780704389,0.00107773227890535,0.00104019169298448,0.00720310200318535,0.00435980562618112,0.00116838346758201,0.00385417183084459,0.00320115202365662,0.00118995565829256,0.00087493740767414,0.00147668099379826,0.00143213527581572,0.00455822742885684,0.00138185050125999,0.00103693886486011,0.0010853427941379,0.00100281761348749,0.0012096546562318,0.00226795858963389,0.00111032250654002,0.00128664300872546,0.00358831940953899,0.00302473063970195,0.00201950645289633,0.00431828939953659,0.0038125760575063,0.00541784741259532,0.00474390171062252,0.00161848334617218,0.00101352753307872,0.00106753497252409,0.00134098729498369,0.00219888304512948,0.00120139369552358,0.00181321881478071,0.00382118661206991,0.0015056853955876,0.00458491576732759,0.0013047014729178,0.00294289365488769,0.00176894004324331,0.00108478403336455,0.00287315932208076,0.00140460552950255,0.00109784261447517,0.00174338417703321,0.00118005216265263,0.0031624605888816,0.00117855173548704,0.00120556227714375,0.003338661168556,0.00108233098724883,0.0010761428175531,0.0010016234360796,0.00115370147889115,0.00104733983080662,0.00112175845183833,0.00362003306507472,0.000898122950624361,0.00117341949080536,0.00112821587212562,0.00123219730066727,0.00110790158333745,0.00310603898568997,0.00108929934894346,0.00108752424516814,0.00199059500401892,0.00150030087428271,0.0011106716292709,0.000931309338889356,0.5,0.00531145809888304,0.00105865205155333,0.00107572824919677,0.00574264059233993,0.00151565577102312,0.00117808239847498,0.00102886377264403,0.0049060158228065,0.00101665397862253,0.0033577934475804,0.00125040510175981,0.00312648596724199,0.00102469936553867,0.00365076248793993,0.0012154638891326,0.00294384577985155,0.00121677410329536,0.00116852156920819,0.00114259317648559
"TT0033",0.00122161597365625,0.00219746092581479,0.00286705099445561,0.00129614459026279,0.00500340190543896,0.00132298898393074,0.00130444178932905,0.00110160904841367,0.00506112760180458,0.000958487639175499,0.00347761426329114,0.00089616435747966,0.000888105869563403,0.00102635128410924,0.000997392001801138,0.000700551653225359,0.00096495802146063,0.00224607111226509,0.00625590169710956,0.00133594661036014,0.00502464704364426,0.00218849086557775,0.0011316011709422,0.00472393251567317,0.00548464593900614,0.00084260024701765,0.0021048235257952,0.00104470067139346,0.00227882157644974,0.000953495296920505,0.000879057379903875,0.000892292139011314,0.00105199530704012,0.00100157896260468,0.00104202211531125,0.000943511669122755,0.00114334789609858,0.0035226150159991,0.00486325579145252,0.0013183889415345,0.00843401238694051,0.00535756550930298,0.00761010360547886,0.00293379092298654,0.00335274349555177,0.00240761270343387,0.00555625398136673,0.00269672405717545,0.00111840984158256,0.00135079602962375,0.00129044132648368,0.00380865015327193,0.00250912844565355,0.00328766629434154,0.00254713090154709,0.00499688620273182,0.00125456772653793,0.0011016759852719,0.00117026125791501,0.00118781755085085,0.00125688324424706,0.00227576414943877,0.00216068064727528,0.00143697541124425,0.00102895238435406,0.00464258422688544,0.00103956906493167,0.00126779076811412,0.00358256202808898,0.00125613255994513,0.00268975415380069,0.00746072540631721,0.00424057377745197,0.00121682799549003,0.00085722245593721,0.0012279846099136,0.000867189655286986,0.000823293154104548,0.00432191851323015,0.000913370012196199,0.000947921541999882,0.00086792393351909,0.000859845138831777,0.00112285940763131,0.00221949588110859,0.00229992471197109,0.00633515442490514,0.00119465684626373,0.00607390214643199,0.00106210928125554,0.00247806340219903,0.00122568583120101,0.00324349985562221,0.000652070154129395,0.0011575157561496,0.00216919014665906,0.00224537455051954,0.0048302539964523,0.00242974217085232,0.00217720345439256,0.00280856701916927,0.00376320901361704,0.00087614233620929,0.00131215312958876,0.000916817770038197,0.00217761328813345,0.00715967274523036,0.00152924599707579,0.00124725178278838,0.00109701571889837,0.00215110037477898,0.00105605134078272,0.00588149334372703,0.00393611329062489,0.0010749069139599,0.000953379750494625,0.00103781620804181,0.000896077942305202,0.000810410493393843,0.000895079740402192,0.00093020108223661,0.000829869335935646,0.0010189377105324,0.000934096372292692,0.000884159308475142,0.00416724296741803,0.00252170891848033,0.00204956981109413,0.00104067298180213,0.00195316171083543,0.00405306163685371,0.00492550039607854,0.00135856221697124,0.00153230073033256,0.00218959720457667,0.00416882209594464,0.000942732130881597,0.00185048797469576,0.00284241161112998,0.00515281313514194,0.00157150376018919,0.00100112058166706,0.002140121230261,0.00196951326921615,0.00240105443007218,0.000815386412027675,0.00112632752489889,0.00117809051738914,0.00133282718847227,0.00112910133952924,0.00117193924183969,0.00476507761607223,0.00133474486273162,0.00469913912780816,0.00573194889103752,0.00386387444895446,0.00144758899200384,0.00337334404693433,0.000871432150543627,0.00092293034170636,0.000924578958008529,0.00109008379742032,0.00154311594943275,0.00697565661325589,0.00407544132182783,0.00135790706239775,0.000777238875393927,0.00367097435559985,0.00385367275302652,0.00328728940275526,0.00127621024060357,0.00438449515821911,0.00344064476992437,0.00112685114052114,0.000849237236549393,0.00117757872134185,0.00122813004199456,0.00226627348369092,0.00199827862844416,0.00114061083548283,0.00212363610737104,0.00106203698806293,0.00120964469277765,0.00390179902317329,0.0017005233671244,0.000911554520578383,0.00125168884130284,0.0020373321806422,0.00121373687448869,0.00101647442767033,0.00505617308269155,0.00437052425292046,0.00477080770024515,0.00111408309838996,0.00219961183968425,0.00222390237337703,0.00195598511812398,0.00531145809888304,0.5,0.00150482533670466,0.00427925132009358,0.00584852027848355,0.00291935397342085,0.00212311617378867,0.00105767309931621,0.0040415491505986,0.00108968626833161,0.0021480115771593,0.00149884674565065,0.00209185180782945,0.00088872061313964,0.00242361642309258,0.0012777681040328,0.0012531659754224,0.00130762284026123,0.0011909673418376,0.00444613367676465
"TT0032",0.0012231302290416,0.000987418434728746,0.00120937163583093,0.0014650546144692,0.00110835845937056,0.000932316098186641,0.00108375145296607,0.006620378480767,0.00464515461340539,0.000858777417603265,0.000984639152874569,0.00083654246165938,0.000736347518976781,0.00106411007932168,0.000695371048789199,0.00218458020427697,0.00081307990700717,0.033336175784953,0.00334261121657564,0.00427626532830133,0.00359789851984539,0.00427464159828071,0.000899494418606532,0.00329603989358094,0.00111565440989867,0.000838670113457754,0.00517170594098935,0.000923426419204848,0.0355093832927558,0.000870632271768051,0.00075363266726691,0.000826626534579211,0.000817336102816905,0.000700377848080476,0.000747592508596651,0.000753105528893298,0.00123825457799536,0.00110392672141686,0.00296295219186977,0.00119184748080378,0.00149785406972435,0.00152384297898663,0.00139608357032971,0.00312191234284521,0.00132516698797897,0.00340608823712294,0.00346635891710417,0.00232127515925429,0.00115155423952899,0.00127903804476307,0.00325902870533252,0.00330325786981236,0.00120518893298593,0.00156467195061157,0.00114014252958494,0.00117896234029912,0.000975849036667064,0.00105748764645271,0.00320890955302335,0.00303271403211169,0.00110535712140409,0.00153162033816488,0.00120456978748616,0.00109741369049745,0.000721538282421249,0.00301114439806462,0.000918124413614478,0.000968512199767055,0.00108393361858593,0.0084917371171002,0.000905326516286483,0.00108639769254833,0.00339395852472025,0.00099185269086425,0.00212753998522994,0.000781375518685887,0.000756098425349321,0.000936433813291148,0.000806581168537131,0.000743027983123787,0.000802386037715637,0.0007791182842058,0.000804867177647456,0.00104415559212985,0.00122364885564186,0.00237341318888106,0.00145713685729543,0.00111177392552089,0.00251888006167447,0.0010261555184953,0.00152573740820634,0.00553075654216371,0.000868655409067742,0.00212098753505916,0.000770496584658082,0.0031253281908538,0.00198558498038004,0.00351271351626922,0.00333271374776014,0.00111131611293557,0.00296544642331249,0.000963999258379198,0.000766953164091347,0.00169900073828129,0.000746882012717369,0.00640441673883144,0.00291295426666459,0.000898910885800714,0.00143244066442272,0.00122595103148696,0.00103256365950004,0.000761915546160929,0.000961613127306566,0.00101398803748561,0.000876330881050874,0.00070821316822703,0.000739154924388522,0.000672222133342612,0.00068654882880672,0.000656757825730638,0.00072121967051165,0.000789243907551426,0.00077168425988831,0.000817037682711656,0.00580425460081728,0.000805293302030344,0.00120019068075236,0.00120685693359669,0.000820993041768445,0.00736316815122076,0.000940258844848919,0.00733935246116516,0.00297586945457531,0.000921295170921817,0.00291884527680313,0.00197441208219792,0.000943323667382491,0.0015533590390889,0.000928914224733271,0.0017795846554014,0.000870187485561974,0.000771962083065632,0.00650229433286551,0.000892602376401485,0.00119270867203652,0.000612869084183022,0.000874879486496637,0.00102845778820038,0.00144129707958178,0.000884694501181878,0.00805484657375586,0.000942103325770662,0.00135254858903911,0.000987485892603238,0.00128722394099759,0.000832535927527836,0.0401387532603759,0.00123096570624655,0.000813529701964577,0.00103436054100125,0.000857910167455883,0.00140819255422169,0.000883030111002545,0.00197915256766973,0.000769088211192907,0.00249666205379758,0.000607413435421823,0.000855792235254635,0.00136325293752858,0.00148626052698604,0.00101238308708281,0.00429432946207139,0.00128141890775846,0.00121373972667047,0.000786569125963051,0.00150485992970182,0.00110022632083262,0.00135946835883053,0.00105964736471111,0.0010072119404036,0.00106052487067612,0.00086835549128945,0.00639415891272507,0.00294997803853066,0.00255269227145388,0.000874234599831364,0.00152091735105727,0.000949576962703067,0.000820145392980905,0.00129771541565641,0.00213884086165249,0.00203093371114157,0.0188892792170055,0.00231719351962859,0.0012946658323074,0.00151088318955645,0.00178778646247549,0.00105865205155333,0.00150482533670466,0.5,0.00131346912143672,0.00151427664947755,0.00112621293722192,0.000948538962996308,0.000750795300610273,0.00293067657039449,0.00289285784158366,0.00228013871979844,0.000889337014769648,0.00305599855956999,0.00213871798605117,0.00342125829209456,0.00100250030421422,0.00301296365824562,0.00208090701604283,0.00161985163642208,0.00146112511941977
"TT0030",0.00325566042909334,0.00297820438751963,0.00398207880542904,0.00535838023638532,0.000832749610941316,0.00267292739100492,0.001009952974994,0.000951469904123288,0.00222788953976297,0.00297076910875154,0.00121542826467734,0.00299671628934131,0.00300049103692532,0.0029163887066062,0.00288310661034932,0.000806194054388313,0.00304539987479479,0.00128235379726735,0.00205206010538014,0.00181989904860185,0.00542689345668484,0.00118004562876644,0.00248896096244686,0.00285205668164785,0.000967295646141962,0.00090801319514717,0.00453872735170904,0.00277757281586252,0.00204390928780951,0.00285209782503488,0.00306862449292577,0.00097929046372341,0.00312945764243175,0.00289979722856925,0.00288352285565133,0.00291304946510814,0.00116294960189752,0.00187342904512653,0.00188802376979484,0.00198866179195331,0.00117993571292487,0.00535288903723348,0.00228463659376246,0.00108557342856795,0.00286016174960934,0.00400829522486885,0.00214033080086625,0.00194198705172464,0.000877214552978767,0.00342882771872532,0.00105051180580293,0.00407403788941302,0.00438726996092636,0.00221332767403724,0.00333148220814728,0.00103567967709001,0.00284491858953148,0.00103496951931239,0.00196280879336958,0.00292475580485381,0.00310598735808518,0.00191551598974881,0.000925225935827223,0.000785094460116213,0.0029550716571227,0.00113861533465076,0.000808409061931456,0.00320287863251781,0.00284825404266329,0.000927821828608064,0.000886453696688714,0.00112906972114436,0.00196447442397167,0.00269369460826179,0.000872791204531786,0.000909399786102949,0.00287727100731871,0.000776904869397657,0.000937322633799561,0.0010205928493645,0.00290300663765714,0.00289521355530525,0.00287650253119154,0.00319691574241283,0.00263452138985504,0.00496302920587023,0.00218240924870179,0.00191477855646605,0.00190074911165658,0.00108380466910584,0.00320704704608232,0.000935602584764968,0.00273215626317183,0.000783580003290662,0.00307689786776362,0.00391599220254781,0.000945669337696963,0.00516105618171244,0.00195850106618575,0.00091257948498855,0.00108750177978993,0.00543660814221906,0.00298668243641806,0.000891522922079922,0.00301437571593214,0.00361863695878586,0.00197927454674906,0.000880712609684774,0.000940935194696555,0.00109697238223533,0.00201907556398802,0.000865750382333062,0.000974437540124841,0.00554357114638001,0.00298330973377881,0.00288367201720641,0.00289507298621956,0.0038027702719534,0.00347886342370853,0.00340962046138301,0.00344950890741845,0.000931656977072847,0.00356184884205499,0.00332235482394928,0.00087117875809232,0.00181752368414134,0.00325785579281242,0.00269718445865089,0.00342533707101881,0.00112172603188967,0.000884838048703371,0.000905743732956164,0.00453408089514703,0.000856657619778725,0.00534625887773704,0.00459379746790104,0.000915944370133708,0.00100480375646272,0.000950678656740815,0.0021622638322214,0.000855032583398691,0.00329185018157532,0.00535364109470833,0.00421598521139177,0.00192126540191224,0.00344637426517902,0.000811473042335956,0.000891258899790658,0.00474040881790714,0.00311222796681701,0.0019942547727821,0.000939197068592664,0.00481152583697295,0.000840073425223128,0.00187351853883783,0.00540812556724323,0.00283243713375073,0.00354776975386078,0.0010931101398222,0.000945563284277945,0.00093332155342191,0.000976534739853732,0.00102685841076453,0.00415463734566502,0.000938959674471299,0.00322081675283202,0.00327279764956444,0.00541689933686474,0.00111604537200902,0.00450102265653096,0.000852251031380607,0.00192144979380884,0.00111149873538449,0.00331735421603684,0.00104635574323123,0.00431481014209917,0.000955263294778732,0.00179765659642525,0.00433561312555916,0.000959682015736702,0.00188451232618966,0.000935076797261797,0.0011701155758103,0.00530740749553008,0.00399800762813983,0.000915400678247287,0.000880773448166675,0.00176358207098877,0.000791473804880408,0.00337574020257604,0.00221068244919912,0.00531202629185093,0.00390623954156361,0.000999530381308895,0.000955987197871892,0.00094541232521676,0.0017868619277882,0.00107572824919677,0.00427925132009358,0.00131346912143672,0.5,0.00305032123871012,0.000916609965147929,0.00100913825985227,0.00538975239605548,0.00185600204793809,0.0018815911803641,0.00450104708738637,0.000899125751772339,0.00431876180168575,0.000840174906581852,0.00207234039741919,0.00110649566112555,0.00317811777390658,0.00277752046197244,0.000930093422888356,0.00487820249087125
"TT0039",0.00120216140008461,0.00212673743516931,0.00441823314722383,0.00159509698274911,0.0064528777698513,0.00398928157067818,0.00145315179717977,0.00203873444297504,0.00123617122854869,0.000930394806142007,0.00347404896876962,0.000868629964313029,0.000883437669573664,0.00102426772639076,0.000999934598029776,0.000735046292788721,0.00095971710657063,0.00224823897796638,0.00616175805474568,0.00213100883615387,0.00142050915913702,0.00138525593253964,0.00125590568651589,0.00620400633200275,0.00591714545970667,0.000897891990087087,0.00118635053895229,0.00388683924461884,0.00226977643086591,0.000943221659916797,0.000861669467849007,0.000910366149416111,0.00101345015313226,0.00098086319630666,0.00104727935364816,0.000927900356651753,0.00110136347587942,0.00134727461137983,0.00379299170825287,0.00129077005770127,0.00564683788789166,0.00145433204938518,0.0050766626535934,0.00115604332553155,0.00141262844860191,0.00231273031516099,0.00531054130300513,0.00199694696431793,0.00113105413663043,0.0013447594128311,0.0012750059946826,0.00228156600196926,0.00245903178655107,0.00138695286072224,0.00254897987273779,0.00491714628003252,0.00126486061052794,0.00118597754824592,0.00212318452631895,0.00121519535123702,0.00127876808328358,0.00244492033986036,0.00135656368821771,0.00171906966839869,0.00103246176496927,0.00546218837484793,0.00121861482352249,0.00429979736489716,0.00144833414013242,0.00141797140587725,0.00406263364426276,0.00544376410874419,0.00146732364712915,0.00137913496035253,0.000954670596912262,0.00122842208777778,0.000866963815622369,0.00115011748056766,0.00421094645810826,0.000992111916375621,0.000925302964458801,0.000857549774962896,0.000868966765329349,0.001101894853231,0.00117188243050864,0.00237037996070728,0.00511099475387146,0.00149658233279368,0.00469046981811003,0.00117699234507381,0.00260603953372274,0.00131085064776482,0.00297291886308352,0.000653308084407455,0.00116273217603195,0.0022240160841315,0.00322350895702641,0.00228167934414845,0.0025928420013482,0.00262730746003869,0.00424460599701368,0.00119377961029014,0.000863419771904384,0.00357517137259072,0.000927896052554767,0.00232275555688099,0.00777334887487941,0.00380487457291721,0.00399369120329147,0.00109992155620302,0.00363682392271257,0.00121418707364745,0.00628672174760227,0.00132038273664621,0.00111608203683944,0.000936084817320445,0.00103350835084642,0.000912702509354857,0.000771909513584125,0.000872799614752836,0.00095256720489723,0.000868890573098653,0.00360890408085077,0.000911204758853165,0.000921947588996584,0.00716286979693155,0.00408221285077675,0.00133496181318466,0.00364344555629721,0.00110133634709708,0.00454822158237354,0.00570171511842184,0.0021998666196339,0.00181593277603978,0.00205764416190644,0.00144901917921632,0.000976602972896819,0.00423442435099039,0.00164213201030042,0.00606229877772385,0.00158138450462364,0.00105006119884287,0.0020656446764594,0.00190567801110902,0.00326672193355811,0.00078477322797905,0.00136583283582515,0.00131616866526901,0.00225464644382903,0.0031896003793137,0.00126651085196185,0.00503284590477269,0.00312590110548928,0.00516946971934804,0.00537994404787775,0.0011251107386625,0.00219995409170287,0.00110916642235817,0.000877994678507589,0.00098683555777463,0.00105278944446805,0.00360839121794625,0.00598775474796826,0.00292814698138729,0.00165522803593517,0.00327827665176909,0.000757107564719911,0.00107474671514793,0.00133710592086057,0.000951647099578085,0.00142870632634807,0.00332903357402158,0.0014122242953785,0.00354995855760782,0.000859691306826578,0.00202127903047155,0.00128954374360671,0.0016336695560303,0.0010897922163435,0.00118250276632065,0.00112965247029758,0.00111182222156256,0.00217468152955097,0.002017595598238,0.00259884829105493,0.000965652851754249,0.00367760270793193,0.00122883008076214,0.0023894818346836,0.00106132165119221,0.00720065560115408,0.00226845805810614,0.00236735752465376,0.00454560177376745,0.00148390153354925,0.00133066552081064,0.00108326563006714,0.00574264059233993,0.00584852027848355,0.00151427664947755,0.00305032123871012,0.5,0.00379482401025907,0.00115524966787722,0.00366450943429301,0.00532809675825088,0.00194857235341274,0.00125291504351535,0.00147967311283024,0.00205448917959525,0.00100188241407838,0.0015405158750342,0.00137500246555827,0.0037541884138649,0.00153951820677638,0.00388920597194967,0.00213154641934042
"TT0038",0.00208735027296236,0.00114473523598979,0.00746278302913594,0.00364403611961621,0.00425944541762705,0.00160483013057726,0.00403801023297976,0.0031822311570694,0.001252330751472,0.000845990174380454,0.00124564757093352,0.000859991464451295,0.0008676563328061,0.000927510935598029,0.000875705906001474,0.000861674130121811,0.000905111721576518,0.00270592813439174,0.00420751920926145,0.000920259383000361,0.00102900424483369,0.00172361853266436,0.00305853340472916,0.00140173082065388,0.00150368121175639,0.00110854312128816,0.00126731533966159,0.00136344153238702,0.00109808114954474,0.000948542447870752,0.00087171853738983,0.00107280848598104,0.000876830394665737,0.000845537371022156,0.00091969214771443,0.000804229106150092,0.00191375134289455,0.00313049422151751,0.00679686033590828,0.00297341083624253,0.00147904586594334,0.00107658950326243,0.00537194503565473,0.000897366520673608,0.00309823616387751,0.00106816526984555,0.00494338895839717,0.00131824139000736,0.00211854611434995,0.00119155196347586,0.001150556928172,0.000988001418035142,0.00112776422183779,0.00150674933324458,0.00122253653186969,0.00591202974230018,0.00113966496358645,0.0015502098111141,0.00112353937687484,0.00106567689087496,0.00207185654262975,0.00235344343073917,0.0024526323046273,0.00320868229841489,0.000923336170961721,0.00689973183965022,0.00117009499775344,0.00220495038382245,0.00342143418505442,0.00207775554030862,0.00230556303978642,0.00144134155758141,0.00121027321046566,0.00513723975342931,0.000710207327367042,0.00525769179856219,0.000788315863433308,0.00103349408010301,0.00460565520113503,0.00184252424055486,0.000797066785233818,0.000816546516889415,0.000833237425586783,0.000930193881494289,0.00316205309077876,0.00115606690531441,0.00520904336450977,0.00570592727044117,0.00127359899253804,0.00416618505216221,0.00213084352993017,0.00339918515068557,0.00117408694072244,0.000684049749771754,0.000968642415704094,0.00108933681731623,0.00415694589412319,0.000970991512143409,0.00120179942120823,0.00151848271682375,0.00320781303153305,0.000991128062493586,0.000786583447060766,0.00439232497589933,0.000899433136202254,0.00216115430231098,0.00476486613231647,0.00328264026549453,0.00378371263387827,0.00236106516307618,0.00136556989210112,0.00116199428666335,0.00683971166099951,0.00309239021157231,0.00222527802041023,0.00080396514880004,0.000901090716745931,0.000805915853051498,0.000734180034744509,0.000920559315793834,0.00339826086513291,0.00102855885076893,0.00107079854603996,0.00078195281131907,0.000883600601769518,0.00148941035159665,0.00136318137008701,0.00341667983822975,0.00472886193730555,0.00232790569501658,0.00223283288362519,0.00574882469228468,0.0010405570744258,0.00355381353640679,0.000827352810183028,0.00108406414102729,0.00110826932150836,0.00753329600846721,0.00630451921738408,0.00510830556325001,0.00575072434554799,0.00294198186043789,0.000879422194457831,0.000981464436140603,0.0046449388141023,0.000751914694314003,0.00168985876014417,0.00411137311601298,0.00180441407491714,0.00487339739840157,0.00110471423800816,0.00630535376149574,0.000901313556235153,0.00239077036007656,0.00345247438028523,0.000910713340778708,0.00102676873122523,0.00193607472280917,0.00264176614023896,0.00132393367909022,0.00157098195662949,0.0034459371278051,0.00377696630611724,0.00538046401107404,0.00505761487566492,0.00115929132060918,0.000690112831819215,0.000864808360879975,0.00122878046883457,0.000752252509914365,0.00125124997552841,0.00140449107105353,0.00125606314557053,0.00219694989148922,0.000905958620892795,0.000904483762364277,0.00445713434576864,0.00340773731348208,0.00120923790224443,0.0063811895040372,0.00420136144108558,0.00413872570669162,0.00126827488923914,0.000846182157584957,0.00489935724508291,0.00142359986665905,0.00530737414090036,0.00331178298709343,0.00324518874730452,0.00329670886343991,0.00550560981571257,0.000990220520542323,0.00106921138216718,0.00106074366387813,0.00126595565511995,0.00695447633106137,0.00119026616779651,0.00151565577102312,0.00291935397342085,0.00112621293722192,0.000916609965147929,0.00379482401025907,0.5,0.00224046696201454,0.00100257614962246,0.00115853558958729,0.00112266470175217,0.00176313621522541,0.00519495711294037,0.00170532262510681,0.000877378648399558,0.00532565885833829,0.0031319805243047,0.00223406999691165,0.00180372414995632,0.00150353492372257,0.000877771947103484
"DU0025",0.00128035420771368,0.00125029213929086,0.00140409982763372,0.0022206030165376,0.00119239739352113,0.00114596464954546,0.00428322289394886,0.00118571581197345,0.00296983846799659,0.00115423740208646,0.00508445122648709,0.00232228721935442,0.0022843179856764,0.00123176467070288,0.00219005327874408,0.0026498758860453,0.0033650697954376,0.000881686493946109,0.00190847365476459,0.000946503732169827,0.00215607169955148,0.000993113537342843,0.00117824528644436,0.00107050227262814,0.00121180483782582,0.00717387729821055,0.00321721170731227,0.00643009173745519,0.000925355207898294,0.00126018529640709,0.00115834301960305,0.00290666414647483,0.00114518033506672,0.00228515581894077,0.00117959030709724,0.00118007283791235,0.00364440444508717,0.00538915897502988,0.00119169454973895,0.00322596332554051,0.00127074705753699,0.00118422397817968,0.00381677892600755,0.00102319396542018,0.00107893321701357,0.00093866357855245,0.00103012881947486,0.00117592341990446,0.00235391809266786,0.00136252850096305,0.00131858511558037,0.00100786241119705,0.00415726463925198,0.00537741015300544,0.00118447782359263,0.00129544638394607,0.00130431007594228,0.00493866179759434,0.00495300300125453,0.00114509270385964,0.00115782490128772,0.00123903297600031,0.00132502288346343,0.00126215169117576,0.00114964723772151,0.0011110750046431,0.00215443336843917,0.00124356913575706,0.0010823789078027,0.00330940108829959,0.001226524250007,0.00121342681547674,0.00106895285507476,0.00120308782773562,0.00106002983967739,0.00395087931279603,0.00112547104920349,0.00170958087799115,0.00216053517851143,0.00587519756013127,0.00112674843608485,0.00112969776742521,0.00216889165276211,0.00395257740467692,0.00520729821614936,0.00113626114625721,0.00238770457934053,0.00489186336036956,0.00115056188561987,0.00490920174389055,0.00499623683216684,0.00434135842115757,0.00541180780848082,0.00246735743028164,0.00124334537260848,0.0021357746758853,0.00307624017985544,0.00107543938119736,0.000972736418628789,0.00212635912237725,0.00108855121051276,0.00130744571945369,0.00120029264494589,0.00124008517546306,0.00223457586561951,0.0012139560912002,0.00116179342369972,0.00118088813212072,0.00126018391378396,0.00735794538612669,0.00483431590327073,0.00135911885225818,0.00203141667721812,0.0012007534261869,0.00131113634845837,0.00112580910286237,0.0021320344520828,0.00111569463542378,0.00103351713315637,0.00114105502623,0.00300414543268696,0.00637856345667283,0.00109498986377317,0.00101887323685751,0.00194429880431567,0.00128391001140035,0.00375610243054897,0.00473773609443253,0.00194354810006584,0.00691803462101531,0.00586224779527496,0.00119569942681664,0.00320216180266708,0.00120881999292457,0.000834895167836269,0.00106288781377009,0.0047059870304688,0.00133579061816616,0.00140570194665597,0.00121542214165743,0.00122382655107734,0.00112167371015827,0.000936131965583185,0.00106473515049333,0.001516949407491,0.00206216179551741,0.00170285559084787,0.00306254871493399,0.00088263013447787,0.000954893838186621,0.00215963046094628,0.00200766263477755,0.000863938505807816,0.00119908443428551,0.00119031204429617,0.00196462559825396,0.000914864798916065,0.00720311640838722,0.0029363838565623,0.0046636609798838,0.00475365175947529,0.00521433263876812,0.00154906898607096,0.00233473770687056,0.00127346044996316,0.00284812574276245,0.000953622012216143,0.00108726603282525,0.00331543037009372,0.00191599566427356,0.00228885500938014,0.00138641851550166,0.00127109718854555,0.00103129084068876,0.00403379993088632,0.000962420205859854,0.00302406341308755,0.00115526669951642,0.00106782374135768,0.00411120318671737,0.00424664940344331,0.00560837751296452,0.00447385202587802,0.000924634093787432,0.00136467785474692,0.00621678131177798,0.00292331761058538,0.00448566922187175,0.0033640255757671,0.00309560093510058,0.00230449521883643,0.00188486188467803,0.00103317778437421,0.00110155576605291,0.00123577565707625,0.00407361091977303,0.00512673370390612,0.00117808239847498,0.00212311617378867,0.000948538962996308,0.00100913825985227,0.00115524966787722,0.00224046696201454,0.5,0.00111064201087825,0.00199633017757751,0.00275350793748537,0.000875435282202531,0.00238522086903642,0.000843939202506652,0.00286579211515246,0.00270778825481261,0.00616547539419802,0.00532837782568986,0.00126809412232536,0.0032588795024905,0.00102126899425881
"DU0024",0.00321701187261877,0.00397131757187895,0.00434268688034957,0.00334528547965952,0.0010229731447282,0.00477421324941015,0.00107651889560352,0.00193984572695418,0.00102111791480718,0.00503287609102747,0.00414364400588273,0.00411338072083927,0.0030700934785389,0.00302934058023529,0.00294067816225651,0.000868176287248133,0.00423161243902807,0.000788516083653451,0.000947987198017424,0.0010451141452906,0.0030721423783319,0.00107934071181465,0.00256389787302519,0.00105206269640202,0.000943471611946405,0.00102368167721731,0.00184367224661299,0.005430414860883,0.000794324629746223,0.00291747678151271,0.00312111874754855,0.000973982058589595,0.00311730022372363,0.0029376221005836,0.00292879048246786,0.00396060465689136,0.00101727888684961,0.00101743410137492,0.000953338358994675,0.0010418200927077,0.00303747278956552,0.00315092805639918,0.00105554721774144,0.00281847576094745,0.00275050256462032,0.00287429913022305,0.000937245479293781,0.0009872182571631,0.00101964479013283,0.00470015846598308,0.00200639957486764,0.00282712349394755,0.00424112329588941,0.0020416274965158,0.00432651408800216,0.000940964108171964,0.00282509719016954,0.00105083884421661,0.000976976402478459,0.00276134105452796,0.00305740441646377,0.00190664654843065,0.00205510880071578,0.000961360168903973,0.00301443471452202,0.000927230205861492,0.000947307418660428,0.0057593962128618,0.0027412622093154,0.00261428856932753,0.000974273873739398,0.00100545255897519,0.000982666292841092,0.0027528737592368,0.00108930761520421,0.000971662683058692,0.00293642466817437,0.00188658418788085,0.000896429588106991,0.00108147823178516,0.00295161159109813,0.00306795407392629,0.0038107499211888,0.00319686748079339,0.00188179163482806,0.00297115003318007,0.00104188818503529,0.00124087503873637,0.000937664848545244,0.00109899220505678,0.00115042630427374,0.000966995918168789,0.00187280227289183,0.00083492236917573,0.00310266612002251,0.00287279597925869,0.001053228171471,0.00390845326276508,0.000975398475807489,0.0022333955242744,0.000964264732905545,0.00757020977532907,0.00303414808631193,0.00115131856113145,0.00515673723243627,0.000990784919590512,0.00307048640186192,0.000987977700206145,0.00331044408243476,0.00111148785862031,0.00463618170437266,0.000919622022364796,0.00276958937693565,0.0031353730823685,0.0041320951949448,0.00292465001377101,0.00294601890714713,0.00387955282786582,0.00352759397059582,0.00344554086690368,0.00353646201516862,0.00104500693213188,0.00773192411338359,0.00333503031994806,0.000996244422570194,0.00344717403937501,0.00401668353756128,0.0010604216600799,0.00563102767924962,0.00106769484032781,0.00198140408708998,0.000954546385121985,0.00347930864996338,0.000991639093620022,0.00343614587242306,0.0036129335938875,0.00278776133184146,0.00114054723607649,0.000994376497853619,0.000988329268360978,0.000890191021730999,0.00509403284204237,0.00346201792284467,0.0042006787770318,0.000953027242053949,0.0034934341443204,0.00203510491179336,0.00107696139653141,0.00361846100525471,0.00407169933793355,0.00104882099150179,0.00113089335045416,0.00456124455031009,0.0009321677089298,0.00102279372479682,0.00344388693537126,0.000794886888009831,0.00121010583001213,0.00106404989184528,0.000978004148292201,0.00104254071600912,0.00303956525471469,0.00301492020966227,0.00103821770420882,0.000926849876855903,0.0010770145563119,0.00331841792578102,0.00353960194911265,0.00204871380509489,0.00356001342445478,0.0019815171532447,0.0011524851422915,0.00105572925662748,0.00525797353520936,0.00103803005231101,0.00333151724393396,0.000987441435007908,0.00201932117980824,0.00449437706742011,0.00292367937824784,0.00102402221676779,0.00297476894317063,0.000991970863790638,0.0042196958765735,0.00193299635962084,0.00210359896793451,0.00303452243110573,0.00187588530907121,0.00123689582245878,0.00426373364732399,0.00109632204929725,0.00350878152027321,0.000914360118348144,0.00452943669692911,0.00284411091806697,0.00204333142378729,0.00186753412971588,0.00102886377264403,0.00105767309931621,0.000750795300610273,0.00538975239605548,0.00366450943429301,0.00100257614962246,0.00111064201087825,0.5,0.00093326276881332,0.000944638928626421,0.00346555690178543,0.00196198740178532,0.00330271502416965,0.00111976833089233,0.000982472406699178,0.00172157860096234,0.00331125021469235,0.00107987164267633,0.00341620904050813,0.00369550516602462
"DU0027",0.00246408983532595,0.00107474071633986,0.00113421921944302,0.00108755109512043,0.00411478089950793,0.00109358847626331,0.000921288071928194,0.000973610651834323,0.001039315006406,0.00218527962291748,0.000890773153332043,0.00119626646745837,0.00127154421665521,0.00351868474829275,0.00353819137329243,0.00351892991556512,0.00116578920054695,0.00296102730670633,0.00422106068831654,0.00265120760664874,0.00303019138688254,0.00205068511765516,0.00104591247103334,0.00764591619633724,0.00671751055374607,0.000904358601057968,0.000979094682182377,0.000875892780260719,0.00253299647319603,0.00104464746910701,0.00124122320397092,0.000990601783520347,0.00130780663095526,0.00368975769259767,0.00334853980090793,0.00342782465938472,0.00111764241803782,0.000903375930085367,0.00293571806173184,0.00100618770537661,0.00484884388668723,0.00115256647705434,0.00149049437697556,0.00102957852195641,0.00109419169013032,0.0029201290811088,0.00303235552481853,0.0064319809963837,0.00167820729592551,0.00114467149277713,0.00426282931018283,0.00282126195026483,0.00228220999713443,0.00212984813072659,0.00112927513155703,0.00268915785962498,0.00222820595617613,0.0033317552186279,0.00381904475396032,0.00282806791799161,0.00231841431261331,0.00221802955752651,0.00183869104624684,0.00326047889539319,0.00342486802371884,0.00312379923222421,0.0035962176135219,0.00107908886382328,0.00109002365442137,0.0019554236809893,0.00455167061189395,0.00550696865757639,0.00352938608245537,0.00117879105798879,0.00295920453501819,0.00113881240783596,0.00219685342866648,0.00135122047090454,0.00360399341774623,0.00112271260767503,0.0033856810300976,0.00109188666618302,0.00207557938112277,0.0012876075259726,0.000952437814990808,0.00221152802677801,0.00369660465394023,0.00228398153372801,0.00810864624502647,0.00098927961503815,0.00110924362818996,0.000992491690649177,0.000998066877446563,0.00261033742746683,0.00261383333331379,0.00295513560179171,0.00178923879185636,0.00290496540323652,0.00628052256287643,0.00326914573357181,0.00692320409312828,0.00101597173398686,0.00122823127118175,0.0020196587712262,0.00122776683400303,0.00380469224662483,0.00243127584749335,0.00518363528591506,0.00202892208394756,0.00331265208637914,0.00096623971105824,0.00163393585117659,0.00123263760679772,0.00103419240586353,0.00113029996889797,0.00338023154422335,0.00360864712639637,0.0031805299400521,0.00300071747757673,0.000981768053719949,0.000991600866032546,0.00108061495876555,0.000929114413101975,0.00321078845797768,0.00095184803616984,0.00467011396393756,0.00111901449979227,0.00193968655627404,0.000907639280909606,0.00110907613962353,0.00693249710584436,0.00240277644864698,0.0027733901661664,0.00471862092965596,0.00194801045097832,0.00196090550900438,0.000893125200077858,0.00115356447351157,0.00118536818960123,0.00281501282192677,0.00112523412822496,0.00101035708462281,0.00270619801726102,0.000966930646123838,0.00208484481264223,0.00310445113604972,0.00117537511782297,0.00210131017287722,0.0020298871906434,0.00101501580935824,0.0010325835730497,0.00232910809342042,0.00201892761256646,0.00483462546250166,0.00553733219126028,0.000990294702614507,0.00287453246968629,0.000858913415501079,0.00316929737449566,0.00333977410129868,0.00332262038382966,0.00103871385898112,0.00453477872595773,0.00126000008588499,0.00362937054381742,0.00310290770985017,0.00111685651979638,0.00100493916791682,0.00188461941879056,0.00100801609503871,0.00448093992510072,0.0012657736695317,0.00196325652187629,0.00104020386392204,0.00117252334837062,0.00374194562022109,0.00318676147330281,0.00332816460338639,0.000989549038349661,0.00117385077258657,0.00106818508386686,0.00338610886008479,0.00296612883449581,0.00355497529820946,0.00301821583697617,0.000987007997088096,0.00187512970029908,0.00109005683450961,0.0012412315770951,0.00100472754331007,0.00250015430123325,0.00186568638555632,0.00120923405172111,0.0010383720334507,0.0062782733487681,0.00110680575347187,0.000976412725221297,0.0049060158228065,0.0040415491505986,0.00293067657039449,0.00185600204793809,0.00532809675825088,0.00115853558958729,0.00199633017757751,0.00093326276881332,0.5,0.00257699999833814,0.00278681513387987,0.00111171825182168,0.00264603918420186,0.00100715430340883,0.00297550005569937,0.000968321189376662,0.00274479621653609,0.00193849052085426,0.00209719196627505,0.00109271593957699
"DU0026",0.0010615278161428,0.00472610442042868,0.00114147254445738,0.00110812281095037,0.00100369478189102,0.000972749036894044,0.00529965231108244,0.0011325594509503,0.00698002304062427,0.00296086115456131,0.00462978999935608,0.00109253113975657,0.00113100884298159,0.000955383986369761,0.000976273572316108,0.00096079272635414,0.00118722991704313,0.00279503448612693,0.00268895346950044,0.002639891254774,0.00286971896856129,0.00207161005763114,0.00516552913717452,0.00284235313030101,0.000939542647707383,0.00594969100499857,0.00602328242921184,0.00259984084215367,0.00211536550420099,0.00475009008651723,0.00224404143741791,0.0108068271819344,0.00107356597829827,0.000973168447545092,0.000967116956806298,0.000993506288831441,0.00668940431335017,0.00492131301498918,0.00266293456887616,0.00513340810084688,0.00105379997522881,0.00208765403525141,0.00125365748086987,0.00119659145012263,0.00112196307376249,0.00280246736928855,0.00281998028245097,0.00234779253314328,0.00380255345528904,0.00122299966095209,0.00111006256620677,0.00274317097497587,0.00318174976058618,0.00257578824202201,0.00112155766714866,0.00108978971257061,0.000912435540647876,0.00127146477008517,0.00430443015667136,0.00771002024113522,0.00107672350562536,0.00194793262384432,0.00106852301938197,0.00194512645988843,0.000971069278180625,0.0027085017640802,0.0046370857506095,0.0010032620001296,0.00105057565351228,0.00112157412040709,0.00118432340613682,0.000997911745570117,0.00259949433350283,0.00105630291060661,0.00113802900174454,0.00346202146592547,0.00289991671219248,0.00425724500796306,0.00109678405782466,0.00464572700891444,0.00104828285286911,0.00305433113044646,0.00295606037490973,0.00109069823188432,0.00289344714907388,0.00379093862686932,0.00124941901891613,0.00120742686276783,0.00108987711561149,0.00531249994211361,0.00593742008480146,0.00554254730218592,0.00235957139974157,0.00097779700713821,0.000962556581552763,0.00527606454185726,0.000989511065475938,0.00280030032891293,0.00268755342257958,0.000987164270235812,0.00259370603407741,0.00113012414893028,0.00209332719154533,0.000960334485707286,0.00105130787793882,0.00269779802155968,0.00111403251392141,0.000987829305002704,0.000870268361569925,0.00148086592170546,0.00499222199037658,0.00160660680245613,0.00104384492131658,0.00111723587717034,0.0011094726171389,0.00101458068565923,0.000935929992627106,0.000955861066301553,0.00097643740812009,0.00128925883612609,0.000980786809964126,0.00272556987959579,0.000949073659765595,0.000860403680035353,0.00308980269891533,0.00088946518870646,0.00318865092056541,0.00356746473249768,0.000884784831757386,0.00177262730512368,0.00113559062776068,0.00112516439674173,0.00265647278616707,0.00104578210371988,0.00258837006766075,0.00104475646250932,0.0072523473171093,0.000995622066122209,0.00507448047814645,0.00205918566300011,0.00380714957923159,0.000968082746049237,0.00264426355056214,0.00483216725323441,0.00675039729769073,0.000936962411709457,0.00102216405998364,0.00105442311350731,0.00193118338838269,0.000828759716941975,0.00127584386819068,0.00102422891706355,0.00191619713023599,0.00373174607009481,0.0018892526627672,0.000856363998291167,0.00288951257478151,0.0030637977215295,0.00715625902510097,0.00137161787932091,0.00130320216601476,0.00143845599294041,0.000885378567765543,0.00123790080434955,0.000977441260014929,0.00809026863703055,0.00266166906478959,0.000878389294391193,0.00102609262802144,0.000976991917239273,0.00419774367451033,0.00114525329626402,0.000908435971520262,0.000806418231021174,0.00702043949648604,0.00244121621356667,0.00112815875764059,0.0010278297200698,0.000978666961919835,0.0012718780964,0.00490777528649815,0.00123227398680539,0.00334713846048244,0.00247019966115746,0.00287806157859299,0.00499450616040179,0.000937687732328485,0.00394650670497179,0.00102853117897444,0.000945398511220215,0.00214964505597394,0.00106900008953052,0.00207418789794765,0.00116426169096184,0.00101365985706163,0.00123393967106262,0.00617880944115153,0.00101665397862253,0.00108968626833161,0.00289285784158366,0.0018815911803641,0.00194857235341274,0.00112266470175217,0.00275350793748537,0.000944638928626421,0.00257699999833814,0.5,0.00190506059918278,0.00443753602541033,0.0025309480154735,0.00382522759214752,0.00297546373579938,0.00458544149339052,0.00410336933971709,0.00107974119283578,0.000972626133921019,0.00186481635072366
"DU0021",0.00313314648994896,0.00379517656403035,0.00193365818470039,0.00306994744811143,0.00085530964757073,0.00262743323154665,0.000818282561742465,0.000953939712508259,0.00200491192496389,0.00290962881888587,0.000925977730998359,0.00293114091139228,0.00299323152249193,0.00287306580196608,0.00288704005482497,0.000855438495585945,0.00296945583753564,0.0052848443956751,0.00524397590214901,0.00414811057544423,0.00428411722337128,0.00521219397223557,0.00246413886958789,0.00216041809485051,0.00095784510830964,0.000805453283422837,0.000924121347614464,0.000815560168911085,0.00241773275979818,0.00288231399108366,0.00304243209816139,0.000931593463204449,0.00313109567177029,0.00289342257369935,0.00283571531380667,0.00285300334576853,0.00574439002034624,0.000886118266873189,0.00119086490168406,0.0030601720942599,0.00107249201292817,0.00330720267244163,0.00223125020532007,0.00321946020243979,0.0050588468349269,0.00789176598812521,0.00452214872547244,0.00212945850879787,0.000964928940574169,0.00325748848694226,0.00101136764822606,0.00507265831631165,0.00632608153303839,0.00136666094134648,0.005275133130133,0.00097059047676583,0.00273103674594616,0.000918867116128468,0.00192099353108079,0.00382884297246279,0.0030533869386931,0.00102502295944806,0.000943222430590678,0.000919937516094143,0.00292038714623595,0.00198932897224712,0.00103200184222952,0.00310387460232133,0.00361692723213338,0.000999281010037422,0.000936412702641291,0.00114020306289933,0.00516763367138976,0.00259787354033268,0.00126540613897104,0.000908884214317027,0.00287487243003489,0.000906755562061625,0.000946302184940636,0.00091066795982634,0.00287867939860363,0.00285451819875112,0.00283135713838561,0.00564578288721582,0.0016361849168049,0.00320163928088413,0.0021998393290237,0.000993698058204414,0.00115161344458431,0.000886704131473688,0.000997944924995229,0.000871607206239867,0.00094319741251517,0.000859834546598691,0.00305609573379612,0.00400524709375624,0.00286107208980543,0.00415420816977895,0.00468853701072023,0.000983660628192155,0.00193331144293604,0.00307215902341627,0.00297582838262385,0.00177308506933552,0.00293699509908875,0.00201484835903226,0.00109163183198713,0.000903234304672139,0.000972429759427171,0.000957459097522812,0.00179824435047377,0.00284212779537281,0.00091196211087202,0.00314290881931524,0.00290251322074288,0.00288377325709085,0.00286676478277876,0.00376297253254143,0.00345516280129628,0.00338628829875064,0.00344493404757265,0.000824319088764185,0.00345389000665236,0.00331245259701113,0.000944660138626141,0.000916009097042232,0.0011537950366112,0.00180658170459692,0.00333848363755126,0.000928141737854738,0.000935886409043099,0.000888864139525652,0.00453126998762016,0.000850584556799005,0.00544861673538458,0.00366359874604094,0.000809763402408924,0.00100193206483552,0.000941804843808706,0.00119370094884226,0.000911184271026109,0.00318283329988824,0.00454266314313344,0.00411864964855634,0.00198210177773747,0.00343783253685281,0.000746489659052191,0.000899416767909563,0.00696897209236183,0.0048055012683593,0.00109577493556054,0.000959405111853761,0.00597390346991042,0.000886332064327046,0.00103558052299029,0.00339599683549045,0.0015133218055138,0.00109353391413447,0.000995524690492945,0.00093702450151694,0.000896284962644254,0.00269672432081489,0.0010111464419176,0.00120795520212424,0.000950569320643229,0.00132153719586055,0.00326817459028401,0.00346837128260617,0.00106585840730672,0.00352649958882012,0.00088601029174679,0.000961879415974307,0.00281434658531351,0.00324763330605916,0.000972180736014838,0.00510380978192606,0.000879917057237454,0.0044051396870604,0.00341914711876273,0.000849035849970883,0.00183054312632648,0.00085192384841425,0.00205140754188445,0.00440235684713914,0.00210731879892718,0.000843114501628862,0.000944943936085394,0.000846763696089728,0.000841543997968831,0.00327682421322105,0.00131684444583415,0.00449122598519498,0.00133237347639674,0.00134236146777534,0.00095823790956756,0.000842810211269183,0.00086688093153109,0.0033577934475804,0.0021480115771593,0.00228013871979844,0.00450104708738637,0.00125291504351535,0.00176313621522541,0.000875435282202531,0.00346555690178543,0.00278681513387987,0.00190506059918278,0.5,0.000868607852079932,0.00816597766122922,0.00121898014266907,0.00595411004304069,0.000920186125194778,0.00198475040567529,0.000988822235420821,0.00094564212975611,0.0046567729874905
"DU0020",0.00118226268943559,0.00476154895095151,0.0054181898605493,0.00108424530299976,0.00138199871887933,0.00109234711309833,0.00114594882662169,0.00310368283339738,0.00104865249198547,0.00242015646501673,0.00313986834670176,0.00335580092874359,0.00114439436552317,0.00314273045354906,0.0010533578485987,0.000982228354779931,0.00348615973793528,0.000853505286513741,0.00274438504220505,0.00121203874810731,0.000985819775857217,0.00125803116494349,0.00418306868650265,0.00114379969361466,0.00147750666594533,0.00457339765299549,0.00106830508618844,0.00316511626309704,0.000923304701481605,0.00439815746836275,0.00237223818357914,0.00453041605283275,0.00113820665208589,0.00102689302296881,0.0011244941536648,0.00314132818874134,0.00104807937137976,0.0010558146481611,0.00469176079793538,0.00102856235713796,0.00229480587341401,0.00100720224961862,0.00511248781468776,0.00210987057842908,0.00103590040914054,0.000923657196049446,0.00469215456082502,0.00146358827340442,0.00390813317663946,0.00349750595448621,0.00203307128673881,0.000905253900655745,0.00136427633175838,0.0015228604311844,0.00105505591984813,0.00503793486068777,0.00108506108113153,0.00285332204655579,0.00112974800422515,0.00465728284079199,0.0012584539941787,0.00109622811023702,0.00205325738692412,0.00203983310655533,0.00121393631637476,0.00451242256908531,0.00429242369843697,0.00108616546577022,0.00102537071872997,0.00207210510227263,0.00130214747638317,0.00114647153408971,0.000903800090874173,0.00122051148369093,0.00144008279285907,0.00730905247362655,0.0040981051657526,0.00440414949248368,0.00470003390768137,0.00111206740314818,0.00311268357391915,0.00437583492841289,0.0042036935303888,0.00107246939236876,0.00114379347054205,0.00257633841661143,0.00510484860604549,0.00408838860543144,0.00116449273470345,0.00116263039545584,0.00120855479916171,0.00137675032883879,0.00098597898120905,0.00106413989046281,0.00105380266515823,0.00390544782185394,0.000979982562409921,0.000934305476328669,0.000936258708901505,0.00208327106149402,0.00108382139597719,0.00215119333492311,0.00236640285994922,0.00101771721917842,0.00334943714388536,0.000956387463368179,0.00437048716084601,0.00105980823658819,0.00100570309018296,0.00263637450172622,0.00117954944666227,0.00170179023425527,0.00433746125540423,0.000978070929527688,0.00323047904892859,0.00115113874306794,0.00107582238530987,0.00101218247937054,0.00108115336868444,0.00219062231772372,0.00101261678287747,0.00125492626386149,0.00199351181857151,0.000999098142839745,0.00514907231494594,0.00111628123810941,0.0012070154424671,0.00114143305786449,0.000935449349181568,0.00137021257440814,0.00112203461179692,0.00378538035578263,0.000959836049061027,0.00113302314931073,0.000838362367676941,0.000934254156205101,0.00458934691360904,0.00503056229605819,0.00896925128479797,0.00497967547033198,0.00787654377611093,0.0019190580743115,0.000860366104971654,0.00404735158948053,0.00828482872011212,0.000981579668268152,0.00212642873679243,0.00184695021570468,0.000889422630309888,0.000995567207922582,0.00147430753791601,0.00395711985015443,0.000861612141929036,0.00416871440718553,0.00116168431705254,0.000867252589896358,0.000916498387810796,0.00198414785959548,0.00126486619362298,0.00178575187631165,0.00431991427381946,0.00121337319232221,0.00118696405941493,0.00517394357992597,0.00505568291737158,0.00113325654420742,0.00206309658086757,0.000873165755038195,0.0011407234487803,0.000925445241211391,0.00425920807723841,0.00112734876296867,0.000933930642798917,0.00102901385278802,0.00124236245660026,0.000962441904761533,0.00448570101658139,0.00104249522844758,0.00104061168061682,0.0054343116836791,0.00737780951895188,0.00551533265148211,0.00154934643022306,0.000878055757321568,0.00506336686218533,0.00596148061658038,0.00102131312665908,0.00120201408763339,0.00143204717215759,0.00189558858931486,0.00507506896666322,0.00089902852800137,0.0011467328149528,0.00221498782469949,0.00203217163562864,0.00561350617489085,0.00508729563172598,0.00125040510175981,0.00149884674565065,0.000889337014769648,0.000899125751772339,0.00147967311283024,0.00519495711294037,0.00238522086903642,0.00196198740178532,0.00111171825182168,0.00443753602541033,0.000868607852079932,0.5,0.000850166410531643,0.00496762190824395,0.00454925148379352,0.00109685881761628,0.00121845732910453,0.00110908643627629,0.00199211361880219,0.000916234218235245
"DU0023",0.00298971566730832,0.00276667992627378,0.00102517710474148,0.00295653953182645,0.000849631715667155,0.00252803415198041,0.00081741096739306,0.000961919273340038,0.00191618183864298,0.00277650592359121,0.000914803646944906,0.00279637765180181,0.00285268415025686,0.00273596803301265,0.00275231364919768,0.000806814221886087,0.00283505336599698,0.00596362694418112,0.00580212234074009,0.00478844966029099,0.00494181268348803,0.00494363908325276,0.0023767155755399,0.00286364713390248,0.000925909299515663,0.000781078268166727,0.000943264464205497,0.000788329743114619,0.00175114794751347,0.00275742767995954,0.00290404082713693,0.000906952979661203,0.0029943488544421,0.0027569915273377,0.00270836504838647,0.00271889653110521,0.0059797094424379,0.000878790292354692,0.00258508663562618,0.00300917520833482,0.0010494470703189,0.00321699099633409,0.00215335500639174,0.00314562140453011,0.00503693571631248,0.00738807258101438,0.00513981965694997,0.00201998342685534,0.000931251821595469,0.00313214150370705,0.000976888166853285,0.00655432632392258,0.00322584249865129,0.00135464109252607,0.00324331906554502,0.000951977503280567,0.00261318724273515,0.000877434291561783,0.00256133232453774,0.00442456391061862,0.00292513545659273,0.00101398215624643,0.000915061819443289,0.000896133475346742,0.00278566257686806,0.00266029156090114,0.000991069542129919,0.0029708391529394,0.00427850978319338,0.000989684375379402,0.00092182227475182,0.0011297865583077,0.0051584456043961,0.00251473062718984,0.00121628589843113,0.000881812597288991,0.00274546571010244,0.00088309247910013,0.000921517265468859,0.000877510809905372,0.0027459368516537,0.00272519401384311,0.00270749466720037,0.00520198958131756,0.000802594706446637,0.00390475373070931,0.00209799431844032,0.000953317089430598,0.00188653080097527,0.00087796654116935,0.00100497936941327,0.000855427715054932,0.000931173485398797,0.000811772706806497,0.00291631069723164,0.00460951651228068,0.00269959659245135,0.00478277301012127,0.00553228222040182,0.000938130203273712,0.00258133250102568,0.00295879007125156,0.0028405614341801,0.00171550786837634,0.00279340190485736,0.00267033813378701,0.00186138656540518,0.000893444643013832,0.000933423039860982,0.000918227645358042,0.000893462750344674,0.00282641502465789,0.00090991609349575,0.0038447814693941,0.00278423564191788,0.00274636257383555,0.0027341960533151,0.00359136747022149,0.00329342174446298,0.00323019721519539,0.00328408762140185,0.000790892998879063,0.00329230669851887,0.00315466109822752,0.000928974749575342,0.000888604194047654,0.00197778882532824,0.00103997657592262,0.00319730764997111,0.000933828448912409,0.000914874690118879,0.000895505984689868,0.00507685388503726,0.00085325333433491,0.00680079550211057,0.00427299066720294,0.000781114730433637,0.000986835770661611,0.000924062693795732,0.00117242290954726,0.000899884141664768,0.00305147898648891,0.00508047898493609,0.00317599561042578,0.00188744538989061,0.00327475524569383,0.00070595497923372,0.000893114868653313,0.00751457355284657,0.0046034330688435,0.00111848498774881,0.000927966862682453,0.00657838422291702,0.000872325542659094,0.00175407593339253,0.0032746404219647,0.00297769639911015,0.00187010432165699,0.000965567837767354,0.000894347374009124,0.000853174542100429,0.00252267733047983,0.00098018416269628,0.00201625373150462,0.00092431354692621,0.00212880697927938,0.00311874255534856,0.00334561580850479,0.00105884535246569,0.00339488470298621,0.000867326230299455,0.000931438544098132,0.00290088408211875,0.00311475652356183,0.00093928922228517,0.00414464657744192,0.000848985452240476,0.00342773850823356,0.00326758608176079,0.00083902875409476,0.000910351748461532,0.000804961325038296,0.00274605659697547,0.00491497867478918,0.00280582563732906,0.000801516193566551,0.000916615338948778,0.000841520600623482,0.000795800859840514,0.00315350569939585,0.00214896804852434,0.00428561604316069,0.00141359114211987,0.00129038588955778,0.000916414344395511,0.000822622598055326,0.00158940497692858,0.00312648596724199,0.00209185180782945,0.00305599855956999,0.00431876180168575,0.00205448917959525,0.00170532262510681,0.000843939202506652,0.00330271502416965,0.00264603918420186,0.0025309480154735,0.00816597766122922,0.000850166410531643,0.5,0.00118046925117411,0.0067485001231361,0.000904786869909635,0.00266089974862372,0.000971721850022275,0.000914733450719563,0.00366281868922643
"DU0022",0.00104305309633374,0.00417218365437838,0.00111031549500079,0.000910819610577517,0.000717464837940789,0.000891486790826824,0.000861541669540197,0.00952834422053945,0.000941148049135569,0.00156742945951634,0.00108142123761891,0.00331262625784302,0.00137520258318106,0.00311511773419905,0.00112649460329077,0.00111106943380892,0.00248073791485852,0.00172185906690235,0.00123015161813183,0.0218913284256954,0.00107714718034711,0.0237871573010995,0.00341142885664856,0.00176659158457635,0.00100040901444265,0.00558941972426091,0.000955699010166285,0.00205149942789744,0.00166078067210765,0.00576757343280028,0.00240401111666491,0.00477615206005966,0.0030126186140788,0.00191285233244345,0.00104916053502151,0.00232680348577236,0.0019695393372755,0.000878480646754639,0.00095729065581504,0.00106013917307632,0.00112395450920198,0.00111500312372761,0.0010767601694156,0.0185393736947615,0.00102457620568583,0.00136731836921514,0.0012411926547124,0.0034370978714056,0.00451903492560434,0.00124596921025273,0.00105402312555902,0.00116963653858059,0.0023939068560359,0.00126236575119407,0.00125809433317565,0.000839219247455283,0.000764774284727355,0.000891603610605028,0.00100137859918778,0.00409936792642314,0.000989332832647009,0.000875287353417483,0.0011002350882563,0.00111018061397801,0.00119120850430166,0.0010555421948758,0.00382315744621912,0.00104957474267155,0.001055922702842,0.00275252060448783,0.00115014312790663,0.000958635779542796,0.00124239621397274,0.000872247356068558,0.0216313189451001,0.00334480279675919,0.00400310050566603,0.00559394793244688,0.00116963268991893,0.00104571339377213,0.00309810466018338,0.00431426139160017,0.00408049827114749,0.00218407928392278,0.00095305639807855,0.00388348891608269,0.00113475882841889,0.000885811412467768,0.000943959542598794,0.00097152489560023,0.000907888388187538,0.00169337493914195,0.000746369380319431,0.00197994166898764,0.0010112330988261,0.00356233155942913,0.00111404525667712,0.0011088649184735,0.0012931257333876,0.00110095242960592,0.00099513437601359,0.00123544959427335,0.00328108100764595,0.000865053326358346,0.0023582831775405,0.00090310557294543,0.00106475167743632,0.000972872187639247,0.000882124128134041,0.00205691897312558,0.00117584139405142,0.0015418134353945,0.00080187679567321,0.000938187131801264,0.00305326438941712,0.00133457810349845,0.00100993704837581,0.0011187068870229,0.00125929997975722,0.00284836884975616,0.00259476353212158,0.00284142744966278,0.0011849223119145,0.0010397851457451,0.0138912743728963,0.000797376352232598,0.00118959708422999,0.00101086722410343,0.000900259606929026,0.00102360016455291,0.0010066274460424,0.000744693258498102,0.000893024040746673,0.000813659692294365,0.00113590764216817,0.000834965585059702,0.00398775663855398,0.000761500869246772,0.00400408009652371,0.000978799976401793,0.00395219926669779,0.00173169269829346,0.00095189389292226,0.00355410576844049,0.00407123629710157,0.00107499228990438,0.000942668365937816,0.00168167481870186,0.00110174020065047,0.000776913657923621,0.0104068968198265,0.00079675938539402,0.000994627353133779,0.00341051537419181,0.000895803866479413,0.000774856058782659,0.00268174906610277,0.00208415101727588,0.00131756872105427,0.00287216524722259,0.0012171371999987,0.000853926106064353,0.000852617559540844,0.00091962065129315,0.000945246486898026,0.00106751669364372,0.00207811606036078,0.000807877099963603,0.00124075476379107,0.00253678303807982,0.00403368680816455,0.000879204442298424,0.0010416698245493,0.000848695136301068,0.00217396473787822,0.000983611123755455,0.000874714902768643,0.000930950910191921,0.000980469241213004,0.00201257934141892,0.00387613786760029,0.00209750371064136,0.00132815409762602,0.000902073126754874,0.00123265155913712,0.00492543566978091,0.000930068207427517,0.000945281686613957,0.000823900101296635,0.0025144749439271,0.000909753586786162,0.000892089954202034,0.00560328449744412,0.0237417640763644,0.00102716443627043,0.00202299904562029,0.00365132502130522,0.00102469936553867,0.00088872061313964,0.00213871798605117,0.000840174906581852,0.00100188241407838,0.000877378648399558,0.00286579211515246,0.00111976833089233,0.00100715430340883,0.00382522759214752,0.00121898014266907,0.00496762190824395,0.00118046925117411,0.5,0.00129124380271819,0.000866752156183937,0.00112898904604691,0.000883167795179948,0.00277481389931455,0.00102106211690342
"DU0029",0.00124687162122132,0.00125748560047524,0.00472908753713975,0.00119752389924476,0.00110787197736393,0.00110808030035739,0.00107485191925586,0.00103896864756835,0.00219765034343291,0.000976975334646726,0.00113547117610603,0.000963909438653674,0.000940845294503021,0.00111453598250422,0.000978564595121781,0.000798971765801615,0.000972551822753672,0.00620852548459089,0.00656930026822443,0.00487369476422953,0.00333607052447096,0.00335054336585737,0.00117628639767921,0.00319863902768886,0.00122461002949121,0.00125803558197936,0.00121367683574149,0.00127255208152402,0.00280268462769292,0.00192615290059911,0.000977183008507933,0.00113841340667489,0.00210381346104105,0.00100942067583339,0.0010371337966958,0.000954302453919892,0.00753834821560256,0.00104563849992701,0.00581053259825284,0.00331326347609584,0.00114030598218363,0.00138627021864336,0.00423996082831406,0.00326258389319626,0.00343459295269612,0.00607925217309152,0.00833978227294556,0.00232635364108865,0.00105092054450525,0.00117648111729526,0.00109180007001265,0.00411002022871963,0.00138897800549533,0.0076039043378653,0.00236446281888342,0.00308399106812719,0.0012571051846005,0.00463783954209057,0.00320831501312345,0.00316247410516512,0.00228787785253597,0.00116798802069444,0.00103151974433849,0.00112637470298189,0.00103577436805078,0.00459543929762018,0.00116081230816857,0.00116020143683638,0.00124606903154436,0.00107274014763277,0.00111313980673875,0.00121652580958178,0.0039733235984464,0.00113441737355278,0.0011398132046924,0.00518095964377071,0.000970730268335514,0.0012601466846756,0.00268573972951023,0.000994325937870977,0.000966427173151029,0.000965876957125229,0.000959299221516393,0.00376872681811328,0.00129540028419067,0.00243096855645033,0.00415890068891232,0.00458516080105158,0.00225357564802089,0.00115060743279801,0.00132876498844914,0.00119993194840946,0.00119922060824186,0.000757285181739519,0.00111132201548066,0.00326244574859316,0.00118661533001672,0.0032014201038531,0.00542985287616008,0.00109820911144712,0.00290859945504716,0.00112997599728214,0.00097388696652916,0.00193151858212565,0.000978463028291153,0.00291708585191523,0.00254604789474968,0.00102185528010185,0.00103211950750592,0.00475850131002749,0.00118068495663213,0.00222430065331506,0.00362125198446149,0.00122376915389787,0.00106662032416516,0.000949001060446947,0.00102319709124304,0.000885720345641817,0.000836917600816348,0.00093876380449809,0.000986651520100851,0.00109573052015249,0.000960036812212224,0.000977865119132071,0.00101153361364392,0.00109722097252176,0.00150818099729355,0.00220456640154723,0.000968539710449576,0.00291886303536443,0.00101514625955213,0.00142341513956678,0.00298079133149158,0.00105891055988011,0.00309942237322037,0.00119542096314293,0.00117372762762497,0.00440808615100738,0.00462225231801637,0.00322551842824742,0.00421568195815791,0.00097206167027633,0.00297143644152616,0.00111092207530912,0.00598673361567539,0.000843305717601383,0.00120051908610791,0.00101681359338797,0.00466949801275131,0.0029355802733674,0.00115934785673917,0.00143569002965574,0.00367917249620446,0.00115803963201479,0.00123888672364746,0.00104767877004158,0.00331104463575554,0.00134466131280072,0.000984848518388049,0.00451215768683401,0.00464741284097506,0.00336611029001226,0.00111485066508218,0.00464165426925328,0.00427336603131191,0.00154966397431301,0.00086073703255463,0.00103299390140567,0.000997390873529122,0.000977942810438711,0.0010928766140038,0.00108033886417665,0.00122558460496237,0.000982877163879659,0.000953745715107853,0.00291972681544883,0.00494897805290272,0.0038859933489075,0.000990396756858295,0.00476777550167671,0.00501247834131062,0.00487964738745646,0.0047265782719281,0.00287776419355039,0.00694215028744414,0.00421611865505199,0.00096903425115304,0.00114165143191911,0.00188294204614871,0.000956406505677074,0.00557970574578869,0.0020820011373961,0.00147358581844064,0.00134265083575788,0.00116386129166212,0.00501788156681025,0.00137808629937162,0.00365076248793993,0.00242361642309258,0.00342125829209456,0.00207234039741919,0.0015405158750342,0.00532565885833829,0.00270778825481261,0.000982472406699178,0.00297550005569937,0.00297546373579938,0.00595411004304069,0.00454925148379352,0.0067485001231361,0.00129124380271819,0.5,0.00115759033060176,0.00448818664979625,0.00108163265807703,0.000993007408364207,0.00119213294947366
"TT0053",0.0021690019516896,0.00122451147245641,0.00131286230413855,0.00550104055779902,0.00511064083112987,0.00398569685324229,0.008041062757839,0.00108669392181358,0.00500888044089249,0.00102807814157533,0.00612244208084692,0.00101742864529566,0.0030530976175478,0.000916097426302744,0.00103521781925861,0.000987481992789869,0.00110919725940994,0.00084215831071694,0.00109284948981892,0.000834633473798588,0.00109316550011973,0.000832983087249168,0.00193747470664798,0.00452671277550985,0.0010344319130378,0.00592710471293039,0.00553103467059712,0.00507855752177263,0.000808251508931306,0.00110762564682558,0.00111509978412629,0.00560372574802117,0.000999308625787649,0.00100052539500923,0.00104169513497624,0.00092172477802567,0.00475661135536239,0.00763977339360007,0.00175786321282229,0.00797762806089643,0.00496895350037359,0.00132721990013183,0.00194444705838661,0.000865720933693128,0.00212531358793462,0.00102788553374906,0.00103214779419674,0.0011788944384916,0.00323768603657869,0.00473069498447699,0.00119466858092499,0.001091443870969,0.00121821055287437,0.00449857485616365,0.00377096949611501,0.00186805522920997,0.00110326326820784,0.00149625088072389,0.00481908937527805,0.0011219871777531,0.00116107915541739,0.00141687710469965,0.00139629955185112,0.0028440590279012,0.000977828765457949,0.00117715663397747,0.0021041847771526,0.00215173690482539,0.0021654716638895,0.0014443347929326,0.00348840542122904,0.00224404888779841,0.00111365861144831,0.00140760154174313,0.000735930977534836,0.00126885559441421,0.000933320522370081,0.00138627838032308,0.00102543737758367,0.00570249208385302,0.00088940606370629,0.000978154019500427,0.00101443327296536,0.00104831542344224,0.00513714477607834,0.00114380658589386,0.00113631355082885,0.00144137820394063,0.00101895438906974,0.00904817240689077,0.00622822632744536,0.00581758676809762,0.0046296032870297,0.000868185991255525,0.00203586196559253,0.00106291652724774,0.00307416803328451,0.0017343793852424,0.00103709076446821,0.00130447954334854,0.0012340403317237,0.00207109089171064,0.00100182435207758,0.00224932641245101,0.00102616088819462,0.00130585697516615,0.00133281169568483,0.00126908826375121,0.00199737283314972,0.00352788494677806,0.00590338844085019,0.00122182348877391,0.00290294480667127,0.00376521602308171,0.00122839403714473,0.000952425148741885,0.00101182066860819,0.00186979205528046,0.00262371604200783,0.00105435648758643,0.00287365249145615,0.00493175775617132,0.00119800978518958,0.000849094902878335,0.000817041115914616,0.0019970544284525,0.0040057790905148,0.00500885842101182,0.00318299103887658,0.00705717066979224,0.00354894713410501,0.00300430315752591,0.00198112311247582,0.00293257183286038,0.000923522973828708,0.00895163115769416,0.00502408935419451,0.00130156194691797,0.00121434791550803,0.00106646493356767,0.00117587832054561,0.00116654342797773,0.00105284564298781,0.0010560409641613,0.00112807221184867,0.00178751397136067,0.00131891895353828,0.00307142467880913,0.000981303268498609,0.00111611222638675,0.0011183506178096,0.00149006199410587,0.000978542822033322,0.00212073169500289,0.00139502141004222,0.00110178365321198,0.000947167143251976,0.00555401653532777,0.00455691143277302,0.00129231449845649,0.00145342505408987,0.00508189732241817,0.00139946601406211,0.00122984457595751,0.000971355487929819,0.00360598283847702,0.000862085511932184,0.00104039130140784,0.00133398378592058,0.00152030936518372,0.00126596635855529,0.00149858461730165,0.00122010759488864,0.00298818353266362,0.00496256196306981,0.000823243209092914,0.00124875868820077,0.00121906804714667,0.0011030520802826,0.00148485209890816,0.00140996988324256,0.00127005223510937,0.0015924652184543,0.00085063027393663,0.00100179040774892,0.00304582291756098,0.00406559697139359,0.00526411744980337,0.00146564971286483,0.00120335655682479,0.00664567066824385,0.00167423446944609,0.000999106391604155,0.000982481875946871,0.00105847294845449,0.00146355464872301,0.0051847300251535,0.0012154638891326,0.0012777681040328,0.00100250030421422,0.00110649566112555,0.00137500246555827,0.0031319805243047,0.00616547539419802,0.00172157860096234,0.000968321189376662,0.00458544149339052,0.000920186125194778,0.00109685881761628,0.000904786869909635,0.000866752156183937,0.00115759033060176,0.5,0.00463942269899247,0.00294052011611278,0.00382107355857556,0.00104210425173302
"TT0052",0.00113217979459167,0.00114680969967874,0.00403032538311608,0.00237782012769088,0.00119995767012679,0.00208932798671261,0.00289067029788275,0.00107214664393429,0.00361888626564931,0.000931992104736947,0.00457184173685628,0.000902769077729217,0.00088882173005063,0.000966890924022038,0.00087963184889235,0.000786691139354018,0.00100566162144239,0.00295411065940964,0.00292967939246126,0.00279319359683557,0.00311886488948895,0.00289866241074176,0.00107631937112629,0.00397365207087446,0.00102561935007898,0.00456323205603517,0.00301684900776573,0.00692885235899315,0.00144545369679481,0.000975118254363666,0.000855356992972915,0.00241629515992071,0.000904058576455627,0.000865708462995208,0.000984891810389774,0.000875038191372487,0.0025425581260872,0.00290410218865482,0.00281474923353912,0.00385685514411704,0.00124353914205757,0.0012873950262681,0.00229487383642934,0.00118848203894377,0.00114978059022469,0.00293068600416679,0.00295290153413575,0.00216265742428971,0.00109329264087125,0.0012525305878012,0.00116636885458951,0.00289458139732812,0.0011939267715855,0.00606461070565971,0.00346393837450547,0.00120822536490803,0.00123963617219891,0.00445741169427363,0.00622130376537629,0.00289033476298004,0.00111840970962675,0.00124522533261331,0.00116036922184892,0.00112804623324817,0.000922863838150999,0.00285000386989023,0.0010503128264241,0.00365942783440211,0.00112272310022614,0.00126921620251961,0.00107763969644239,0.00120611245090817,0.00275826790760417,0.00108620620570267,0.000933969349982704,0.0026442914908078,0.000814792990197083,0.00148869893850276,0.000983516138906598,0.00414904901283048,0.000839100978335988,0.000861855074640921,0.000882534259095573,0.00097595726020525,0.00469222244145278,0.00218219854400581,0.00128043007450499,0.00414150384955418,0.00208282524838507,0.00434200452923911,0.00564875641424649,0.00393859845096749,0.00585426455574992,0.000677399385792959,0.000954629568467999,0.0029522449085455,0.00198715823409512,0.00297973417768147,0.00285882460292429,0.00213718896416222,0.00275881862382329,0.00336004176147488,0.000842239364017899,0.00324596593797255,0.000950992032367868,0.00289523399621757,0.00225502996717412,0.00103492783399137,0.00324665162472669,0.00466822197896657,0.00658111145078502,0.00120526318123473,0.00289185764887212,0.00326318453655996,0.00108992319695599,0.000810242328530055,0.000927738352542789,0.000805896707498984,0.000726634376660758,0.00086837407896833,0.00094184122198704,0.00459241696974067,0.00296724052547749,0.000799739131424026,0.000893387060598999,0.00351437665239671,0.00601262179167242,0.00436383388381293,0.00305457197842241,0.00527115907436199,0.00312480656508597,0.00189327994583733,0.00277630227647627,0.00112240524789948,0.0026883980234811,0.00114492247147416,0.00416656722661054,0.00351139745261947,0.00122767620874849,0.00127997855154737,0.00108407120729995,0.0010122459844921,0.00277478595794304,0.000965559364239093,0.00150758102680307,0.000719708533001125,0.00125573762471597,0.00113443705647793,0.00117587209000067,0.00186907864934791,0.00114189305052188,0.00117263748726751,0.00115018853410642,0.00110460481607247,0.00122665937107445,0.00109100663528584,0.00296787159937936,0.00668052842672187,0.00234977352096642,0.00406299048933926,0.00421943639858422,0.00580589850454522,0.00281646674285041,0.00227265779942653,0.00101474882584576,0.00365405059201711,0.000704286320936847,0.00106388287037329,0.00117246055911957,0.000911556201419937,0.00116048808704064,0.00125835184835702,0.00124139087648403,0.00114395465652002,0.00244147646212166,0.00185343354238134,0.00275967126135523,0.00125041603943506,0.000994962478006823,0.00283361743907694,0.00417231792234373,0.00418477647211625,0.00599464363265105,0.00263162486654772,0.00321613163726166,0.00471915814470149,0.00127053303509172,0.0040091061830399,0.00205653414524951,0.000963039601396217,0.00337458654021412,0.00196995627778734,0.00125916447527532,0.00328868235627973,0.00114036228779641,0.00282052861566467,0.00543086075004069,0.00294384577985155,0.0012531659754224,0.00301296365824562,0.00317811777390658,0.0037541884138649,0.00223406999691165,0.00532837782568986,0.00331125021469235,0.00274479621653609,0.00410336933971709,0.00198475040567529,0.00121845732910453,0.00266089974862372,0.00112898904604691,0.00448818664979625,0.00463942269899247,0.5,0.00202051959347775,0.0031910280456647,0.00107878668529115
"AL0003",0.00100953410892855,0.00103373955800807,0.00324128422462677,0.0053703088415877,0.00462084162012673,0.00401149274726218,0.00432142276694548,0.00133816694296634,0.00123051730399554,0.000871684169951113,0.00131675219117395,0.000885548127206658,0.000857388393915185,0.000813133958190195,0.000812462136010173,0.00442259025849987,0.000959868366726249,0.00301105099455169,0.00115504786127918,0.00100168011407744,0.00100549134984216,0.0010232651942237,0.00696549308444822,0.00255305429581723,0.00115474068443859,0.00103815070302178,0.00422281200056389,0.0013230032243995,0.00127224589936735,0.000981341410560398,0.00120470214298057,0.00101184664616076,0.000794822653492532,0.000764109634632839,0.000873172326085656,0.000754736076882365,0.00107810618014657,0.00349150286426928,0.00130218247427692,0.00344668091204852,0.00143503338844929,0.00112385982652573,0.00127914434181561,0.000987984540417101,0.00457045405668185,0.00104682850158989,0.00117928215182276,0.00374688658938059,0.00788055601789257,0.00133060054140608,0.00585613060750924,0.00102169488115462,0.00207663161931979,0.00106299963020447,0.00116186254480239,0.00120857399278833,0.00110619983843121,0.0010270841305769,0.000968073382595057,0.00101351110860205,0.00287676946852315,0.00697842273281112,0.00737898400767218,0.00656258755536011,0.000832761476710481,0.00127296716453479,0.00382412118774243,0.00239032065200574,0.00404056482725214,0.00799632165099472,0.00146670654561097,0.00159466659952263,0.00709662186294361,0.00862957429657258,0.00068985103481231,0.00112498933050011,0.000701595389763478,0.00108434102854652,0.00084972554611455,0.00102140176419208,0.000714540607216668,0.000817594104520707,0.000751922802714446,0.000894911219738879,0.0012133515673761,0.00111349462939562,0.00115708405690166,0.00159054372121604,0.00198464071798379,0.00143270448489714,0.00333418709921549,0.00571078207871398,0.00137661497839208,0.00153047630085955,0.000895238544152033,0.00103367423482048,0.00826162708260288,0.000949336600914883,0.00393824465791448,0.00820264122770894,0.00231931586885462,0.00100967800523348,0.000730795119651189,0.00997873526803338,0.000807374954319067,0.00665462380055447,0.001430338263835,0.00256441957742861,0.00772753153539804,0.00100460992151073,0.00131598383118934,0.00236524512966683,0.0045159944904952,0.00325514800944621,0.00106001454154095,0.000716945300409641,0.000817381274211969,0.000761165234054834,0.000736267578247496,0.000791586263556139,0.000926088813981783,0.000931232425541275,0.00117129209875262,0.000663895362215381,0.00101861566807057,0.00257283558641713,0.0013173347642401,0.00129511814556325,0.00310062824462129,0.00146246941966705,0.00476106206181508,0.00447303417151137,0.00096200773440564,0.00479184880892286,0.000859783867946874,0.00110499743729157,0.0011802245673837,0.00513123217424999,0.00130632705141584,0.00106063456750717,0.00310642507898881,0.00113634947605951,0.00101445630306835,0.000938571974664524,0.00108014270169278,0.00131867271030248,0.0020608649706212,0.00674254182189677,0.000941351466731927,0.00262401854918448,0.00415350960976421,0.00605884914114074,0.000869299532604058,0.00375050887398047,0.00174225200291391,0.00103288927735558,0.00434937047573305,0.00198914965903773,0.000964232143050971,0.000803580016562617,0.00237058374575194,0.00216905000331275,0.00384706025583245,0.00200356805042762,0.000962920234183422,0.0010443713235026,0.000634417255878907,0.000985309540224354,0.00762623116881617,0.000797488096791174,0.00436805717712342,0.00702251816309028,0.00708667061014715,0.00241158827584748,0.000875992102974883,0.000793529556851936,0.00356167168800046,0.00600110358277912,0.00102106562868885,0.00131044428885264,0.00108233980679308,0.000974351957250866,0.00109279015734673,0.00079145039991464,0.00189384733578028,0.00110025331324691,0.00901250223546317,0.00140691849866945,0.00430115801211857,0.00114451560764153,0.00352740956216196,0.00107766380981261,0.00132024749311196,0.00112899379659983,0.00450221074403081,0.00133805687808521,0.00122431640680052,0.00121677410329536,0.00130762284026123,0.00208090701604283,0.00277752046197244,0.00153951820677638,0.00180372414995632,0.00126809412232536,0.00107987164267633,0.00193849052085426,0.00107974119283578,0.000988822235420821,0.00110908643627629,0.000971721850022275,0.000883167795179948,0.00108163265807703,0.00294052011611278,0.00202051959347775,0.5,0.00690278125312275,0.000874741441418914
"AL0002",0.00107309765463288,0.00108741781749275,0.00348916788650871,0.00255974369088105,0.00398647842254937,0.00360460694313031,0.00402223940814534,0.00411372045566925,0.00114579916400364,0.00106988274908239,0.00351268791344324,0.0020587131173987,0.000988150454784017,0.00188220261116296,0.00086900551021164,0.000716307248383569,0.0011972108931354,0.000994302037137235,0.00100712891833723,0.00117734799460689,0.00100997445828253,0.00121855300117749,0.00123998891352725,0.00256508311644579,0.00115899777531747,0.0028675867577449,0.00138945690053486,0.00460789486587329,0.00088919514423586,0.00106047800645397,0.000860553249751135,0.000984380247741447,0.000879232202345998,0.000843985456656155,0.000926585101057013,0.000982510078436768,0.00104293226164157,0.00412651806988557,0.00119422211402171,0.00194211411083687,0.0014917740678982,0.00114487208382457,0.00112903145690138,0.00201099149035418,0.00130233146521506,0.00102382120680734,0.00100349911854573,0.00396273623426793,0.00630353531647604,0.0015279169755912,0.00660997788147975,0.000984239777944738,0.00107617135471834,0.00107894288424394,0.00125358413198227,0.00101478872724158,0.00107894236702405,0.00105630234797543,0.00098546395456567,0.000970304851919874,0.00101502569826305,0.00727803309208662,0.00754369301382648,0.00408597151155237,0.000917919464822555,0.00117957958293587,0.00417827887335834,0.00423570500348791,0.00129980783342101,0.00892417222257526,0.00230502226363779,0.00151574287614945,0.00636386597514234,0.00144084503944697,0.00103042650139572,0.00103474306954626,0.00169782593606108,0.00111398450807461,0.000823796418613456,0.00102058409555258,0.000877997528197203,0.000981611018726402,0.00268190335000701,0.000970521482517142,0.00127289454891683,0.00105535310908623,0.00102579015552213,0.00133393137251903,0.00214910662259553,0.00135199790509717,0.00131340408230189,0.00140756442925842,0.00138540543511071,0.000650436787085586,0.000905586640227975,0.000988068788405477,0.00676337630088375,0.000971701253078688,0.00434460869165526,0.00896175829211424,0.00321110064718584,0.00213525416441051,0.000868695076531563,0.00905176494599265,0.00194259571941995,0.00710940768017271,0.00367920598634984,0.00369362676183532,0.00926978002738702,0.00298458437175497,0.00347249638520413,0.00147352685345931,0.00341154756927842,0.00213206715853895,0.00127326572683301,0.000826075429078438,0.000869273805137833,0.000848217438614166,0.000776253700772624,0.000867337723859508,0.00268823527324493,0.00188093937584701,0.00378893910535669,0.000724498310278072,0.00288462061392787,0.00390914544302138,0.00371608990488915,0.00133070531316804,0.00525219659568292,0.00142528382619614,0.00523856745753123,0.00239785609595197,0.000931549408304546,0.00381178823988047,0.000817863842124125,0.001905926996972,0.00122060798383249,0.00328284476925247,0.00107733354794578,0.000911426300424719,0.00105683583700083,0.0020220734251444,0.000916766459592225,0.000893879710940916,0.0009656284819511,0.000770580607652764,0.001659458387065,0.00831669284474229,0.000902517538575675,0.00293307924226558,0.00236743341764886,0.00238963571149883,0.000836419425224243,0.00149643395223586,0.00176040159626062,0.00100047923468612,0.00159246286351624,0.00216869271776462,0.000963198430852743,0.000885221081760591,0.00102421929928865,0.0034550952573648,0.00566115426998896,0.00114024468532485,0.000844925056468458,0.000987551800502705,0.000706463284263672,0.0009746385062586,0.00699964242560624,0.00166670104430356,0.00494572039042958,0.00801362000437768,0.00647922575247842,0.00351701174721007,0.0009189776779377,0.000798519036382884,0.00108806061524581,0.00744997541936165,0.00109907194638824,0.00147000520402513,0.00105466619092218,0.00200997676980301,0.00106145138768499,0.000797516316923557,0.000906766679435782,0.0020795745454906,0.0105927962380415,0.00144932372442719,0.00172968613903293,0.00291829914172597,0.00229687768479482,0.00290221241913424,0.0012120995395203,0.00347121358450514,0.0051457283075092,0.00230715126138648,0.00118910422666658,0.00116852156920819,0.0011909673418376,0.00161985163642208,0.000930093422888356,0.00388920597194967,0.00150353492372257,0.0032588795024905,0.00341620904050813,0.00209719196627505,0.000972626133921019,0.00094564212975611,0.00199211361880219,0.000914733450719563,0.00277481389931455,0.000993007408364207,0.00382107355857556,0.0031910280456647,0.00690278125312275,0.5,0.000891332330689876
"AL0004",0.00352037085824621,0.00316872026327021,0.00111153642085642,0.00326293899915138,0.00084321094631811,0.00270238330043972,0.000910013345509868,0.000972509482634066,0.00297143333927307,0.00408439630745608,0.00115046713844084,0.00315918985093205,0.00316218267823158,0.00315775442701081,0.00303070698044347,0.000871651872588434,0.00319858046869164,0.00154332663004089,0.00126112702202498,0.00124433579736653,0.00630594871121271,0.00378969575918583,0.00257502792392364,0.00204975796437716,0.00116215576938539,0.000901976182256149,0.00109056642699929,0.000927706776253491,0.00416481911844964,0.00301099645789216,0.00322241095045059,0.00099070245140839,0.00331990720961715,0.00398795344645093,0.00301249216166042,0.00309090199158922,0.00114466082114056,0.00188120744497578,0.00102523478578946,0.00110002271021505,0.00223377979327476,0.00581158315521571,0.00457674598286977,0.0012354227199629,0.00296938880672459,0.00414480800223042,0.00131020932712316,0.00200587256499751,0.000918365426583482,0.0035209845234874,0.00339896685191503,0.00511040926037901,0.00364041375779994,0.00225099308542383,0.0035257006294678,0.00116978534713879,0.00299874452368787,0.00111875923875562,0.00284333395436095,0.00298146956169936,0.00332730522358737,0.00101871303822605,0.000899256959785311,0.000819309340977195,0.00308276372448019,0.0010726987682182,0.000851438701929501,0.00322373915902307,0.00479238861716967,0.000917838557648966,0.000876353786661861,0.00122042171938587,0.00201442898717464,0.0027235556207522,0.0010576186151174,0.000905725275159387,0.00304426053755336,0.000831224399163256,0.00100278580373992,0.000972432187148306,0.00309118234741801,0.00306662713460186,0.0030179359489181,0.00335895446382895,0.00110262944691442,0.00417751268092516,0.00231582521049855,0.00333905452431372,0.0020814866261189,0.000922517521844351,0.00221296583319249,0.000880372003690837,0.00111295952061863,0.000884503850749138,0.00324331499836412,0.00311993399812635,0.000970265896170692,0.00592437733379875,0.00116131900039342,0.000901849200502233,0.00100374383721281,0.00591943234216707,0.00315772922695184,0.000834743510500014,0.00315571926993281,0.00101910281089481,0.00112695421449404,0.00087428606503149,0.000867244794015956,0.00336932549282655,0.0010664137888255,0.000881604644975059,0.000939268841916909,0.00555268915963655,0.00309738328390535,0.00304023454930612,0.00304537891044834,0.00397815093375366,0.00365523933641182,0.00355104840130953,0.00357701176427736,0.000931733970891045,0.00362152205041549,0.0035723568607805,0.000962374904204444,0.000896852117765342,0.00230684813555129,0.00185605302319766,0.00347839352120957,0.00197154501760886,0.000938181501853828,0.000872179896567059,0.00379043787911352,0.000809511985751869,0.00682928210935223,0.0038634753804401,0.00174990865796825,0.000904965917590129,0.000954303354411756,0.0033954368418092,0.000857879342277963,0.0033369391511307,0.00387100524178536,0.00449074544465544,0.00197924460967054,0.00362153814784329,0.000785233530431604,0.000846945454762008,0.00582327185588493,0.0032058386465003,0.0010970551936643,0.000954623436651097,0.00496877184961326,0.000877422596748377,0.00106763921634064,0.00567825148692939,0.00217742409060634,0.00214761630444968,0.00110671615847354,0.00110268990760405,0.000947664183952762,0.000889411331568722,0.00104168732036367,0.00225803552485528,0.000973525837503754,0.00339814134452546,0.00344225170054789,0.00582945500622305,0.00329760696048698,0.00639186124830973,0.000884022742117027,0.00204184651104746,0.00113333110957589,0.00342294298390913,0.00105866848713133,0.00536566919887273,0.00104612513225263,0.00192085727206103,0.00457347066988443,0.000895503561281226,0.00110058193753649,0.00100289843510237,0.00203629429897263,0.00578504042188931,0.00212555571332187,0.000916325025722654,0.00083415072226203,0.00092023723795249,0.000755111005423109,0.00346769836435055,0.00215738628230653,0.00466859987451417,0.00331157848130364,0.00196962056999782,0.00194659966620713,0.000897164661800798,0.000947919155092603,0.00114259317648559,0.00444613367676465,0.00146112511941977,0.00487820249087125,0.00213154641934042,0.000877771947103484,0.00102126899425881,0.00369550516602462,0.00109271593957699,0.00186481635072366,0.0046567729874905,0.000916234218235245,0.00366281868922643,0.00102106211690342,0.00119213294947366,0.00104210425173302,0.00107878668529115,0.000874741441418914,0.000891332330689876,0.5
